0.28926760575479704
0.38691787966261815
0.3881287008934558
0.3893617113439068
0.34482842504473654
0.24825805945500687
0.2486291885896394
0.2490480920945103
0.2437492526708637
0.24513475821497377
0.246234367142126
0.24737266367564636
0.24256729926887957
0.24335730442762712
0.24422078693971674
0.24439394433183945
0.23908169285781555
0.23947496737804813
0.23987792040380146
0.24029380420704227
0.2388417604420323
0.23941913136712453
0.23983551053913918
0.23966533135923476
0.2463337739684012
0.24723051920722208
0.24816514234218473
0.2491457654665276
0.25960257131973485
0.25928807881719673
0.257676457710854
0.2572353248965544
0.2620455578088601
0.26108703273349765
0.26013488718371275
0.25915589818687607
0.25858446525600964
0.2563967838407594
0.2551779572242688
0.25400083256428835
0.24894408792619394
0.24878212205125452
0.24860726388995558
0.2483125798736568
0.6678751083965537
0.6077677179210111
0.5726154571537772
0.6050389886217887
0.5997057333571585
0.596263287367464
0.5970828116548852
0.5972164351008407
0.5976739470106892
0.5973506039333133
0.5923969591963772
0.5969936372396782
0.5940235631441754
0.5911958646475343
0.5940599073777192
0.6004154443130146
0.372625393206576
0.4812827368404219
0.4876286077231418
0.47920419881158227
0.6946976853838217
0.5622395051153047
0.5507074002706768
0.5271038049251595
0.5732136514181867
0.5693193843349087
0.5557215905351196
0.5524455766291181
0.585706495953898
0.5909267402240809
0.5570433094412203
0.5565116660379168
0.6400135952948578
0.31284761355827695
0.31117554874833736
0.3000050880458738
0.29180163439671986
0.28899146969193956
0.28920019889524323
0.28933040200071114
0.2838990480737424
0.2830444501134652
0.2823186942580924
0.2817028266014576
0.2700639135705671
0.2700854133347417
0.2699556831963522
0.2698865938357857
0.25525747965291007
0.2553343820158708
0.25547027896802155
0.25498534629803316
0.28815912175651
0.38519388892971623
0.38535800694877215
0.38553814352418947
0.3440737893436914
0.24776851294036664
0.2483914799109579
0.2479264784434016
0.2435749098155986
0.24409837073129875
0.24463499756881318
0.24518455153026442
0.2399355438361737
0.24023396969199406
0.2396547471194279
0.24015792270972017
0.23447838808862417
0.23460550338172287
0.2347453533519901
0.23489735936640496
0.23295189642578912
0.23235819155604404
0.2323575949230922
0.23242225142902082
0.23841242720425268
0.23892836321769836
0.23944599196125474
0.23996309881731737
0.2508303931472994
0.2499162674771778
0.25039055621395545
0.25039164774400186
0.2559381683229079
0.25563614878947355
0.25533936997684425
0.2549548519018427
0.2544116826073505
0.25389169716580906
0.2531815502776805
0.2525305276367473
0.2474043142696363
0.24716981906370572
0.2471451500819886
0.24660894679492887
0.6695797752900962
0.6078002015006095
0.5128472749354145
0.5516584577141085
0.5416142186768256
0.5340753720472706
0.5281291834404902
0.531013212013887
0.5216566838874336
0.5222899348352646
0.5225098240626346
0.5152413021121313
0.5166006815449115
0.5163442900500319
0.5215763042737218
0.5204777028468549
0.35115152932019306
0.48504901382376997
0.4844216344966183
0.48611251138086864
0.5572101913004476
0.4320695779225257
0.42742030837142
0.4168595307416947
0.45156062657072465
0.44573471546632126
0.4414574538016428
0.43809603175082973
0.4706706154786495
0.46628709429363996
0.4621689133996111
0.4577454581234445
0.6503974890605736
0.28648130969680574
0.31491940948914865
0.30379179027442854
0.29527256217568326
0.29333496637776624
0.2917749179936465
0.2905465905900921
0.2850416021289397
0.28411834572884215
0.28334008836456626
0.28163249560283016
0.27110628633858924
0.2707427653847077
0.27045328627563225
0.2702262524590564
0.2552398734868042
0.25494164097780947
0.2538855883360062
0.25378339451262033
0.28261638546648404
0.38289799991242446
0.38264364399442347
0.3861185033877562
0.34398286348827334
0.24640149557906826
0.2455915826676463
0.2455761775098937
0.24051111075737774
0.24075961579540292
0.24103564340094347
0.24133469275126737
0.23594857753858278
0.23513023731553734
0.2356677490128357
0.2359291883990266
0.230319111841708
0.2305026526943879
0.2306846637328177
0.2308913677473989
0.22859455899199113
0.22911276344359421
0.22959703733513678
0.23008210765704856
0.2358380977166085
0.2361376291030427
0.23644503818889218
0.23646069857801544
0.24646695521093795
0.24672971793146617
0.24686127980714723
0.2470299827049463
0.25289560913877407
0.2529391532316687
0.25301455068777995
0.25216573698724243
0.253001922866993
0.2526257652348425
0.2522764696665198
0.2519582130573678
0.24730297678079877
0.24751468504697882
0.24697459675109376
0.24717196235808958
0.6695032692259701
0.5788776676508405
0.5064237039377033
0.5508667859537529
0.5388976735442607
0.5354456199132472
0.5311951721729257
0.5243151992214198
0.5189925445267172
0.5283224625794395
0.5035577920629303
0.5003680353550571
0.45439947292765054
0.3975640651934218
0.3632303399371444
0.36737293666349324
0.3762755693189334
0.5048664590983062
0.504276295649286
0.5036815170807731
0.51963103122031
0.38380696574023115
0.3872624811245983
0.39005013925747173
0.41350198445041797
0.41357713919383177
0.40371330884172335
0.41204684972157063
0.41484146846414033
0.4181962202084812
0.42088306148173005
0.4104123045810163
0.6601627043885079
0.297373560258154
0.32155085930900873
0.313008670411653
0.3057523091881755
0.3036742581792343
0.30210892523823535
0.3009129783232896
0.2955614404452279
0.2945309420651744
0.2933628729071321
0.29180636006820665
0.28071606719755515
0.2801834903597718
0.2797442405273348
0.27937326188323497
0.26471013694799644
0.2638364336847932
0.26422883575658973
0.2644832026270603
0.29613468105903784
0.39213729691988186
0.3912609624527078
0.390393480007066
0.3503585086638057
0.25300019911457416
0.2530368609632507
0.25296607645222347
0.24768791719539737
0.24772548716912543
0.2477905523219091
0.2477213392558204
0.24156129416170832
0.2420947984510803
0.24242703302087545
0.24282941450825093
0.2368806502486677
0.23675169269476318
0.2366582853929158
0.23570613686603428
0.2341070217177806
0.2342973933696318
0.234494527353482
0.2346976764442773
0.23998105310826964
0.23985471503576458
0.2392829888280309
0.23886553547894318
0.24973739007515763
0.24987112302547768
0.2493886209994404
0.24891989774605167
0.25348055183604906
0.2522950344494794
0.2501657345084375
0.24951288582216444
0.2501506892136773
0.24991605980501788
0.2500550154335692
0.2504112567422516
0.24546957147782
0.2444400226616247
0.2444014212122498
0.24412224444771546
0.6693903129766229
0.6969483035229969
0.5395876880722204
0.5683630352700687
0.5699498137489662
0.5624303175160263
0.5588938691390392
0.5567495395190407
0.5532842583285952
0.5526315281081272
0.5616150072779822
0.564470601473625
0.6025413290803293
0.6046286312843286
0.6070860665261216
0.609784028344934
0.38693266794845266
0.48059543165881247
0.4757944479601519
0.47485143363684407
0.7523713617569866
0.6246730357899597
0.6143820905231872
0.5996814661962143
0.6379306360050395
0.6295156905973102
0.6417527992797623
0.6393905932700089
0.6560453263671102
0.654878658289944
0.6536766122959045
0.6525534103108672
0.6129171584840858
0.3288506182802276
0.3012991035090638
0.2914661434556531
0.2846188119912552
0.2830495443577
0.2818213027080501
0.2808103629578701
0.2747721937646007
0.273432180080068
0.27262321324996064
0.2718319634208826
0.26100135273512765
0.260657138674695
0.260367320240957
0.26012276773540566
0.2442560125147972
0.2444058540986416
0.24426519564499083
0.24415108549348039
0.259671838818979
0.35902946611898756
0.36153975545253075
0.36345916571838927
0.33216377927888036
0.23579173035618733
0.23634417292722557
0.2371073417823102
0.2314641105335309
0.23114799575885686
0.23042072842635808
0.22984116102276433
0.22428696469801138
0.22420854928095574
0.22414649831811073
0.22409752632310243
0.21853081426424836
0.21875749928442473
0.2180109547610871
0.21853704047795142
0.21665898265657393
0.21680702980868363
0.21699156577929107
0.2172038312135643
0.23159660805256121
0.2362258096672722
0.2358639457390414
0.23476843817213566
0.2537094698562298
0.24718246829308715
0.2499169273890099
0.24213370467612422
0.265577467836524
0.2646457805438845
0.2643867123122451
0.2740786237847758
0.258342798757459
0.266209728850629
0.2637086904356535
0.2715580306120688
0.26541223338181696
0.25160343156654963
0.252895492545294
0.2431316386754913
0.6693190955734228
0.7658525291751235
0.7659016488212181
0.7659392871853717
0.7772745166490503
0.7772756134656978
0.7772817985750353
0.7772897280467248
0.7446884077755134
0.5905970823360335
0.5802332225547668
0.5744925819986324
0.5696062092259366
0.5663666017835776
0.5621855420819695
0.5577402662663988
0.4170795420584066
0.4757422252552731
0.47471406956241596
0.47504447858571425
0.6994351599802181
0.5694192800208634
0.5672180726687148
0.564731861219464
0.5942175104794472
0.596886010397471
0.5911818858568408
0.5876373230756956
0.6048548754936689
0.6036921469467819
0.6022311823717634
0.6006037391452244
0.5838555160207549
0.29562438861460016
0.30597834417581093
0.2962786415791607
0.2896920057259167
0.2885030351485029
0.2877168337652734
0.2866456797280664
0.28157064507988094
0.28128847232088583
0.2810651665265467
0.2809342738004705
0.27019059231999537
0.2699345100777798
0.26942899008160537
0.2688439105268995
0.2540776921083655
0.2539514596618113
0.2538784326804153
0.25384555030151124
0.2850915122809364
0.38196738335944425
0.3812730341218254
0.38114680731005346
0.34206197443772074
0.24559388655577483
0.2460335231885734
0.24648968227921775
0.24130713444353996
0.2408877039071933
0.24079196743834821
0.24095694331078957
0.2357190351148537
0.23602303692151264
0.23633224006680453
0.23664628044781602
0.23088746761304912
0.2307781743231266
0.23111527082009645
0.23145924373843635
0.22983676092044286
0.23019427441232357
0.23055497920839912
0.23091916997275022
0.23608327155419248
0.23634682612541877
0.23691035651142875
0.23741159114366622
0.24788739433818627
0.24779239629524372
0.24701600023115086
0.24558703390978934
0.25016239073244734
0.2491984489241906
0.24816877679905394
0.24709763947798052
0.24696922208855
0.2461056717067874
0.25602173355679747
0.2476653551257177
0.24293261427672833
0.2403034399230743
0.2531689174551983
0.25282764505556377
0.6691775383117267
0.7100932462677487
0.6062736358820311
0.644593847771547
0.6375057284022354
0.6330472313492422
0.6242840879995804
0.6221912564651104
0.6172657973921927
0.6184345288133548
0.6160570960086045
0.6155213678010376
0.6173821023095333
0.619679438994194
0.6224825889919132
0.6326331897499614
0.49528282375664123
0.5361780724739745
0.4996598525047109
0.5006563010256074
0.7842616404765756
0.6491832060578698
0.6445798823340735
0.6418433059730813
0.6554915591337707
0.6501502183658807
0.6448283690483619
0.6271719791932908
0.6309910578268328
0.6411251614181179
0.629972341599882
0.6330145045812088
0.6222204141517315
0.3538380567562572
0.3067186887311564
0.29682107552882175
0.2905204671794916
0.28956380092123946
0.28835790460894695
0.2878672698218505
0.28258430110980465
0.2819045835748609
0.2814432591658658
0.2811678244877334
0.2710002795857154
0.27092908185857284
0.27099922753510086
0.2713826520514293
0.25746548890684845
0.258191127140907
0.2589562720192426
0.2597618721028237
0.3041695308972079
0.3984132642699685
0.3962884954951105
0.3944018909908486
0.3461289885067575
0.24942100475211773
0.2496228286989203
0.24984510376135577
0.24438200992516684
0.24465295616914987
0.24513285272380947
0.24560118257809144
0.2406775227883575
0.2412874766417469
0.2418969783222514
0.24213934602587645
0.23659862582089514
0.23685932484766353
0.23746313126141178
0.23797520209056944
0.23675245793084607
0.2375162555372535
0.23829067092374048
0.23835239208737297
0.24414859933741584
0.24464732562316963
0.24505510844376355
0.24546864706308796
0.25641489229039194
0.2567770825693721
0.2564584023946511
0.2564969326108052
0.26207137557941834
0.26172630951960074
0.26135638355028895
0.2609729828741732
0.26139598786629475
0.26053186888781554
0.2598994544346702
0.25915480021527937
0.25453127267076314
0.25461261163166155
0.25467519025382596
0.2547165253983856
0.6694563888736538
0.5028095280117771
0.5078106705059007
0.5032826582994555
0.5033801228962717
0.498621817723677
0.4962127098478262
0.4717933860361861
0.39175532547398
0.36460115782702573
0.37213260204505255
0.38072508601558025
0.39765102562925236
0.38793876527688276
0.351482290376479
0.36095873701479564
0.38625406562079695
0.5159537511154187
0.516390636370252
0.5168260127169501
0.48361728115221153
0.3547880364124318
0.35469701145563537
0.3546895574591147
0.3757315294202156
0.37608114531401904
0.37632365651359556
0.376540328173951
0.38676242108380265
0.3867035072145918
0.3867928936367405
0.40658308901262147
0.6192610195994755
0.30261016375766203
0.3256010123526566
0.3170820881081662
0.3084004174361679
0.3053965185135786
0.3036070418795064
0.3022966557109602
0.296752887596254
0.2958058901769386
0.2950161037815256
0.2943517655952352
0.28299670782402214
0.2823670667394854
0.28214848069935755
0.2819327094903952
0.2668871788521726
0.2665236196859084
0.2661972558953547
0.26556243423547526
0.29819104925468765
0.39462790140220033
0.3946789311406706
0.39460331334738
0.3529667566320347
0.25637499595603164
0.2567456160833879
0.25651297387264793
0.25117890249955016
0.25127862910747617
0.25132111534379126
0.25258341597050776
0.24734092116260475
0.24759717892256933
0.24739720034848026
0.2473246546837999
0.241903106736198
0.24221654059980402
0.24254535168149804
0.2428877620363594
0.24093234093726035
0.24061587967385903
0.24044556700671993
0.2401373690720244
0.24585886521113884
0.24597740013434707
0.24609548125312555
0.24621552370941144
0.2570496048176757
0.25663914193338183
0.2567873297574345
0.2570667114812496
0.26301501470474764
0.2631197738230603
0.26323298984796956
0.263347987236768
0.2639457924382432
0.2636737843146628
0.26378222361121095
0.2638671689790845
0.2589304200136897
0.2588613787353833
0.25879247551933
0.2584170079397053
0.6210777465560734
0.4811695335652507
0.5203302574102613
0.5115477568669443
0.4942176260064366
0.49429453832594095
0.40320825899589
0.39695238943637734
0.3824925623474983
0.3422315172273564
0.3431654732350395
0.34399416927878573
0.34477292275883226
0.345458555594073
0.34542113716853673
0.34585387026114633
0.3808601479746084
0.50891972441321
0.5077724083524814
0.5065941054666879
0.4865901759493256
0.35716299862027073
0.3571086280076079
0.3573696225574072
0.3781044075392222
0.37818447373939956
0.37831361036506256
0.378490130152149
0.3880442237920192
0.38788212416166523
0.3878287624556127
0.3875246527574998
0.6160032055724732
0.3045763342180923
0.32688955483799004
0.31846354746085626
0.3093288107107078
0.30648773469355794
0.30421085323941954
0.30227932391695506
0.2967213580627289
0.29517348693554735
0.2942817986157212
0.29380864294339604
0.2826540304032046
0.28199841956168764
0.2814196314988947
0.2809121205080419
0.26552896333473913
0.2649099278613216
0.26484872581318564
0.2647928167510915
0.28920166299696176
0.38587577404708057
0.3856918811555934
0.38484457588189286
0.3518708803331453
0.2543917318461251
0.25428236924423403
0.2540388354820146
0.24882637667166332
0.24891479347573886
0.24903413047125778
0.24856367970995458
0.2424964955359905
0.24225185175952074
0.24194575382091474
0.24111941166708153
0.23490911736851097
0.23451930152147699
0.23376781559928364
0.23303798773591622
0.23117903828502856
0.23126308786454053
0.23136150316749987
0.23145588969348949
0.23694692796297626
0.23695831021002162
0.23631875472944314
0.2362444172929053
0.24674319572856668
0.24644826821945245
0.2461548441524062
0.2458520708579064
0.25159904948337714
0.2509189692127051
0.2505891747049619
0.25053720708700616
0.25070377190994786
0.24991186260006576
0.2491185782535608
0.24833811434435052
0.24287518140824657
0.24229389552056135
0.24218019844058541
0.24203953971198494
0.6691935637210991
0.6835491173865157
0.5310148216540284
0.5532634059518944
0.5525626320228002
0.5393929029584205
0.5310613345015169
0.5230907751941962
0.5166261613696119
0.5134936693246751
0.5100878383893087
0.42074997845182843
0.40198104777542626
0.3864093388506694
0.39376393740961474
0.3651071967873618
0.35867926172978637
0.48862849829775673
0.4889788077901953
0.4898626393636827
0.5324148401434197
0.3904453990181086
0.35821660047384823
0.36631491150125056
0.3938851430657416
0.38196351874967926
0.39409594656088714
0.3855510198819245
0.3973010067965482
0.39579459076667534
0.38873246422658836
0.39009911340127773
0.5888678515358383
0.3041749768745935
0.3266983383204111
0.31864935546552836
0.30794171537875564
0.3037794912814019
0.30032076941705815
0.297414676265394
0.2929697519465753
0.29393722743413403
0.29539510083148046
0.29694945038523585
0.2864155709205879
0.28638485962969157
0.28641949062868555
0.28595466548665577
0.2703442587787594
0.26969035626012267
0.26901148988112683
0.268367211559387
0.29564694203280995
0.3935176170603932
0.3941655815353583
0.39483608304149004
0.35636229606472025
0.2594036054335538
0.25934631204530106
0.2593012473426794
0.2549957845049077
0.25600553514520363
0.25632726159423225
0.25727487389646836
0.2523501066086251
0.25287103639359887
0.2534043646507267
0.25394729469237093
0.24737423503003622
0.24613259947550578
0.2450767528469476
0.2444664875461531
0.24011590774284694
0.23804058288555366
0.23628909645761864
0.23488835187448523
0.24053466884919678
0.2408141839170875
0.24117380776419278
0.24183921938174463
0.2520943005073914
0.2517089734069438
0.2512506954081862
0.2507460068415549
0.2554540240190824
0.25488628441599065
0.25430571699559934
0.25359312597927103
0.2539688917629195
0.2534089334669983
0.2531013179953263
0.25245036410456956
0.2465594869028626
0.24601232562175004
0.24543173701401433
0.24493613487141058
0.6691968869872722
0.5960395925442725
0.5121531181180184
0.5491068710596491
0.5424603716237419
0.539838988166321
0.5385265760912609
0.5378983721160413
0.5330113274497524
0.5319227961953716
0.5348357665909662
0.5307531058734145
0.5262832611852208
0.5214424605424535
0.519201428795803
0.518152769821114
0.35814361895790164
0.48937518983547734
0.48675953660774635
0.48676847999192974
0.6261603275572064
0.4922366625518446
0.48693584943952534
0.4806844845410175
0.5201432780348131
0.5178584298167908
0.5148731767171943
0.5127205610653389
0.5329263987583996
0.5299994820730441
0.5270050712072825
0.5277168786683534
0.6188876168120013
0.28370917378448623
0.312566987405967
0.30266477588771556
0.29500190741216065
0.29310206307432224
0.2913410330611078
0.2900131140759739
0.2843227764143896
0.2836658331936799
0.28301839211941565
0.2824874147891214
0.2717230118890955
0.27149321956896316
0.2706980125624773
0.27060182007106287
0.2558005143946157
0.2556213146731689
0.2554783246407166
0.2553661195535547
0.28395510334899254
0.38138273017965507
0.3820697929037059
0.3831503618186348
0.34365810356240917
0.2465399731888565
0.24643657799876126
0.246424638017773
0.2409026301241848
0.24079988517574666
0.24058447370745487
0.24082061781383643
0.23540153481340204
0.23552734498614844
0.23565885799338482
0.23579505457395403
0.22961159386423988
0.22978556905609948
0.23010432692186192
0.23039375276518342
0.22865283091687358
0.2288987478094737
0.22915150755014602
0.229000006916872
0.23441963768416146
0.2346701096563252
0.23503697013641298
0.23543149416372783
0.24657241681648273
0.24707579349461628
0.24731323737030658
0.2476237379033962
0.25246746052823116
0.25204307864259795
0.2514135523049505
0.2508043606669325
0.25129078488841844
0.250805623882362
0.24979723436081247
0.24933783198099652
0.2441564304680207
0.2438387448224876
0.24341035019531412
0.24284324192978757
0.6688644255613616
0.7378960750490574
0.5762026052252894
0.5704183953127715
0.6108110552541286
0.6074926258270421
0.6060979842355476
0.6047087286652628
0.6021367797037838
0.5887267073993111
0.5863335812747406
0.6112579563652971
0.6126260146108697
0.6148142909657274
0.6173104811545844
0.6214090843855967
0.4473959982723786
0.47744993460876534
0.48502875272042056
0.4816736081975113
0.7537722408634169
0.6178738050765326
0.615142692151497
0.6170550147529611
0.6400825611645642
0.6282251643174025
0.6232832627379054
0.6054045115231504
0.6102620573519263
0.6197264391064335
0.6226149641749843
0.6196810311832858
0.6135138701534674
0.32192957765011926
0.30504476747762094
0.29585288870936655
0.289401784074027
0.2879452721108135
0.28684918042082425
0.285993680983124
0.280808811095111
0.28063599874288647
0.28038803685171715
0.28019793167513324
0.26980255204791764
0.2698031229671703
0.26985623193659003
0.2696408731518827
0.25444799853714567
0.253902281080421
0.2534113718236505
0.25343987049305544
0.2876177041096205
0.38394684389347544
0.38339890292644907
0.3823351455287972
0.3408567387156087
0.24404939884617458
0.24440546223688106
0.24478572760464826
0.23974558449038716
0.2399965301986298
0.23983116569866783
0.24012961642030037
0.2349692630287155
0.23524276672330277
0.23595948695256996
0.2365544972064517
0.23102033985494727
0.23098074462759224
0.2311585018795926
0.2312578515691421
0.22883471642668257
0.22877803822679318
0.22866896986312782
0.2285973230107437
0.2343776622785408
0.23416484201522228
0.23452767962264384
0.23461247050616155
0.24554817606325705
0.24556238352845763
0.24529548116226885
0.24505687377371776
0.24935707392033893
0.24841309658619107
0.24741803982304372
0.2463660363904747
0.24665857054750387
0.2535674846285772
0.24647704765621678
0.2595190140414981
0.2546789110254151
0.25556708063986006
0.26210600288824065
0.26329454900218907
0.6692760191675149
0.6502446068465629
0.6355497473179027
0.6344096435343597
0.6166946117906019
0.612805440247636
0.6100905249534722
0.6070115163122578
0.6013903077399007
0.5981358040050115
0.6001790625321308
0.598633815447555
0.6004220695640617
0.6027030478974975
0.6049358654347972
0.6071340774517827
0.4071450025672693
0.4925712246926103
0.4918990981431559
0.490296016699593
0.765408638790592
0.6300434997146195
0.6279182008590807
0.624863566487261
0.6513951985772564
0.6483641346173674
0.6453876758504542
0.642527592780542
0.6601549887283799
0.6604612919586219
0.66026345234335
0.6611601375134613
0.6303787997366022
0.36662245707295177
0.303150013190173
0.2994856531413006
0.2927124252239645
0.2921893168750199
0.291442912837089
0.2906602737864372
0.27960679157372414
0.2890434408216983
0.2790321149323328
0.2792700021702899
0.2689138423336549
0.26906110024251484
0.26888797943283727
0.26921505649094474
0.25411757829127163
0.2535817296833207
0.2534603129680384
0.25329269172630653
0.2895571820192301
0.3893503013063583
0.39201808396146703
0.39517675785118844
0.3452108468443805
0.2489635196122435
0.2496179662061613
0.25028912114949
0.24471792895099728
0.24397848882437487
0.24389661286202718
0.24350144569771173
0.23904386269111572
0.2406894721594016
0.24227374049633219
0.24393812222309474
0.23811343362739715
0.23846703630849064
0.23864600185848323
0.23869640764939118
0.23671593261360674
0.23665441334462153
0.2366032943694355
0.23654999592969878
0.24233456802637898
0.24337252363754233
0.24406919890265702
0.24501494061008414
0.254605480337262
0.2534498573624928
0.2519786070862076
0.24993940658477642
0.25474852731603703
0.2535042167541473
0.25211141615421034
0.25113481664272985
0.25170487867271985
0.2514322307491736
0.25098659807418855
0.25099948385013476
0.24548600348956448
0.24467747567930156
0.24417549762444563
0.253428324056735
0.6690107475916398
0.6444861643362748
0.5904983722764706
0.6386468428397409
0.6196360860296242
0.6152219422017122
0.612167018767464
0.6091002801374537
0.6058966882225343
0.6095115345000274
0.6084864918285506
0.609945880601161
0.6120114193176676
0.6144403387365639
0.6172630168849295
0.6201054066083098
0.5482576544148213
0.5535070518275722
0.531457660403723
0.5168276929226299
0.779366583132914
0.6488652863093234
0.6466206023297258
0.6465658014844526
0.6681003550762663
0.6558018362418487
0.6509359622689556
0.6459243871884495
0.6598670755407766
0.6568847529111812
0.6431378884320569
0.6276386198967775
0.622180863778494
0.33083059919910696
0.30365874297852624
0.2938198611937081
0.2872352219258172
0.2858995769317454
0.2843157229851812
0.2837879125947546
0.27896639687724695
0.2785435896558549
0.27867932364165027
0.2787683794909038
0.2686275277751629
0.26853585519951256
0.2691177810017661
0.2695245996131313
0.25507682083712413
0.25563175101064306
0.25617082534585484
0.25674391291420623
0.29040663791291166
0.3880084807814168
0.388678636154497
0.38913651249257397
0.346878234324127
0.2508562642458853
0.25174160381004607
0.25264631111384217
0.24570413634308705
0.24499813202533333
0.2440716079611874
0.24319070390622313
0.23821682712501024
0.2386780211362234
0.23916257775250319
0.23922019385063262
0.23408845413882876
0.2345186572084639
0.23482376788538423
0.23544546007765185
0.23408879207462513
0.2347656105983244
0.23517324183572322
0.23593810480694677
0.24159778893717726
0.2415485291257056
0.2416777194746597
0.24195785325260974
0.25280322691635143
0.2529996566570482
0.25242660126155664
0.2525334190578146
0.25768710893445007
0.2568803271398402
0.256266741958694
0.2553311529716436
0.25522216419871285
0.2538173954169724
0.25341068393954674
0.2531132300277879
0.24814821608897208
0.24833078900387084
0.24831979886187044
0.24820785977261278
0.6694872340594097
0.5832915264568306
0.5212410889120099
0.5560660556910119
0.5502688553370477
0.5458107641104442
0.5443295793615275
0.5439586341846427
0.5442909392592236
0.5405282403018108
0.5380431391741273
0.5347315252409693
0.5329746705817275
0.5296859800074751
0.527682989320688
0.5332707803172333
0.3558473378691936
0.4914158314458547
0.48821521386763383
0.48945248916888745
0.6732060170151682
0.5427453843121962
0.5416913143704243
0.5393853471126583
0.5646340586693894
0.5602932893177672
0.5561995671560493
0.5535925821535168
0.5715818252247961
0.5725777536215949
0.5686826198560437
0.5661312151292129
0.6063031548420775
0.2851068467775503
0.31241154913281455
0.30280866505524545
0.2951194736899773
0.2935101217111937
0.292460062701791
0.2916325149915507
0.28575016503469014
0.2849178290254303
0.2841397265972063
0.2835213876673893
0.27227153532543186
0.2722546351325078
0.27194033053205974
0.27159377025771725
0.2571197287809702
0.2573364300226329
0.25764401190130864
0.25760788565012865
0.29451008929178657
0.39213861847375636
0.392834745811313
0.3936814249392672
0.34655805701342324
0.24989257369244341
0.24986713730933136
0.250150257914307
0.2457736154253778
0.24653990400360565
0.2472715346081108
0.2484425990634587
0.24320638804251976
0.24350839640159583
0.24329405396236034
0.24379527631844747
0.23807649411713908
0.23806994955145702
0.23834731700108594
0.2385934212222491
0.23635995129932952
0.23580763172841995
0.23581980854141926
0.2357552003347795
0.24177402102283874
0.2422832790601445
0.24304982144503925
0.24374918055798273
0.25402556078644495
0.25365160632011857
0.2535518540606989
0.2531661611384027
0.25806748341841573
0.2576020148758569
0.2566590759732357
0.2555874146899156
0.25506328799201355
0.2543818918042329
0.2536643351963252
0.25296443850330846
0.24747896921103543
0.24692212295374202
0.2464209268477967
0.24548731072617658
0.6685106354488523
0.6093203261444016
0.5824074772844448
0.6123721105117214
0.6082442065738088
0.5911657604724808
0.5644557867536497
0.5489934444562008
0.543400061240673
0.5413224776209513
0.5381587889396784
0.5354494732193141
0.5361955394142388
0.536603048529776
0.5435737270820609
0.5443489969504852
0.42353278318799875
0.482105241358072
0.4815175577280971
0.4832527423451974
0.6869599915876394
0.5620356467412383
0.5581945757719707
0.5568518014145545
0.5847309443948487
0.5825339380501771
0.5812666058123552
0.5803667104727465
0.6012486318916981
0.5986013223132642
0.5979258044877591
0.5960021389594056
0.5978445351334967
0.2930350689841631
0.3070170106322261
0.297340619096213
0.29041148005007095
0.28876961764193815
0.2876151030178544
0.2863749793754435
0.2813350928215678
0.2807188536987681
0.28006531073006663
0.27936676821902073
0.2686239745918778
0.2680740228031575
0.26755665614677654
0.26733834960233305
0.25252843867610797
0.2523828570192541
0.25177405660674945
0.25183822463355854
0.27581154221060744
0.37163299451546283
0.37047069593619725
0.36960087276140846
0.33857605788019535
0.2416766076926511
0.242210064921157
0.2427655990841346
0.23710931502187768
0.23645708843030228
0.2362885393251779
0.2360474201735478
0.2307417165509741
0.23047034224680452
0.23097519708224323
0.23108940908945774
0.2251543769205222
0.22522974611915972
0.22528510999342016
0.2253454484162387
0.2231287632201082
0.22351160080496807
0.22363682090262957
0.22384659438248447
0.22918273441358905
0.22939313554065235
0.22951271974012036
0.2292776711272087
0.2400212866788024
0.2401312682267755
0.24026080432145613
0.24020779664109093
0.24622526392124036
0.24627984926852237
0.24632990519766018
0.24579103114859419
0.24696128341759624
0.24673607462478997
0.24634499914457764
0.2460800394151385
0.24075730581785526
0.24030296890785424
0.2394601156936572
0.23916745743294332
0.6691308597143373
0.7659731571386816
0.5975771981244964
0.5693858751375347
0.5818278603256853
0.5754768088438279
0.5708811615722265
0.5682046251116337
0.5604215040150724
0.554727237875419
0.5491142561881243
0.5433388960644856
0.545702826310708
0.5462658197482424
0.5460399516086798
0.546586645802292
0.4237588167651628
0.481735059408844
0.47883846168147776
0.47786780407969914
0.6922501048109607
0.5610211799172437
0.5608025541864212
0.5582135986818078
0.584326732349728
0.5787084898796606
0.5730254481274039
0.571536169574924
0.5880700310979297
0.5888279986126462
0.5876487714140867
0.5867252901248862
0.5961704049866869
0.27977492234854345
0.30567988224026327
0.2961513842515987
0.2889437531553448
0.2873876603560681
0.285925727345222
0.2851577153338133
0.2801156404601142
0.278908427669111
0.278109999562224
0.27826659898938266
0.26773115360165295
0.267478401928964
0.2671609136271369
0.26689092920120117
0.2515879217481638
0.2515300073214096
0.2513035225380701
0.2509701290421627
0.2769677775868747
0.3736384431407642
0.37343645566158656
0.3729323782471546
0.3390059462283011
0.24240186124414864
0.24258455791502337
0.24309978367219928
0.23777035147218992
0.23774354739175851
0.2377355700700742
0.2372031791973191
0.23192742445524625
0.23182511370309353
0.23157368347679388
0.23183237516314367
0.22614288490212964
0.2262441468031499
0.22593118499502982
0.2261182816616069
0.2244016935619696
0.22451487948348908
0.22502431578995843
0.22545918500622084
0.23095549614026858
0.23069411603281365
0.230689454524187
0.23067509822103377
0.24107045795214824
0.24107326213026373
0.24082249932488928
0.24047925524201358
0.24571208051539087
0.24464739377248557
0.24422301570470523
0.24341964756736692
0.24336138232886054
0.24288596028518236
0.2425827002085659
0.24241657451548365
0.23686917650275305
0.23657279576225648
0.2360023529350617
0.23519517463630518
0.6687447270457758
0.7657162332285474
0.6987971977662844
0.642884521260643
0.6651885591707628
0.6519763685417762
0.6427717736942734
0.6411445900202954
0.6307976646919917
0.6296518475907752
0.6289540228526224
0.6406159433856252
0.6318958815404274
0.6318893519479051
0.6323353238013707
0.6331027365027913
0.5153034678760612
0.4710811467565717
0.49423274484127766
0.4697286649471841
0.8030876599955517
0.6771084424467245
0.6642329420875825
0.6599558285633176
0.6766225950962672
0.6780402779963334
0.6619107470997163
0.6519440579738592
0.6747983690882833
0.671960813452322
0.6624796122933102
0.6595114904437773
0.6330843096564738
0.3550967516410328
0.2976510594875378
0.2875944314453318
0.2817960947926232
0.2809823236372262
0.28043988637022366
0.279852832475493
0.27508116320486925
0.2750137858781596
0.27480663213627293
0.27457903142974205
0.26420248446449845
0.26420294505417585
0.26427765407165693
0.2639043933160651
0.2497412109271523
0.2499279390176584
0.25004744850771443
0.25048093184774073
0.28635321696706356
0.3840993262506411
0.3845811016186993
0.385508351568894
0.34006376581019176
0.2434048391267955
0.243811003415547
0.24428837566267084
0.23951663195141634
0.23994226632958573
0.24006902960357207
0.2407862514615998
0.2350707961970048
0.23481507143755798
0.23496963647426944
0.23502715682736225
0.229798230818417
0.22988593054407733
0.23064813769918965
0.23115955760274942
0.22957580332949953
0.23023799204446863
0.23087039833252632
0.2315038100220904
0.2367261899309343
0.2368666543840165
0.23688053662968717
0.2368790505169109
0.2472406945404849
0.24743390018192687
0.2476194032261362
0.24785316027300588
0.25297944708018
0.25303331266586
0.2526479242135863
0.25214758845631097
0.25327624086965533
0.2533681591444422
0.25335938801718544
0.2528785792162019
0.24769436515279758
0.24709786414246926
0.2466003484720699
0.2464218317712226
0.6689280462742389
0.5531873459172265
0.5149131439764977
0.5523415231051051
0.5386371713661924
0.5277395816957544
0.5155065924441986
0.514718203970499
0.5165380992869012
0.5174858401971489
0.5207793451912456
0.5239991648302229
0.5228974709539246
0.5186333558124049
0.5079040377142684
0.5069495128713647
0.35872163957096437
0.4913501755389646
0.48896432526495287
0.4889402975145898
0.6333247377455191
0.5050748506163387
0.4943203605789789
0.4913795886886178
0.5239828008693038
0.5218942226561448
0.5287195123141097
0.5205805849771318
0.5331095210318098
0.5245902443336764
0.5352621815329691
0.5261735267945338
0.6266251644859648
0.2913883266329596
0.3170347823868395
0.307893105782219
0.3002542652170709
0.29857340438258073
0.2970413708513498
0.2962212127067813
0.2900216874500124
0.2886594336650484
0.2872692336600498
0.28659149693504704
0.2757052792591553
0.27531358857983496
0.2743994693101019
0.2743687545514039
0.2596622998108701
0.25974915995850856
0.2603970396424569
0.2612873139756069
0.29403514566055255
0.39146173093640646
0.3926055315453
0.3935174508744865
0.34953765504693096
0.25243020241672726
0.25240624151129476
0.25248446190397705
0.24724394960921348
0.24764787591683493
0.24801565945166187
0.24836942210476806
0.24270458390100788
0.24312187606193678
0.24354052162700887
0.24408933683548079
0.23814639220366762
0.23881589276777337
0.23912020927115663
0.2393952685331865
0.23751879499949158
0.23764006055326947
0.23781937540397324
0.23760443858373687
0.24276698070836342
0.2422629797034622
0.24180488704733602
0.24130527083622116
0.2527779162598997
0.25331893055426574
0.25311043832604146
0.2531769233084413
0.2572065599814675
0.2553222111142768
0.2534670671151604
0.25202147897111954
0.25109132090710723
0.24938840262343326
0.2509239710748653
0.24969290749648987
0.24462222944348516
0.2520265468335058
0.24789677846453947
0.2629903381040889
0.6578067269124713
0.5871601275190862
0.598798846219498
0.6005904831754073
0.5949561963471592
0.5950531813900966
0.5949586290468927
0.5787362958876248
0.503912754279458
0.4708396911603635
0.41351540330293923
0.3940659668702137
0.3954084511518153
0.4155722117639799
0.41802278816405947
0.4374676489864024
0.3638941172646309
0.494276528972169
0.49553721784705074
0.49687166326147686
0.5298411285274778
0.40077254722687733
0.40336693200391044
0.3932811702037456
0.40713641158352915
0.41740845701274865
0.3965495235950209
0.4011558676789
0.4084575252785978
0.4119765025425658
0.40580083463517025
0.41029750119089625
0.6495423362504671
0.2957781423953709
0.3250723371355596
0.31606936594751556
0.30772654826467094
0.3049041415087049
0.2975184171368379
0.29620817340385436
0.29154521993043553
0.2910651354104261
0.29127553244553034
0.2914317940924736
0.2806212263616213
0.2805900084078343
0.28065141646803293
0.2805729848696489
0.26580543785977045
0.26610972103160196
0.26644202532709715
0.26687167924581673
0.3158115492558499
0.41329465088614453
0.41357059858682177
0.41382715840168666
0.3570872931300732
0.2605030067466926
0.2608487943011009
0.2607927959825653
0.2556348662502585
0.2556047944928207
0.25569624859265877
0.2554305459146612
0.2506686592244404
0.2513114264561213
0.25166888929773795
0.2522903043194736
0.2469475039514778
0.24719540733193335
0.24739006279229764
0.2478851497013513
0.2466008290591207
0.24729490079089933
0.24746787352870836
0.2483499294683961
0.25329388926744734
0.2527190347715631
0.252327192742822
0.2519548115128263
0.26236194977684635
0.26130784003071134
0.2602820063517818
0.2590031436095449
0.2628622446529666
0.26071697197746474
0.2593707104727666
0.2579927683331745
0.25748900280628184
0.2562298690432389
0.25563462914406865
0.25494014706570967
0.24962100043699356
0.24947327777709563
0.2492104709500293
0.2538797768175925
0.6666781800432856
0.5899625259434633
0.5891051015398375
0.5897810691836799
0.5872979864668129
0.5846372005309884
0.582616851153011
0.5843226142266876
0.5785430107568429
0.5800694308624832
0.5780999341997954
0.5791865092664897
0.5819310600577268
0.5879391504491676
0.5912953478835309
0.5883299655837839
0.4153794814216513
0.48831173394148164
0.495225945395622
0.4862892521695276
0.7048687797724529
0.5807645677562988
0.5757315889592607
0.5689515383913977
0.5929599776012648
0.5914192947723246
0.5883351457352453
0.5702601734761058
0.5668121840030107
0.5736319365411081
0.5673666714548541
0.5150493485193977
0.6451877085863654
0.3201653018523199
0.31691458725107413
0.30730689221372304
0.2997511757425391
0.298387809492055
0.29741702324259456
0.29659868496271313
0.2909438783005365
0.29039955127838607
0.2898717014052937
0.2892260227427557
0.27871170068139106
0.2788595455616087
0.2789333950994433
0.27882179081295855
0.2653490686143407
0.26651182381558963
0.26774348730549496
0.26851340504804966
0.3233767126263578
0.4205804502659438
0.42051663821504975
0.42090607243596745
0.3584162786435462
0.26254907252421705
0.2632020211693223
0.2643419093693886
0.2592038579326063
0.25923652713264644
0.2590481055377022
0.259364239253178
0.2541899363110976
0.25440989727655366
0.2545259813271488
0.2550828289022543
0.24994581058212123
0.25018337700986626
0.25096435711909154
0.2516286263013615
0.25005476001343596
0.24997798735418889
0.2505837378060853
0.2510547627436267
0.2568150069762544
0.2575208939518651
0.2582206894948829
0.2589509289386681
0.26939575872890764
0.26918104985419744
0.2688378765984286
0.26835667772105765
0.27282100162628486
0.2720227891839301
0.27077930793912297
0.26928203852590676
0.266747926439179
0.2641981466009005
0.26248924788607186
0.26072681985619417
0.25603439934342953
0.2560605034107543
0.2560164325277235
0.25543690586702467
0.6210879610112675
0.6746155344970665
0.5695516472211914
0.5025966809111277
0.5160696451120873
0.5114323615063003
0.5094960495252502
0.5116399132384204
0.5111300501984115
0.5125679854534759
0.4681283185059773
0.4566771320307251
0.43636521590599814
0.4491476890480606
0.4483592523792491
0.44979888027336123
0.3692748742093552
0.4981569317750967
0.49529966339266523
0.4934208726417163
0.5449527615613353
0.4119496943351834
0.40771854444863626
0.4047667750908751
0.446452612882746
0.4380035610914121
0.42238196384722215
0.4222059054143251
0.4429983473932363
0.4257477221905775
0.4207011756878058
0.41767413380435536
0.635715720146336
0.2931993925598025
0.3196576515032594
0.30935279639184404
0.3013656772885996
0.29930080908260115
0.2975442856838592
0.2961053433325951
0.29062239820652763
0.28961441463542004
0.28838123469021254
0.28767313534826466
0.276812784861124
0.2763399782616918
0.27573332306340564
0.2756067326389501
0.26126103197904743
0.26155014324204034
0.26152593928286916
0.2621961494687395
0.29242449217090005
0.387901167242462
0.387045757759181
0.3861246231003669
0.34725350777680664
0.2496010726463728
0.2494690366525809
0.24921832660738363
0.24391349769164208
0.24371487217755464
0.24405539720898464
0.24424375736235657
0.2382973167266782
0.23826221708677547
0.23823067603518563
0.23809782929205234
0.23198173359302504
0.23205270089182103
0.23204785120656818
0.23203428676052876
0.22999497854812975
0.23076223625020517
0.23135978860880407
0.23158667518797568
0.23670442693798244
0.23631874426756203
0.23597148400392848
0.2352027556697859
0.2458214985106542
0.24641004884257958
0.24594291033674273
0.24518184072463764
0.25132632384349185
0.25158218058064513
0.25057884082457665
0.2510460511903703
0.25178841746053754
0.2513828928847386
0.2500021878331285
0.2488212736350351
0.2424344984278239
0.2411207505678751
0.24818681488857883
0.24478359534510627
0.6676159676186303
0.5826768765687649
0.605157102685849
0.6089663183848832
0.6038001093369219
0.6039805508530711
0.5994816609292439
0.596250272829018
0.5915709887703946
0.5897408110254352
0.5887101029125889
0.5893018403995902
0.5956576833341184
0.5975261199207229
0.6001969357785152
0.603109162797857
0.43463451808914355
0.5221848992052819
0.5014659098234928
0.5120056087209022
0.7061677030291481
0.5720636277270196
0.5576291795249819
0.5415621722609822
0.5758431334752927
0.5607064417761065
0.6592774002900087
0.6572719888041043
0.6724771993749901
0.670211264398744
0.6676835521791434
0.6569839704314945
0.627403533615567
0.3348471527558655
0.3028778486110845
0.3010691961267983
0.2871710759250418
0.29649414026559634
0.2853438169637048
0.2851721515510352
0.2802955302252551
0.27949785391282583
0.2793698039697207
0.27922755795558984
0.268731176873207
0.2684610447853728
0.2686817517764076
0.26883199374334377
0.2545396485767066
0.25527919088314155
0.25612125872373553
0.257043567040235
0.29410445270266183
0.3912992017243057
0.3915326437991267
0.391775307518137
0.34459858647870517
0.24844358990332907
0.24898337820987512
0.24938082229485087
0.24429098056954268
0.24503807488515944
0.24567362893038197
0.24591896848050612
0.24072298791833774
0.2409767288433384
0.2411453842656113
0.24105768234249117
0.23597452376412525
0.23662109769567247
0.2370023252421219
0.2376956528685728
0.23693698361622198
0.2381742465991044
0.23903126962848842
0.24040393206982524
0.24580632965348603
0.245741862181032
0.24513899736182454
0.24527033874067306
0.25548236549711917
0.25478263751433494
0.2533790763649225
0.25244278269592757
0.25752973047406497
0.2564401880033181
0.25556283941496516
0.2545045303026479
0.25431868411690245
0.2530215668068658
0.252669345140663
0.2523932936604793
0.24646272329945665
0.25180739017450154
0.245030987458349
0.27129393767975996
0.6636162093958384
0.6181559483204428
0.6070727521733608
0.5988137589599888
0.6017531653347145
0.59760226197349
0.5981433443789641
0.5984262301955272
0.5971642928273363
0.5920489278623526
0.5973958972675115
0.5971819693570289
0.5952644945156436
0.5980365010722939
0.6018365762590548
0.605972443238726
0.5036997431823739
0.5573183202937249
0.5346242015206589
0.5389364326978934
0.8012415182153942
0.6862848592530191
0.6849056234476955
0.6749998893919329
0.7009489405683909
0.68743018165326
0.6593863353912022
0.6556893463664629
0.6731849673897742
0.6720921397693768
0.6710223510833605
0.6698605243840124
0.6193326036843353
0.33737583753655387
0.31923086392731276
0.30941937101337685
0.3023895964011047
0.3011464520890412
0.29999150937155605
0.2989487403263129
0.2790026807831499
0.28228618501521335
0.2862035796316894
0.2900990681746656
0.2694945848742023
0.2695598517666023
0.26954842117564887
0.2691782787242226
0.2551914297394517
0.25581855470863507
0.25648801990764253
0.25684203744454054
0.3037243229220106
0.40100795670155215
0.4012354070364401
0.40138439654738856
0.34704242851335665
0.2511393230781754
0.25209690217670405
0.2526524376843567
0.24812997465634287
0.2487787554605514
0.24897361919399508
0.24992205255752017
0.2449786114718203
0.24562871484057422
0.245870879537322
0.246746233133207
0.24136271073087245
0.24137161853063016
0.241803936851951
0.24219638526611334
0.24035612274798243
0.24015000222627308
0.24026584162943823
0.24038519246060716
0.24595286495938026
0.24577531187408053
0.2461119285592169
0.2462880138168099
0.25703828421614433
0.25661097837024893
0.25686641555315665
0.25689607484027377
0.262158409975446
0.26216016670720776
0.26170753056944485
0.2611499164396322
0.2604312225256747
0.2595929548100786
0.2591131002519479
0.2647636189879286
0.25304284698044127
0.25241304438348067
0.2522346473316109
0.251833734464786
0.6627137285892505
0.5411497019359863
0.4883590716751676
0.5186610157331593
0.5121612379747007
0.49318372043007935
0.41110201774709587
0.3870563482181028
0.37608642836620026
0.34502177469877693
0.3857819670164769
0.35438836325198286
0.40072254783211225
0.34241203834957434
0.343519692284675
0.3452085800123739
0.3788312209435519
0.5079375089479922
0.5087301111169753
0.5095561894853425
0.5188936828390235
0.3922753059772642
0.3838351968658216
0.39097056149223036
0.41247967131285573
0.40427990065641706
0.377528489238499
0.379476285638131
0.3886490327846892
0.38839304413891307
0.3881478983236501
0.3981150055415219
0.6218684782199728
0.30035996057445574
0.32411825384655624
0.3148298393012555
0.30661840529603496
0.306364493048744
0.3053492012114567
0.3043675843979939
0.2991802030007139
0.2984087779307302
0.2958100668020879
0.2944484989846096
0.2840580455277507
0.28404385541517024
0.2836528820672133
0.28396634050724345
0.26915170692328805
0.2691086342081272
0.26876395285374205
0.2690404246045212
0.30905661746609175
0.4083917625329507
0.4112320800649837
0.41410548438788464
0.35950995356910215
0.2623443467245985
0.2620623054123065
0.26214262014285866
0.25739525422043963
0.25749583281043437
0.2583645672124544
0.2590738462796105
0.2543613927743847
0.25472671667314223
0.255864321824942
0.25689454808648726
0.250544770711211
0.25057288987272597
0.2505020922078392
0.2504484196992935
0.24764534828039467
0.24739139265221663
0.24719277193502298
0.2467387842318059
0.2525674359080886
0.252927603795425
0.2532938838582448
0.25353619941869265
0.2640419185162314
0.26419756677728057
0.2635774597227662
0.2622693946949182
0.26613874098792334
0.26402837071175006
0.2620303501550363
0.2595366563839812
0.2587384318187727
0.25698954614934516
0.255352259052089
0.2544646711431477
0.24946038308956983
0.24931306157865762
0.24859463174118326
0.24810370843484345
0.6655784654479006
0.6060555191767435
0.5964214314070163
0.5975858019886348
0.5944754831855326
0.5871617365478808
0.582850588441655
0.5831590606533741
0.5777292995082306
0.581229720552582
0.5813683307159072
0.5819574109865643
0.5782946975546291
0.5801186266888761
0.5755650579931545
0.5738386974870049
0.4004605088948681
0.4914739805014072
0.4907159663207738
0.49476476514513335
0.7360866929128864
0.6101618354758213
0.6094637550508265
0.6082720960670986
0.6298898920522253
0.6243234633325376
0.620774309964147
0.6052928097038869
0.6045383073022242
0.6019272700343421
0.6001055420720799
0.5703169338679878
0.6179320615522764
0.3159907543057636
0.31386757427398376
0.3043428242085194
0.2974347882573279
0.2957001091080476
0.2946960040240106
0.29395958196927285
0.2889977056227286
0.28858363643194723
0.2898985635562246
0.29016927610397053
0.27998724165224725
0.27762692431234987
0.27793046460434084
0.2781625091341347
0.26387330891263894
0.2639044025227391
0.2644770673226115
0.2650509170480434
0.311541264660932
0.4088044904216259
0.40909312418330357
0.4093862549758645
0.35456737904931435
0.2583910133159179
0.25968942137535267
0.2606926694205039
0.25598106452024416
0.2565965047350357
0.25722205405895127
0.25786146999692844
0.2521365130740257
0.2526353167489803
0.25298302958861635
0.2528018528897745
0.24798263984424193
0.24876036845925678
0.249550591850827
0.24996182808220208
0.2485944818161999
0.24920055233003485
0.24942059792606952
0.2501780508770615
0.2558917295525489
0.25619050740713145
0.25643535545992513
0.25644964119565417
0.2671270285943215
0.2662297387669964
0.26499255125541354
0.26391735226694035
0.2675987021807535
0.26560445975241936
0.26342353463317036
0.26194504070686925
0.2611483833531431
0.25905423758986573
0.25798042954496403
0.2569768958641618
0.25160887561811124
0.25099999382315125
0.2507088697907843
0.2560439523261741
0.6500599469581205
0.5862560184311771
0.5801537334247358
0.5738533938525404
0.5823401844051153
0.5780451481000499
0.5838552364571825
0.5855509954130758
0.5760124305006016
0.5757087811471199
0.5826819035718297
0.5110701989757988
0.5049496048869867
0.5010435939622165
0.501105556719332
0.5045328276231364
0.38335184013954265
0.5007106753200452
0.4994457171538907
0.5012076276934472
0.5349549661128822
0.4090448488162587
0.3885069947523534
0.40839428159262997
0.4177291012083816
0.40745112237344894
0.3979964559163228
0.40199618787047037
0.41145473076153183
0.4142360954661572
0.4112299060398171
0.40964148030972525
0.6400210047641348
0.2983163400049884
0.3256448734897658
0.31663234015679315
0.30797856898780723
0.3060475904669987
0.2998555957270256
0.29823427482170317
0.293188899013439
0.2925442002563337
0.2920614479717895
0.2913147511900261
0.28071846287615154
0.28057795814123804
0.280079741674704
0.2801405992879431
0.2661506441560911
0.2668395257373846
0.2674434364492688
0.2679246714986861
0.3187603717274539
0.4165195490356127
0.417486526438451
0.41870607596722437
0.35852819699266125
0.26219711637060217
0.2622906831178245
0.2630519652758549
0.257991738721108
0.2577272495110369
0.25820178571771724
0.25853478722394646
0.25405644051950854
0.25477738234177616
0.25596497713124744
0.25716876123730414
0.25161334315659883
0.25228259998302144
0.25289581867209737
0.25351303610387915
0.2522134168711403
0.2525976320239939
0.2535891406292609
0.25428835272016864
0.25885997770193975
0.2584056494827025
0.25786237721149186
0.2573390686960931
0.26775348017866374
0.2679781871008253
0.26807110396190104
0.2675922875462574
0.2728472580525761
0.27205458239757024
0.27056628626103324
0.26849262469349555
0.26703073741120575
0.26475684309769487
0.26228871376381313
0.26047934410083795
0.2545981746825277
0.25395199811359453
0.25280031103159273
0.25251437100623947
0.6099873526017
0.6705582370870771
0.5815924696462318
0.5754586575307616
0.5689246412493707
0.5277244989903266
0.526221930277786
0.5279256805738806
0.5245844576082421
0.5222692853453014
0.4997519956963466
0.49710794230052024
0.5036881087192706
0.5092147942635915
0.5138096519421791
0.5219372127837648
0.39339555289284867
0.5034055885679946
0.5078693785546812
0.5087599234740875
0.6872778278322735
0.5589051223280388
0.5557121614930455
0.5553574277228011
0.5823236321018034
0.5491235390815765
0.5363549957253625
0.5272474443646319
0.5492158912776466
0.5467262723180808
0.5480805140945552
0.5456528755079282
0.6450348381672517
0.3198229957911293
0.3073733194757385
0.29605248491950586
0.2892769038890002
0.2878079030754375
0.2866364654303217
0.28622894747536964
0.2808339186822098
0.28001054766543454
0.27887458525981174
0.2783988611102679
0.2678889898866769
0.26738212975637227
0.26760745376356776
0.2677402104269144
0.2532001822995769
0.2530937031712309
0.253342881501059
0.25379382899977393
0.28905876093396227
0.3889000697562657
0.3918638677033838
0.3948656571589616
0.34499634394488615
0.24781124153857081
0.24828379643057574
0.24845868406122995
0.24273007846970063
0.2429458388917529
0.24310138604623907
0.24333035336222397
0.23806943735151215
0.23892871943771046
0.2398179651831539
0.24036189797257487
0.23523058709713981
0.23574668499321969
0.2362635691118191
0.2365184604595201
0.23440615499953574
0.2344409160933572
0.23407215484709562
0.23407824258663093
0.24029933355360267
0.24106119227891656
0.24183406577061023
0.2420837363822412
0.2530651781425905
0.25251629287407784
0.2514233967011176
0.2509052979508399
0.2543453491525229
0.2520589581650319
0.24933493212847366
0.24709197777724384
0.24640825401455482
0.24572980215137316
0.26550238416696376
0.2626569775297322
0.2670133599388754
0.26233725654351747
0.26844950743747126
0.273891325334019
0.6669510059504346
0.7377774462410851
0.6975146007386026
0.6658358870939631
0.6586150222943532
0.6494002147086259
0.6522309973582
0.6588593676657821
0.6502272235073923
0.6504388765007122
0.6518829418481624
0.6607189610767946
0.6680872197074333
0.6823838402891182
0.7362527730515467
0.7618963037986816
0.7692969759481714
0.8984833220075716
0.8984833220075716
0.8984833220075716
0.9154778202289415
0.7862914741695413
0.7862914741695413
0.7862914741695413
0.8089508051313677
0.8089508051313677
0.8089508051313677
0.8089508051313677
0.8202804706122808
0.8202804706122808
0.8202804706122808
0.8202804706122808
0.6946008583021196
0.5067462917091169
0.43155381942711235
0.44568094585166523
0.4144142889645153
0.41195277942152564
0.40677032978701877
0.3967934104601936
0.35643386753620726
0.34131593147587824
0.34462457272519176
0.3269240105942663
0.32042629376111337
0.3193462527061433
0.328540776980698
0.33064481096143394
0.28314754499790645
0.29523926944859696
0.2814232901330664
0.28450002546064285
0.2673935170013239
0.36654179060551356
0.3688245902563461
0.3711408894960714
0.3498151531114634
0.2517118638905709
0.24447739469667643
0.2345330728859073
0.23109347218072715
0.23197014283453568
0.23292466416343316
0.23393699092892437
0.22362296694865194
0.22494238823130724
0.22702267133013804
0.2289931756370639
0.22364764412968627
0.22409823280914123
0.22454539643072263
0.2247943887967074
0.22259474516308012
0.2232534419610565
0.22372463698107678
0.22420077715812523
0.2305079481920506
0.23137808574458033
0.23228969986364834
0.2324025792643304
0.24339413076107946
0.2435354660687341
0.24373073354615832
0.24390705389377357
0.2493285774220767
0.24889034047472128
0.24804053777835416
0.24704287998301588
0.24844059485184203
0.2486275210002751
0.24848161730255403
0.24822463508230863
0.24295222545754455
0.24241222751309205
0.24139734354176498
0.2413795635559523
0.6669515872637092
0.6865165519009788
0.5508576261992894
0.5753062602939134
0.5745417882293592
0.5613073064455373
0.5609081595125562
0.5613719998653585
0.559534811949391
0.559895785654386
0.5594488510361408
0.5587082129868061
0.5587263381022866
0.5524123500462926
0.5614094436783248
0.575246169420115
0.4228075996262481
0.4777801551959878
0.476206958140965
0.47581894221144855
0.7551597518023736
0.6134570920614694
0.612086288063132
0.6109634922949827
0.6530005221641813
0.6384618190226543
0.6280367720284191
0.638180750756374
0.6645701905646569
0.6630323190809926
0.6509658866488408
0.6417025495566188
0.6177616427402796
0.3136056603210676
0.2990308977361315
0.2901110305614482
0.2838029426728411
0.2825767934476551
0.2816603936788837
0.28096924213738084
0.27618351533159163
0.275173685664671
0.27507962636831035
0.27503056819663135
0.2644463330734553
0.26433931853872406
0.26428582603974177
0.26427913399415026
0.24948575516276045
0.24887616440570642
0.24932367144659404
0.24954398434727748
0.2828258664003585
0.3824103896168283
0.385143647024568
0.3879117084100364
0.33981263318567567
0.2433218598476688
0.2434919487162852
0.24369635153477887
0.23940382175069894
0.24043933955372684
0.24152363447842998
0.2419443549844633
0.23566809281210985
0.2351407630509876
0.23486253465500237
0.23483389173586786
0.22917459061550402
0.22937194297455643
0.22950927186626224
0.22894776867195718
0.22797028820978887
0.22868135944992546
0.22943019770551032
0.23021831467221887
0.23659423384505962
0.23756243246635447
0.2376903942464907
0.23905106361973683
0.24897986534463068
0.24796245327759828
0.2467158376177603
0.2455066062431318
0.2503023798252013
0.24872401184767362
0.24768849958086056
0.2468616103848911
0.24653623422084173
0.2453485603765388
0.24429239208288156
0.25096554593025344
0.24070307905415442
0.2506608858209932
0.26058264651990465
0.25527164689800086
0.6642421860847585
0.7456462596258201
0.6981937410137927
0.6663915058525558
0.682476778671717
0.6627913652572233
0.670842763086777
0.6715277006667766
0.6624035960819725
0.6712961119810502
0.6803822277384918
0.6924374165435774
0.7220666194704145
0.7251813967429174
0.7381977356189592
0.7505708081979215
0.7150865150185151
0.7619917900056744
0.7247723695341715
0.7241639090368478
0.9008543782456292
0.7740171082201498
0.7743950513960574
0.774444721142245
0.7981470659873421
0.7974782294187134
0.7963335997181485
0.787041893122857
0.7987377583106331
0.7982715794491098
0.7978108973904026
0.797327436558789
0.6841462152938881
0.5345194683104898
0.4134330000091077
0.4093374090196938
0.3814168171377676
0.3759902944109867
0.37908435979474475
0.37817229181571343
0.3704392919551607
0.3690243384850022
0.34982110509506914
0.3127561333728473
0.29781426579321385
0.30600673024833064
0.3087368471956789
0.29027775889827573
0.2670158794502767
0.26280683179029807
0.25972800348506325
0.2627819669865731
0.27749694498378813
0.3747521175938161
0.3751172372616163
0.374749562902469
0.3340632239877973
0.24240330111324265
0.2351036609613214
0.23581466888933517
0.23163435976109972
0.23283860841042267
0.23379875953643262
0.23475555442279947
0.230144598711678
0.23098759668882274
0.23191473589649392
0.23292290451618197
0.2275863751447707
0.2279796221962026
0.227556542680043
0.22826244109626628
0.22714379029787152
0.22804639560439
0.22900869681083078
0.23004279313542658
0.23536603280073817
0.23461941773988518
0.23445692749350544
0.23455258255455672
0.24518120142080146
0.24433789626436253
0.24349632704200666
0.24262126358188152
0.24702785034244362
0.24551480874957057
0.24480510200621677
0.2439315103022889
0.25244182387875214
0.2441796394087899
0.2567268435741016
0.2584971744181034
0.261257761836294
0.25894202682839684
0.2636147721039907
0.2697963802089335
0.6663283409806515
0.747942978038626
0.7084792406355287
0.7024137273656741
0.6985338101627486
0.6759921436380675
0.6635662080423661
0.6623320542374052
0.6595868828935064
0.6590683001750387
0.6623153880925878
0.6712186667238993
0.6754930571024407
0.6576047047522354
0.661313066025593
0.6916380492938093
0.681529406928679
0.848939530817732
0.837714653308391
0.8373444824399737
0.8675013433175712
0.7260105291957707
0.7250416133431485
0.7244282076724777
0.762755055127313
0.762460135130638
0.737890976930563
0.7358378258939369
0.7612155402833172
0.7591412698268625
0.7570405716095779
0.737094060646398
0.6879524275937393
0.6667677304475434
0.38721264325769533
0.3554092096348133
0.33637553279445576
0.34880989080046265
0.3229192272427208
0.3273179111687612
0.31144181901505874
0.33035805706578547
0.32311495482522057
0.32121489524760133
0.2943641387543076
0.29785618501751493
0.29429656445041924
0.29915494024659545
0.2628979473412978
0.260908489421423
0.258687513985867
0.25717598720782353
0.2721483590646172
0.36770955778111897
0.3659070872177186
0.364394255909457
0.3368551211461699
0.23314860136635765
0.23420754518489592
0.23529530844027766
0.23011078780142405
0.22978705235987118
0.22972717207003596
0.22971037178036763
0.22494725247808736
0.22572385693429473
0.2265572340169701
0.22744211599434794
0.2218214374719074
0.2219322439030881
0.22199172528197153
0.22250906584906083
0.2210710766891049
0.22165461749148357
0.22228791050715396
0.22296966242049795
0.22818219941450824
0.22832128751540337
0.22860670919207685
0.22899819969357088
0.23947367328979288
0.23910166460881033
0.23827160774657208
0.2370591351261059
0.24175742387879265
0.24081753429682523
0.2403072769422195
0.2488950373238745
0.26371956751846376
0.27373791643435064
0.2753130853966378
0.27189856127798756
0.25827050279320224
0.2782487426337102
0.2821921916418588
0.2744274467518683
0.6683424914559126
0.7661036716732793
0.7661656024550791
0.7661738682574345
0.7718712250560507
0.7653593671306178
0.7590942638515521
0.74555407218396
0.7462114728403536
0.7513043836987044
0.7518456332171195
0.7533254722544391
0.7774511010751385
0.7774234165270724
0.7774063536725155
0.7773772115394294
0.7716476952433889
0.9006572760370338
0.9006021336147513
0.9005763905081875
0.9175469562324211
0.7884175905688774
0.7884574409191649
0.7884684927615455
0.8110694862609013
0.8110540538487453
0.8110491327788576
0.8110530494634022
0.8223622819284048
0.8223599474483088
0.8223550254227922
0.8223526680224967
0.7639042232542955
0.6408710105439089
0.6102858719406861
0.6145145832508424
0.6074461026457065
0.6081087222488158
0.6105107201792601
0.6215518429103328
0.5901113800776305
0.5877522077826656
0.5866151499795174
0.5849676184249901
0.570099769426415
0.562863036535793
0.5726140810808727
0.5711829011648152
0.5378188290290553
0.5368487415165663
0.5220573933989
0.5099182476506955
0.3518191923623265
0.3448687460853706
0.3451846090676185
0.3480886652835069
0.4447753785458087
0.3867702596240745
0.38612945463963966
0.3764553619026416
0.3507505213879703
0.34551051793453186
0.3251089248670734
0.3118687166813869
0.3104801234332481
0.27804731968701873
0.26795144243161007
0.25525777289874496
0.2524982114603998
0.24568846110309048
0.2367361952436941
0.22969275818759793
0.23386298391561847
0.23456014395326374
0.2279539600190979
0.22995864658507487
0.2680315326721152
0.26708347219582795
0.28318901373889727
0.2836948797510558
0.29288612815705023
0.2589184374823603
0.26516733477534815
0.2619378154422033
0.29606567040233994
0.3119261037659226
0.36231428371930485
0.37160161774717343
0.36908546406656434
0.3852930925378797
0.40933023280706987
0.4126581213256866
0.41428292192714405
0.40022777836041984
0.41804124354932304
0.4325110047750075
0.6677319721510567
0.7660265681107695
0.7660463007005226
0.7660295937676564
0.7773171221779734
0.7773076804186508
0.7772981111500604
0.7772849577070352
0.7772700268412515
0.7772604456816576
0.7772501231970159
0.7772412870054901
0.7772257955222772
0.7772057487912448
0.7771786235275577
0.7771545099440672
0.7714538760643057
0.9005227840375947
0.9004697554181881
0.9004225289991632
0.91734897889664
0.7882051194938373
0.7882471592073526
0.7882605805395527
0.8108620437207756
0.8108611620841674
0.8109021041210359
0.8109848181218684
0.8223822152262185
0.8224211511669903
0.8224164554975806
0.8223989150251465
0.7902163380800762
0.7142026124711194
0.7141472065664104
0.7038141393893479
0.6967846849688112
0.6969850859399709
0.6963092543715634
0.6885343867592555
0.6597530012226818
0.6832163709602517
0.6830783107507801
0.682929320391851
0.6476581991378442
0.647048476158949
0.6462282454505539
0.6448694358298102
0.6058958948608287
0.6045814088349524
0.6034711872400469
0.6023930730702245
0.4553254086681323
0.39740835321756274
0.3626208467392274
0.3631890461960757
0.6112613424072115
0.5009923871753075
0.49578148232107117
0.490830707735381
0.48341165717157725
0.48115274784699474
0.45392738169704444
0.4492825943277853
0.43909115312708114
0.4131255071007786
0.3850877116996756
0.3519003321247592
0.33516403188113975
0.3268590799923989
0.3349551714832154
0.32207308155282877
0.3025901832913684
0.28036525623796194
0.2812527274670577
0.2618764276763793
0.29619945183365587
0.3296579910844713
0.3640661561092018
0.3701868602194624
0.4072215701095166
0.4323574470287828
0.4397258433411421
0.44537695738190697
0.45548171094725737
0.4842870718714197
0.4963462513687342
0.5115482502364422
0.5253884218810043
0.5396293121051506
0.5642454399575874
0.5554864369873339
0.5466427044828448
0.5346978631143213
0.5343368188617431
0.5309520095214207
0.6691559614985058
0.7659082053960578
0.7658977747216341
0.7658843777666111
0.7771722768299175
0.7771587865286158
0.7771434560769511
0.7771257034763116
0.7771062311062072
0.7770898346425306
0.7770773700567951
0.777066473798794
0.7770474003993445
0.7770270591505383
0.777006565837935
0.7769847286657986
0.771280114482178
0.9003420922408834
0.9002826231494587
0.9002271126022459
0.9171452843469666
0.7879953909292098
0.7880315895789864
0.7880378593250211
0.8106309974044099
0.8106098691644333
0.8106027740387926
0.8106052512940947
0.8219093421652524
0.8218997308712754
0.8218860824731542
0.8218729826723921
0.8105587433510972
0.7136740574076242
0.7136777044221916
0.7136835034188848
0.7080365332097934
0.7080431611586221
0.7080493377734024
0.7080530870272504
0.7024056082958497
0.702415134721532
0.7024240845385645
0.7024290562235831
0.6911280945881438
0.691135061063766
0.6911427403363353
0.6911472731161381
0.6741968981364425
0.6742166380260703
0.674241844586627
0.6742633566361484
0.654564427017371
0.6855608802446715
0.6785390378547203
0.6783271060274804
0.7603660769307042
0.6632761794569665
0.6631972369802659
0.6631718387780742
0.6575291064607117
0.6464353477802024
0.6457502408994436
0.6378479408117195
0.631616970303868
0.6311472852242156
0.6051600132322655
0.601322372154917
0.5966400390655435
0.5869291573487365
0.5856120725270804
0.5642906192894809
0.5735130404105424
0.5726249299639257
0.5528594397936837
0.5519175273700058
0.6344562193526222
0.6140005729494306
0.6109538857193773
0.5838345862811243
0.5944057811006407
0.5941206064401032
0.5863200484492296
0.5942117780006253
0.5992974206703129
0.5997229245704054
0.6009119032898248
0.6025043683004322
0.5993082240354932
0.6018312791684084
0.6014751722134369
0.5880795911150736
0.5473998544276552
0.5366343003454764
0.5353010081951349
0.53420487822188
0.6690880953487321
0.7658549140522559
0.765847940163317
0.7658307961100795
0.7771186690837193
0.7771004961519681
0.7770827751538629
0.7770643742216027
0.7770466841125027
0.77703234310848
0.7770182503440336
0.7770010643224852
0.7769825396163278
0.7769671566777452
0.7769461432164526
0.7769237922467683
0.7712160669797005
0.9002682942001433
0.9001769554973772
0.9001316216775901
0.9170489784234662
0.7879117843184129
0.787960216863316
0.7879718022764158
0.8105648890890949
0.8105448860635911
0.8105396130696854
0.810545290359869
0.8218582111245553
0.8218574614518319
0.8218499920754235
0.8218416427900437
0.8105322853106084
0.7136484181010175
0.7136483022499323
0.7136478723537841
0.7079931656488331
0.7079932440720454
0.7079939048599008
0.7079927683439164
0.7023385619360112
0.7023451821220954
0.7023570506633782
0.70237075853391
0.6910837847947261
0.6911011252451654
0.6911149626855636
0.691124290313765
0.6741764424214598
0.6741949872591964
0.6742159277839591
0.6742322137539446
0.6253312613641384
0.6496943852345792
0.6382417814740601
0.6398959531240674
0.7398795088429149
0.643165362649921
0.6325656714742952
0.6308556919830542
0.6236802018745498
0.614102564737203
0.61259656893382
0.611181619967844
0.5903114918577692
0.5639625336192783
0.5612823681129201
0.5584981008557871
0.5439919083963177
0.541301529045525
0.5390657881241284
0.5368968289021544
0.5402695410624868
0.5384137858881746
0.525537052143824
0.48559588465937037
0.5690651368243995
0.5678488907864023
0.5580663325267389
0.5559520470312823
0.5555270838083065
0.5450801553729308
0.5376888924824567
0.5488987938572188
0.5579700690597813
0.5917097093852416
0.5932154992228493
0.5941908486161783
0.5899525860457699
0.5888613596066404
0.5880283736362963
0.5763044421789126
0.5669431261570449
0.5546194367451188
0.5522160569420648
0.5444004354713692
0.6689643868760171
0.7657324979063794
0.7657263073490421
0.7657136959568516
0.7770070484133201
0.7769991856154181
0.7769919082841417
0.7769827124553663
0.7769707022871188
0.7769609870051946
0.7769530717540646
0.7769456489114831
0.7769353782238766
0.7769194051169499
0.7769050364943741
0.7768694161498116
0.7711680161128023
0.9002596920311112
0.9001671986644784
0.9000965692965293
0.9169928013504767
0.7878070509598287
0.7878223780091054
0.7878347171895148
0.8104548085161548
0.8105354151719418
0.8106648676403768
0.8107669665062016
0.8221113069277217
0.8221200910873936
0.822120185119543
0.8221280987579193
0.7373918978895604
0.7138566910501205
0.6348009794915094
0.6157936651976522
0.6284550432060401
0.6283011646650861
0.6391230914078381
0.6397417373426988
0.6245550122783563
0.6334246662876437
0.6338186350800381
0.6253477241005235
0.6002233890984655
0.6322217794369684
0.6239842861795319
0.6141087995670172
0.5655255284536929
0.5614897831028111
0.5510648598996755
0.53432863138185
0.41266826056245154
0.35648434754335684
0.3387020254278006
0.34099397643279394
0.5749854847018089
0.46398273440113447
0.45829506151396676
0.4389863435345186
0.41651065156006956
0.41269033335995636
0.40789136538083093
0.4024676573741734
0.39334410314726204
0.3948689963086437
0.392051708739911
0.388484584748128
0.3786926192606345
0.3831170770219265
0.382826137238436
0.38172261955384973
0.38163454532640334
0.3795859834370061
0.38173873191150515
0.37599268161902527
0.40234288356997133
0.3918242114321403
0.39288065624103113
0.38404045628592637
0.4058203200123316
0.41207015723620183
0.4187706273494332
0.4264056665902731
0.441697167286941
0.4627980324652976
0.4882420490004243
0.4939191241357363
0.5019740733561029
0.5171961125671154
0.5328845929465943
0.5339430733700485
0.5176744386552804
0.5168808408586326
0.5169521512003721
0.5178407358351982
0.6688296930236457
0.765541499677979
0.765539410254273
0.7655245736177141
0.7768157713622036
0.776805594678457
0.7767931095236628
0.7767775356797361
0.7767612491856889
0.7767494523414465
0.7767383107598368
0.7767261047740922
0.7767111984517827
0.7766960153315039
0.7766814840538159
0.7766596847957463
0.7709571748885826
0.9000436856690636
0.9000110227178262
0.9000208920729045
0.9170097579352636
0.7879057156393091
0.7879602582677183
0.7879699364226779
0.8105611581166555
0.8105395941892741
0.8105337867663004
0.810537953683425
0.8218449955601944
0.821838050270467
0.8218262938814952
0.8218154311316167
0.8105034751073056
0.713618795583552
0.7136193925550154
0.7136203969855807
0.7079677803560939
0.7079687131693343
0.707970432704347
0.7079700182252697
0.7023178262864698
0.702323497355977
0.7023301656651281
0.7023350944228434
0.6910360289955437
0.6910447460284285
0.6910556720998365
0.6910646853369513
0.6741183655541371
0.6741409636095812
0.6741680196720157
0.6741917036276939
0.6347133722988537
0.7164798878447951
0.6857344349372858
0.6760790462015955
0.7604038486321417
0.653284924512661
0.6509503446909641
0.6432408009671198
0.6363334821397012
0.6101588913011019
0.6065097483676904
0.5869972457729221
0.579437848643502
0.5658869021771102
0.5519958846013941
0.5509922158226017
0.5441878339350197
0.5310506939639674
0.5282837454626711
0.5251460960600294
0.528510891866294
0.5122018293740307
0.4867891573104255
0.48278984091863364
0.5609226965435615
0.562399964673806
0.5628667970218992
0.5625237569106546
0.5735446941032148
0.5590588541281059
0.5473142527865699
0.5691780426282698
0.6021835725523759
0.6155640816872152
0.6171284251490297
0.6174678832238
0.6139189576423845
0.6122999394132499
0.6112643345830188
0.6013593371908557
0.5948643254013154
0.5956204716766837
0.5846331460549863
0.5917297564309318
0.669148935314726
0.7659724771592293
0.7659670522041708
0.7659499583766325
0.7772251370878733
0.7772003288313729
0.7771770808583586
0.7771535041984893
0.7771327382630385
0.7771178311330497
0.777104250065078
0.7770891921792973
0.7770737793009255
0.7770587432102075
0.7770368456684861
0.7770119562042125
0.7713341870339201
0.900464936236205
0.9004068911004592
0.9003626271201595
0.9172816520827487
0.7881039860813389
0.788116810682619
0.788115408553595
0.8107096702743299
0.8106923579199461
0.8106941213362358
0.8107165389811921
0.8220552682275092
0.8220631357480913
0.8220422045075702
0.8220101129278
0.8106748567045972
0.7137791216506266
0.7137824746576849
0.7137944044687935
0.7081561804296871
0.7081628887535889
0.7081597247092907
0.7081520242758911
0.7024938412530028
0.7024974655022882
0.702505753122617
0.7025126900434078
0.6912158730913003
0.6912247987039073
0.6912320459527009
0.6912373508212893
0.6742881213481301
0.6742719663330898
0.6742570243137094
0.6742536590458555
0.6544074592723416
0.6846267648468324
0.6753004659300169
0.6549204366989729
0.7502052936868835
0.6530978391274629
0.6522107705868105
0.6512430200908262
0.6375003178656173
0.6370569614633124
0.6366530407677244
0.6138589592878826
0.6022188605079173
0.5932616342309265
0.5826604655117411
0.5667192924727624
0.5472225689771123
0.5448506012671793
0.5418377976616591
0.5274738202553931
0.5324423501589248
0.5310343774054722
0.5301119700127886
0.5150722262101406
0.5815656107827498
0.5644976928946399
0.5620596091820622
0.5601207934146298
0.548445610056448
0.5385071564996465
0.5503112671986802
0.5529697049733288
0.5906684126219658
0.6061849382471345
0.6170044609549734
0.6171313217846635
0.6148476837438255
0.6143070515123301
0.613840364743568
0.614435409944826
0.6068863638960956
0.6065258092557743
0.6061278924781358
0.5762196340854204
0.6689174950587404
0.7657017107592368
0.7656889766184515
0.7656720765249777
0.776961024435669
0.7769508923732581
0.7769403279126913
0.7769295984011093
0.776921775083717
0.7769131587363528
0.7769041670306949
0.7768938958256089
0.7768807788871961
0.7768640990588844
0.7768444027779743
0.776822678453853
0.7711484871852224
0.9003269256591259
0.9003061044939055
0.900267647782083
0.9171761765672072
0.7879667047027211
0.7879551065793591
0.7879440608386284
0.8105372106003327
0.8105192145974577
0.8105154696605942
0.8105223026482726
0.8218333211145291
0.8218303701077624
0.8218230874455215
0.8218176418535917
0.8105121101737359
0.7136346881118556
0.7136429279043365
0.7136517037660086
0.7080061059986116
0.7080131473701244
0.7080193517008188
0.7080238224087231
0.7023762828953025
0.7023858587579538
0.7023954740812276
0.7024028893230886
0.6911062916326283
0.6911164576995596
0.691127900516043
0.6911380464372916
0.6741936846045146
0.6742188808278523
0.6742493810432781
0.6742767461007431
0.5485321881346971
0.617443024833696
0.5670242232775834
0.5682872145148248
0.7091444838367983
0.6030906449412329
0.5915199932513726
0.5617070246635915
0.5540213038512454
0.5419348645594679
0.5287420044021778
0.5135194822118828
0.5036576273727962
0.4917373871008485
0.4874043977240111
0.4833396714740317
0.47381683698722143
0.4684407632546524
0.4494722089017497
0.4325004471070921
0.43811769486575214
0.4323011520094943
0.4271723816409104
0.43942488948894237
0.4883502828156436
0.4868041270728182
0.48544392490448185
0.4731310869560999
0.4969522316786049
0.5029187920882638
0.526350403437536
0.530774418185105
0.5587240303356219
0.572905580294316
0.5878908472503217
0.5986253319643784
0.5964689312982523
0.5959370453319517
0.5955307985749845
0.595455402103062
0.5629001202545229
0.5509785568749263
0.5499225826028614
0.5501689724358239
0.6691188666081169
0.7658920968183739
0.7658896896900658
0.7658870766739696
0.7772204273453058
0.7772347900398593
0.7772256410455549
0.7772128601529421
0.7771935373117893
0.7771764591402116
0.7771584738371726
0.7771351083651182
0.7771052044559551
0.7770493419743416
0.7769811598929466
0.776919582912603
0.7711842406152314
0.9002294813640278
0.9001731513949741
0.9001230994461723
0.9170509800552141
0.787908117645139
0.7879506832414479
0.7879634266392422
0.8105627986440883
0.8105547702457208
0.810626360800331
0.8107715877089846
0.8222070893588351
0.8222411281752491
0.8222420933643324
0.8222397629443594
0.7644386869727771
0.714096428028532
0.6833223376041749
0.6818799853621573
0.6670249873136525
0.6648549222995634
0.6628943933035147
0.6481834977252154
0.6171873333299455
0.5882690400841178
0.6599235629722382
0.6490817199278484
0.6339381385585183
0.6198907119710821
0.6177233638767525
0.6074258298409877
0.5478190568965129
0.516607889846103
0.5111955351224814
0.5055467722361725
0.4127910152072183
0.35288216007452083
0.3540744977285259
0.34865488186351296
0.5826586868890667
0.4838445676050369
0.47935140421029754
0.43972379051141397
0.4112637081421918
0.40643018140859616
0.40070950055026505
0.3971149506607037
0.39010330094542467
0.3985527844986708
0.3587718399980962
0.3449232444575633
0.29392348493173887
0.275501594574632
0.2645930889196172
0.23302410554574401
0.25308894181610986
0.24727778741081327
0.24444644317475658
0.24685607044069915
0.374199388301614
0.37409547296321455
0.36489828326863166
0.35601974040646883
0.375296492092739
0.36770451338832705
0.3714011772532028
0.3715432179818907
0.4109011321760648
0.4195839480185372
0.4393978584649106
0.4578146290291595
0.47358628032556827
0.4879041425451432
0.5137331893497042
0.5199596076651564
0.5090879805028918
0.5081018943852217
0.4998103491564852
0.5044350734342553
0.669022466007616
0.7657361149054205
0.7657510634854736
0.7657472213779758
0.7770446260240698
0.7770426208177391
0.7770421052717642
0.7770401169403746
0.7770350237086997
0.7770296661788925
0.777022647067273
0.7770143173805862
0.7770040018247149
0.7769939475605832
0.7769848531807634
0.7769769327553211
0.771317934890762
0.9005588338003826
0.9006152060057618
0.9006427897789342
0.9176060955002824
0.788351746983283
0.7882831959495168
0.7882498847303803
0.8108484650742918
0.8108424919988013
0.8108395943994003
0.8108517433761137
0.8221722980564519
0.8221800322390089
0.8221821290041625
0.8221844187262206
0.7368123304918355
0.6558588056256162
0.6165252979552179
0.6410092954732456
0.6145647601447479
0.6019729186235382
0.6011578775820438
0.5992964126082793
0.5899759325291588
0.5913681754158543
0.5925132870075005
0.593123605472036
0.5666933117075363
0.5527309763121809
0.5520940087121321
0.5513065121618993
0.5157406541964602
0.5140658032017988
0.5121359074150502
0.51073381139373
0.40828579560828593
0.4341707016631776
0.34483652503770906
0.35040780554559436
0.5044584752707482
0.4097933320020347
0.410063564811011
0.4067462526882567
0.4055239914396009
0.3996514679037682
0.37460793396137027
0.36986367203151294
0.37837985436959987
0.34200932874736767
0.35248686388692485
0.33898857848399966
0.3102504763309026
0.27947798055415973
0.27228176798854004
0.2390950824172619
0.2346049880633109
0.22108053585652596
0.22269836680030985
0.21651143433684195
0.24631261729651022
0.24769873569279816
0.24580541451012564
0.2450859863845103
0.26653997471507324
0.2601516975136027
0.2589356280655608
0.26087239218962377
0.27896116230993917
0.3083249097042052
0.3367176642720538
0.34591415187706065
0.3399019574540355
0.3228102713364773
0.3308947875729091
0.3293044356345074
0.33480367086629736
0.336102867596122
0.33619143290591086
0.3374381531461469
0.6640469078805125
0.7513357178698745
0.6587142360465411
0.6585854355904688
0.6688010875395995
0.6560833124587683
0.6536170748402934
0.6421156524261462
0.6016771441287804
0.57625329338652
0.5392808721522823
0.5336669873134938
0.532099286816779
0.5409953802451412
0.5516090971025096
0.579061990328425
0.49683032483840345
0.4799914157462677
0.47960682265056503
0.4769124545032425
0.6912611207139399
0.5665320704621171
0.5670164179274831
0.5662477189123198
0.5939658252439931
0.5918329724540147
0.5581567852167708
0.55337997741289
0.5748321800182961
0.5669400558524482
0.5627768314112691
0.5586780571940774
0.5969434930043755
0.2866252964980839
0.31252555423590034
0.3069741865543651
0.2994013640501021
0.2968107837591117
0.29474290969923556
0.29271430593004044
0.2869113309940602
0.28563805946518095
0.28439693309434244
0.2834220752226726
0.2728292308360451
0.272867381973623
0.27274310179352634
0.27271435822994
0.2584384416553383
0.2587308404017312
0.2588661214294444
0.25921681333650376
0.29731787355238254
0.3944718807059193
0.3945620398834812
0.39489967865362774
0.35639195078470726
0.26116057232725476
0.2630964473615432
0.26491147233278356
0.2596940538912105
0.25958694251886394
0.2595527499724062
0.2595420268145842
0.25423530713687265
0.2545069785230836
0.2546806465782224
0.25503949880549953
0.2496389509966543
0.2500238240646469
0.2505308783556723
0.2509896980474312
0.24660432532885038
0.2446627382990187
0.24266491198160056
0.2412947718950641
0.24673033949644899
0.24699507094491782
0.24715253040330806
0.24721839004736054
0.25634398827285815
0.25507657055701755
0.2496198422074543
0.24820685123634495
0.2563572770506788
0.2546264028980603
0.25296346589646973
0.2512887303265351
0.2502517718264579
0.24855878903924147
0.2661474532403088
0.2609736565111582
0.2539143136083325
0.2585334507741786
0.2580589336717346
0.2593696589460418
0.6307116158977799
0.6896479055589188
0.6024063486726017
0.5958085488848025
0.6062246260212983
0.6059560501194562
0.6069240736886946
0.6070589222185752
0.5974422677523392
0.5985304419083324
0.6055575138266029
0.6042784533033163
0.6026932428634467
0.6007005291213192
0.5972059165977185
0.5968293320707563
0.4230558177925495
0.510703362510864
0.523231014807114
0.5098868152757334
0.6979671085947717
0.571097107226236
0.554922591441587
0.5511036932948371
0.5791328668607606
0.5600305223455994
0.5435352391741786
0.5171287571149863
0.5438658575133439
0.5107354227827545
0.5058120529195296
0.49596932518601533
0.6696828811242824
0.3682911413398172
0.3072969882363153
0.2947520788358674
0.2873544988941566
0.28566035273626417
0.28420092018753507
0.2833362864151926
0.2780535156707772
0.2772350166872893
0.27666868715149384
0.27606119290339826
0.26553682853489624
0.265352702850156
0.2652429219045485
0.2652135284348376
0.2520385705402065
0.2536399701683881
0.2556962223848995
0.25798346110592313
0.2754130204007665
0.37338302772781207
0.37465800393861104
0.37589883875421803
0.3408753765112399
0.24404422439812867
0.24385648914120658
0.2439512540268678
0.23793175975150105
0.2374831692842071
0.23706273254391824
0.23678753728735155
0.2318346798749316
0.2323953566884032
0.23324041267533355
0.23409062094425437
0.22794525018041803
0.22771144947758862
0.22748090555816022
0.22707486255384118
0.22614197339944653
0.22726278674756845
0.22843378886220336
0.2295325604195564
0.2352814081291838
0.23553955137382332
0.23558781198522175
0.23582231883701965
0.24499621534945307
0.24417804316887687
0.243019676158537
0.24187580358463756
0.25372425050077607
0.2494978860041239
0.2658674763159377
0.2586113260070601
0.2841302782647289
0.28049034993321337
0.27821807734717635
0.28461577812601874
0.27486427056913393
0.26811944630282
0.27384577073455335
0.2922188037703168
0.6664065456594817
0.7626694150910164
0.7451915952894397
0.738575258433519
0.728814986600989
0.7278435514498202
0.7205278593472322
0.7131219238589701
0.7049975624375943
0.7034189575403916
0.7104495584551244
0.7130884224364508
0.7377769425705785
0.7620066847473572
0.7743932950085822
0.7743932950085822
0.7441968236438726
0.8116838505501333
0.809177388058985
0.8095937347841303
0.91291930858041
0.785695888409493
0.785695888409493
0.785695888409493
0.808301075211315
0.808301075211315
0.808301075211315
0.808301075211315
0.8196036686122263
0.8196036686122263
0.8196036686122263
0.8196036686122263
0.7142490839778715
0.5729748286557748
0.49758454258062135
0.5048332901640742
0.45981839172916505
0.4600235180059678
0.4350730576107967
0.4211333690210275
0.4167749403902394
0.4126491522111636
0.4086998096447575
0.40690838355187364
0.384430855346868
0.35017069949325785
0.34653441016992476
0.3376638789332583
0.2855988894867298
0.26848280179161116
0.2752544564429087
0.2659777512042784
0.2858874619004852
0.3817314087204776
0.38072515530608686
0.380193515832194
0.33770222456786353
0.23616447326116494
0.2381235843832843
0.2401365141213559
0.23539571167833168
0.2359282176611693
0.23638409967841845
0.237331037322591
0.2328980443958451
0.23427866721223575
0.2356853268459045
0.2373233876820962
0.23206604058481728
0.23254864337261955
0.23332514890336245
0.23389431297068908
0.23275332842536783
0.23361719590350455
0.2345001710087198
0.235241209073798
0.24035545843735426
0.24049214935385024
0.24046815427905358
0.2407095327473086
0.24962181728772445
0.24837464607156495
0.24713564485679998
0.24159376701632004
0.2638037904384992
0.24763358664470622
0.25671133719637174
0.26297844915583213
0.2555524732585103
0.25366495198031597
0.2621554170793137
0.257730866212296
0.23990129053275858
0.24022003612374276
0.24015461617136447
0.23995196528191703
0.6659658434918472
0.5810866566200191
0.5454648067820242
0.6055724851035681
0.5734539707888636
0.5648262630183458
0.559065310752181
0.5526178910677602
0.556041874130174
0.5721564991173272
0.5808526097021757
0.5713534352744607
0.559324128361366
0.5513986515217436
0.4646942798547241
0.4209389762318506
0.35086266963316076
0.4864788605632891
0.48979658354026684
0.48367246681110543
0.5654142976588479
0.446852885645652
0.44712311468827387
0.4477429395849527
0.49000551122896113
0.4801745138122439
0.4628750657313668
0.42531222033753036
0.43925691638162234
0.43641885960008137
0.4236561086852846
0.4416115589017951
0.662426283999038
0.32302873527308573
0.31408570261925317
0.30156053370105734
0.2964207790166238
0.29632524613342776
0.296492152341792
0.29726325724805797
0.28315676814710417
0.2822732596244643
0.28168672839968395
0.28109667425947577
0.27070944048735407
0.27059925856737627
0.27041876719304453
0.2706662832636073
0.25637054150137434
0.2569823180093585
0.257492283935502
0.25811706810240714
0.29681838611440015
0.3946136676436786
0.3958443254212727
0.3968489790134753
0.3456651554040494
0.24932752526305155
0.24995371867934096
0.2505177485786267
0.24573573947646776
0.2465066972229132
0.2471917552781545
0.2478734254918809
0.243362269038233
0.24424849687552788
0.24527242527799428
0.24605081384188462
0.2403011776285056
0.2406743407848214
0.24077099601904267
0.2411428295830492
0.23971092995069665
0.2403438865506605
0.2407649341812001
0.24113359809386992
0.24678891791270618
0.2467239356123793
0.2468781921494548
0.24706078080683702
0.2559551626733007
0.25475167857278186
0.2532552486488488
0.25182806307990657
0.25519488945505026
0.25275697355685406
0.2508694220858901
0.2592603296849909
0.25752684569910517
0.2615759298627792
0.26787761349294287
0.2678610725876652
0.2631072103239227
0.26609429628152304
0.27040012315737577
0.27695558860353675
0.6663420672625551
0.6584128199321727
0.6389588368986052
0.6256499079610996
0.6326491838103219
0.6311429003376988
0.6302512271475893
0.6301605957445107
0.6280872916839839
0.6285904862458339
0.6310007276360162
0.6346442727290308
0.6379122756238704
0.6430155201930423
0.6479267112575807
0.6587378270376851
0.6111375585278911
0.7346613044269269
0.7282278605551856
0.7241137514546228
0.8286692057867814
0.7044546197149537
0.7267928154490615
0.7281159472220884
0.7629243756260587
0.7625431443764584
0.7426316043774934
0.7378323154251389
0.724990412292282
0.7164609530408176
0.706719063543266
0.6948194904948324
0.6403957011483411
0.4383280706510758
0.3082000838348793
0.32148140796843977
0.30224302472636366
0.3158738891519896
0.3079263420881053
0.3077260325647756
0.2901431527551353
0.2940586289724316
0.29004057062266964
0.28754541936779576
0.27491248170024407
0.2787807702363304
0.2683656754881836
0.2706769843459867
0.2465596648759773
0.24731703238149602
0.24823182760933535
0.24899687734426953
0.29875779656796597
0.39502069075620455
0.3943959029053266
0.3938340804983525
0.34255714894872646
0.2477235400528896
0.24973471344481618
0.25169943687903185
0.24707648766901452
0.24796098219946194
0.24876963468027688
0.24996829454183503
0.24460432348406852
0.2448831662376979
0.24508999061348802
0.24546412626203942
0.24058860533030274
0.24136571417585623
0.24237661690839157
0.2432924171165524
0.24281600385060448
0.24418780585551353
0.24550895562882918
0.24714172869849585
0.25188851923060546
0.2511800841638165
0.2508637735819532
0.250704008038942
0.2598763170825509
0.2587644280957539
0.25766931483470057
0.25647518111665885
0.258839026090873
0.25578572225472596
0.25304653521296894
0.25053653872660997
0.2502297004981324
0.25871858857454083
0.25265172873101066
0.2487427274128613
0.2551785555323412
0.2563487784842054
0.2579323180163206
0.25936135573359015
0.6287596075305951
0.6962221211317842
0.608464998123667
0.6004798307283356
0.6124213639031526
0.6088670497017751
0.6116719732037105
0.614148812187102
0.607907659440033
0.6120616914031694
0.6119259042715476
0.6121744704890366
0.614421950694689
0.6214950302374354
0.6291170794374497
0.6354699673233405
0.5917604348095542
0.7264915503079421
0.7315121282166782
0.736446590837716
0.7953970483244881
0.6608836789684718
0.6578551954933473
0.6535999727714433
0.6761200200890938
0.6649946115579218
0.6410401621815823
0.5905983402025384
0.6064934352715501
0.6104129051286618
0.6102932760118294
0.6123304612535893
0.689157574294511
0.46757448910548965
0.2987882013467019
0.31501832884084996
0.2983329601411662
0.29872407585276994
0.2995049986672193
0.3003481469988758
0.29141126183532723
0.289539867831626
0.2942146254949355
0.29280166103296656
0.2790636599362922
0.27023726749153637
0.2698057192585727
0.27236126130541277
0.25678771153144114
0.24720679541404827
0.24697881827312695
0.24701803772397543
0.2825310603860251
0.38224857544521623
0.38529474635304556
0.38844538459117695
0.33592131436926914
0.23941905240080985
0.23997344771011606
0.24060308743098313
0.2358884147778749
0.23608886075809318
0.236830155652676
0.2375709474761513
0.23288279963112685
0.23361678918572387
0.23455120614324365
0.23556801315496265
0.23015320100380984
0.23069340469769517
0.23148950009091285
0.23220096537073714
0.2305742675446658
0.2311687435850139
0.23180673000418103
0.23218736357474276
0.23747717541165955
0.23746875366959908
0.23753262493389019
0.23738241320710776
0.24662613950999315
0.245844378884097
0.24478625722801095
0.24321696288142725
0.26606171244164434
0.2511281866355342
0.25340499693439755
0.2616107864679756
0.28413713610280933
0.26912714305564084
0.2896674550022337
0.2858860779047177
0.2793535050072098
0.27615151910025626
0.27852557409572826
0.27943256302406927
0.666410424211286
0.7239318118202098
0.7153956707458197
0.6959863947221446
0.6998360964725214
0.6745477052730962
0.6723554258633797
0.6704119997798783
0.6687887722325575
0.6679395604159512
0.6678478327371828
0.6699214300737454
0.6810624514859893
0.7003357101030231
0.718111114229548
0.7743932950085822
0.7681668369788978
0.8538547926862022
0.778544644306255
0.7286332992639382
0.8614828762264876
0.7581702741312754
0.760644228368615
0.7609298812330417
0.7969834566785835
0.7958895019136881
0.775223999845381
0.7498748680492362
0.7505786618530711
0.7482194750419601
0.7118744664161742
0.7057548734213993
0.5797744772988612
0.4141482003990886
0.34037467574883884
0.3534681603435686
0.3517494702960704
0.348195576285104
0.3237974992027234
0.3315319610270795
0.2994360660737537
0.3020531438512428
0.3024694984265694
0.2931798022036405
0.2864338357591511
0.28098373550461225
0.279394901128986
0.27632778206819936
0.25426990576935726
0.24907264600148596
0.25204985067055613
0.25572579658907246
0.2787564285549174
0.3768608836568354
0.37823060547827314
0.3797147921943003
0.33914775274701314
0.24357198636987681
0.24516864841277625
0.24668696993737851
0.24184147797156844
0.24234778297960408
0.24310337133563478
0.24371062206067004
0.23739559978290953
0.23668981301995062
0.2360569818785331
0.235306736609098
0.2298202780326774
0.23046972821037015
0.23099207495142937
0.2315298096959972
0.22966931745639543
0.23014507833206604
0.230287438745171
0.23045742597683772
0.23547529936300557
0.2352816893147009
0.23496414650386552
0.2345675126485748
0.24603924980764946
0.24705905371334136
0.2476809768570878
0.24840318679496537
0.25328349489846586
0.25218326435835564
0.25082618833869164
0.249425200787858
0.2503905711132839
0.25039226773584844
0.25028176738529306
0.25078115388311767
0.24486869696112443
0.24398658807649526
0.24913468212564505
0.24379434102076739
0.6664555947623203
0.5985042765499528
0.5764940560103157
0.5974069906537187
0.5934252516004047
0.5932126071250429
0.5933937668274971
0.593269848161654
0.5454375280394362
0.527322613525232
0.5337950207502405
0.5360994596724419
0.5481889047933568
0.5231262697127933
0.49179753697977535
0.4745006380233242
0.3599580646604404
0.4881135002280684
0.49052136591090556
0.4933020493442019
0.5732442135099008
0.4386540227422309
0.4316238941478455
0.4146767128235368
0.427020688833785
0.4085460153311584
0.4157030050880131
0.4124330378773744
0.41464029214677495
0.42487066467899015
0.40809639957931665
0.4122121399875405
0.626340534113118
0.29628026384890566
0.3223338488086501
0.31397019397164705
0.3062978746214549
0.3045389407243374
0.30316143659554995
0.3023256451933392
0.29794671143723717
0.2979970127138614
0.2983715821762865
0.298733921200669
0.28809755147020527
0.28802579483559243
0.2882172878415166
0.28832798395087084
0.2734105285700639
0.27312048331699923
0.2729821604049424
0.27275166548322094
0.33079496563374705
0.42867428505816696
0.429691149414217
0.43062637125072195
0.3742219647682643
0.2778566588545803
0.27810065429938247
0.2784449908452064
0.27382440724099333
0.27483223425338515
0.27565707876269163
0.2763935943480913
0.271425745433186
0.27188530264792005
0.2721601334857813
0.2724952998397141
0.2675237023736716
0.2681832379104504
0.26881489856077534
0.26939186802840226
0.26904246418020744
0.2705320641432473
0.2719402057883855
0.2736501199466146
0.28185159614147526
0.284597928422349
0.2872965750210114
0.2895550773992546
0.29583699897883653
0.2917722080160008
0.2874472805318846
0.2834943466170589
0.2862892045539337
0.283224427834205
0.2806760679394002
0.2781225338220837
0.2760768921191433
0.2732490710911006
0.27110387114706974
0.2690800359367799
0.26390077236556286
0.26358005777621357
0.2635484150989461
0.2631797637773472
0.5015150332029021
0.495114976351392
0.39053515795822236
0.3675320233272743
0.3905068151846624
0.39288840995897384
0.3843362718733323
0.4032865656735167
0.3846475218837469
0.38789780092005494
0.38518747169273365
0.38220538844356866
0.38086401248651813
0.3798342811089597
0.37940474476245445
0.37912347500747834
0.38541495054306446
0.5146710673400249
0.5148609865763832
0.5154076856872416
0.5120460246945485
0.3813332873504778
0.38093156389223426
0.3792251181249035
0.4006020568870208
0.3984971349173903
0.396019446851127
0.38990753246447996
0.3989080807787873
0.39676070637775573
0.3965361757353842
0.3966640082867337
0.6092151044116607
0.3055038755265913
0.3315793177292993
0.3235643504000805
0.31504223152918787
0.31254993556914074
0.3106909101426522
0.30904597811793244
0.3041463377434913
0.30407828426807504
0.3038862030931785
0.3038882116534221
0.29293232877037517
0.2927982227869179
0.2925608558253216
0.29229616284511545
0.27807816464228935
0.27846379277646216
0.2787809809357857
0.2791558876823595
0.3308197274534954
0.4279481539544356
0.4282344776633081
0.42831180323984225
0.3631267764719547
0.2660966103639579
0.2659868668484884
0.26614707262086235
0.26160068086723326
0.26218941899479814
0.26268925957850153
0.263454173060402
0.25950222821258423
0.26129556859698055
0.26313149826147636
0.265516510143156
0.26031823700244583
0.2607959424283781
0.2614296943638842
0.2620133728724695
0.2611110696769528
0.2621384969354148
0.26357205079598506
0.26491437416131874
0.2698535523791398
0.2690858820261878
0.2687189693131584
0.26702332804942724
0.276226009116597
0.2751728922885099
0.27412156052874803
0.27281067391159713
0.2755718020050344
0.2730313029630284
0.27130190130686066
0.27012643871015274
0.27061080349283295
0.2705245735853454
0.2694869646523247
0.2683346992819046
0.262490542320225
0.26167878712381143
0.26089400337716123
0.2604634715664959
0.6002259348040949
0.6189376765485871
0.5210127889409746
0.502337539843018
0.4594509756311139
0.46601315448280484
0.47127261726888137
0.4465762984024013
0.4243840491027831
0.4088920798017777
0.38479713222433193
0.3919972434232678
0.3770489667776328
0.40675847084077105
0.40000595546310175
0.4019645355238484
0.39057105514796686
0.5217790328170377
0.5236701295750772
0.5252825008110383
0.4899741575819616
0.3620344011554991
0.3667818608428367
0.3703075167169328
0.3876978820309006
0.3856201946225777
0.3895053252673041
0.3819155775752416
0.39134052444752004
0.39096891726770694
0.39049388463957263
0.39000519452295385
0.6193485668534527
0.30496301034843964
0.32791231038677393
0.3195793733861289
0.3111788327230232
0.30872611909500214
0.3069247026702417
0.3048579249215733
0.2995829825168842
0.2991420537663613
0.29873773476141097
0.29872935101307585
0.2881750705040722
0.2877397106189352
0.2877382091474276
0.287706428013895
0.2730391230155226
0.272926295175482
0.27304355564140065
0.27294605522930443
0.3270979928842407
0.4248091254634841
0.42576695514148044
0.42663458794789916
0.36659463018771743
0.27010980215167857
0.27057381283075044
0.2709842697800891
0.2663887399540631
0.2631593577790827
0.26416859279075894
0.2652816910002222
0.2591762032172072
0.2589507945825575
0.25839017235090633
0.257815438630427
0.25235616340486045
0.2525828120784861
0.25273458938379245
0.2528244732791446
0.25149947856770266
0.2519629779569342
0.2525017615009124
0.2532034664684334
0.2583547934719234
0.2580579459725562
0.25785778505921403
0.2566156267827404
0.26587154712322786
0.26454119570610846
0.26314829375323046
0.2619651407538563
0.26681324445249166
0.2714896580287841
0.2713584308441419
0.27172159189789546
0.2701686908494726
0.2677794169306742
0.2660482096818652
0.26448928515616627
0.2587587279253432
0.25799369810353323
0.25748965071870766
0.2566700810740104
0.5711935080135875
0.6289976705263294
0.5251274595800273
0.48813201296987013
0.48915274103503864
0.49423208794330536
0.4900156530110881
0.47001543157687387
0.4663000999797629
0.47008731094686346
0.4704226873326333
0.4437121164539137
0.4550594830240092
0.4543123588902111
0.454035195294189
0.4639758670408059
0.3587733901547922
0.48874258709402807
0.5043869931528723
0.49746916197392105
0.6752425769597765
0.5475384644689751
0.5236090453992495
0.508925687059427
0.5287150029333225
0.5171444550657454
0.4673825965729623
0.42146030065443824
0.41559238142330873
0.424415401248553
0.42424792908579556
0.41878633477499094
0.6397355258840038
0.3098564516397398
0.3225691813049124
0.3128224217552058
0.3050502508969096
0.30284173301760847
0.3013248316082972
0.2999727266888745
0.2962497654209373
0.28956687416079935
0.2903899025305873
0.29104089570354064
0.2803742170474201
0.28042345180437156
0.28041964168703665
0.2804847701663386
0.26506211504722044
0.26460379905634357
0.26390603611910485
0.2632749497873635
0.3077664678905099
0.4049840176093758
0.405238037714277
0.4054396313904307
0.35274342552935073
0.2565686700586415
0.257384743034384
0.2582427424224582
0.253448067767296
0.25378062356832043
0.25417917965476317
0.25427831627696307
0.2491575991957803
0.24926653432576645
0.24939154552402337
0.24983706053334354
0.2450241160715068
0.24592117762536472
0.24671938010658426
0.24777554324759252
0.2461376405210379
0.24648376158312296
0.2470605537002215
0.24767096271597025
0.2547430414401429
0.2563853396215558
0.25823181610704077
0.2590895850015477
0.267120382566788
0.2646881609206011
0.2625124389279388
0.26007828140183
0.26696630443459046
0.26801641524824116
0.2697564263816195
0.271245752395991
0.26760226596732506
0.2637261960987209
0.26025757128219934
0.2571046009219964
0.2516944031551502
0.2514966960204066
0.25127637335796027
0.2510730363828699
0.6159565874210325
0.6571608494060959
0.5282559795244107
0.5073951261818151
0.4831818576395279
0.48113826797455184
0.45872921575223613
0.4567269924948514
0.4498755911828115
0.4105945232836893
0.4105504540774013
0.40793110772887403
0.4048910622772854
0.40151849638845966
0.398463952453043
0.3754689388089654
0.38026672492265096
0.5120348306260852
0.5145335257439305
0.5175539030775428
0.528700675456032
0.3964101599469866
0.40530712603388314
0.3886510975083975
0.39007903032645824
0.38477298997207
0.38382453545460526
0.3882764417651799
0.397722557956996
0.39723312028720914
0.3965778355442439
0.3958062245928746
0.582668107201108
0.3125533763571457
0.3341737728737069
0.3273855236408853
0.3173462352043613
0.31360739187752285
0.31036526422063737
0.30754654659805286
0.30215428904804253
0.3011447891839948
0.30034442754523755
0.2995156641442192
0.28876782749774843
0.28834895275195865
0.28807575437208555
0.2876057854558814
0.27372545623039163
0.2741945463007755
0.2747035567631767
0.275568891067221
0.3353796854261684
0.43333270358695963
0.4343452986554346
0.43557772044987203
0.3709026459554717
0.2732092773203634
0.27269151974318634
0.2723891309713878
0.2680061968965708
0.2688889139328616
0.2698344164610585
0.2707168218968928
0.26594104837537696
0.26655749511935095
0.26753459064455065
0.2683759712514348
0.26288274719707916
0.26289733011883953
0.2632100150301221
0.26326732198243813
0.2615348112138514
0.2621355553904941
0.2626683393162537
0.26311422173594634
0.26889362930392496
0.269404755999682
0.26966025049490266
0.2687911515001832
0.2773107949195999
0.2756039575770982
0.27351630804979493
0.27130041844800706
0.2755690417965257
0.2743522837440748
0.27363570901489226
0.27295271634011153
0.27417272398020565
0.2746085087837572
0.2754779097673583
0.27638314041581413
0.2709055549524252
0.2701573450839073
0.26938213527860844
0.2688675382819576
0.4713655199976828
0.3608376384521625
0.3721964210004951
0.40743382719633203
0.38311857498472324
0.39337024128130327
0.3849507435294604
0.3860066943160477
0.3808875688269353
0.41628371424392696
0.395271490026967
0.4057193764839118
0.4000787949870388
0.40522119493141917
0.39579039750212247
0.38774091722363063
0.3783109105462549
0.5086750796735281
0.5102190754521789
0.5119633555600028
0.5111786903441216
0.3905144841206071
0.3956129939017127
0.4001986364301401
0.42228595188382373
0.3993393860941123
0.39627669121301273
0.3845191043871775
0.39567553318159976
0.39612845356912796
0.39647418465304757
0.39655394245007486
0.6145498288300385
0.3060664698734684
0.3294959407483314
0.3200658323751426
0.3118736113319153
0.30964437326380334
0.3075411467928745
0.30623495470879697
0.30158472963990324
0.3012455617948326
0.301057675571097
0.30149286919462714
0.2904639560972349
0.2899799360057332
0.2894499860739398
0.28924928357145535
0.2750330367003291
0.27540128090535637
0.27620135739571344
0.27233273269057817
0.32978072688156423
0.42948710546565805
0.4323919938210014
0.43518959672077007
0.36381394212407914
0.2669178454060589
0.26705992924644667
0.26710480576137036
0.2631988053111629
0.2643291725149299
0.265730160249819
0.26699951633445973
0.2618943276792038
0.26270908157221096
0.2635553192577756
0.2644686803162618
0.25900262232199944
0.2594946070929348
0.25970053776070945
0.25992321744017177
0.2577308508746217
0.2574507260351518
0.2570871488297512
0.2567570997783395
0.2620963921179246
0.2620078262575783
0.2618917491733952
0.26066233298155034
0.2696981189468346
0.2682793280063239
0.2667058794947582
0.2647431979217431
0.2695026575080785
0.269007656685722
0.26953909779981333
0.27077549262474027
0.2700290343751807
0.2684111529842252
0.2667707502752028
0.2653900345989584
0.2589271093358773
0.25746131599958694
0.2563738919984009
0.25525892661216737
0.6116811453115385
0.6561619985063896
0.5448031965731405
0.5334508313540093
0.5367273535843786
0.5433706043478558
0.5362613753207878
0.5422265399031063
0.5310297359515314
0.46378059248220566
0.45013775961075203
0.42228626367538524
0.387867658747751
0.3921950752773437
0.39869965152389025
0.3963926339053033
0.37118375314927987
0.501350141704732
0.502318658894372
0.5035071489113176
0.5309721991936323
0.3986081929783867
0.39543406565565564
0.3947297460015835
0.4350625888500972
0.43311486800916355
0.4432228763438482
0.42040636745075066
0.43104166069710026
0.41048961178758087
0.40544529580551797
0.3990618006155494
0.6177368170148777
0.30194355415874846
0.32503954737090573
0.3164174568934084
0.3078492115570347
0.3053694928300518
0.3031421515366999
0.30143799906594354
0.29551192905857654
0.2942122111398644
0.2933815435406997
0.2926517061622392
0.2821230542576443
0.2818177931775082
0.2818147111235077
0.28160440196955944
0.2669226009258598
0.26722477444850135
0.26748967617791
0.26770685395021976
0.3177763144880135
0.4157466726523355
0.4165943001489361
0.4175009417855147
0.3577603209306234
0.26163581385218815
0.26232817738713327
0.2631555243141315
0.258146769129473
0.2586404764648864
0.25911163001623716
0.259553479039211
0.2548998632004226
0.25570251364440677
0.2566461372404157
0.2574520501394638
0.25197444580273914
0.2520123077331528
0.2520618904535693
0.2524341982185998
0.2511362057173254
0.2517225825291446
0.2522830909612909
0.2529712114979183
0.2587364643548997
0.25915069901862203
0.25978410411560077
0.25922611188585803
0.2677509549351643
0.2660735222101081
0.26390606866853217
0.26185449343447154
0.2644896608017074
0.261241535893242
0.25867394704243235
0.2560668977764707
0.25569792137969943
0.2543414059620787
0.25338231526799265
0.2526298148933744
0.24755705475541617
0.255424985260856
0.25292323762287267
0.24900891619390403
0.6297271901053959
0.6988654258866657
0.5991210753087164
0.5885657057744422
0.5946496287228968
0.5928308916177537
0.5907702495589146
0.5900741360530268
0.5919515606891066
0.5882256132555972
0.5427228166959173
0.541251939491425
0.5431369060165031
0.5402952882862808
0.5355746762493544
0.5416050451032859
0.3889330698234978
0.49903361700979826
0.5070012092909081
0.500907861276214
0.6895937520133318
0.545359129896533
0.5356375513986213
0.5229816730229855
0.561782769181012
0.5549825416898189
0.5403730129162506
0.5301092684476241
0.530712185190193
0.48127023182992673
0.44901001799777257
0.43295934000005937
0.6409848692560058
0.3065509545052566
0.31796660869219195
0.30946374617903705
0.2998493726143483
0.295812690987675
0.2937484451918686
0.29160762051790506
0.28629169721886627
0.28544356843128643
0.28560053321843304
0.2851159852296154
0.27430249919469857
0.2738990761929532
0.27345816846603704
0.27320874915526216
0.25848334571374654
0.2579244596549058
0.2577711709475417
0.2575316005214278
0.3013720959569949
0.3944645311501932
0.3957966029905589
0.3971157412600955
0.34793027664982307
0.250775896938406
0.2503174311170161
0.2503533684352265
0.24519502784622582
0.24537670113880697
0.245557487135865
0.24562432195124506
0.24027016775664695
0.24054053433413736
0.24107438680064697
0.2415763634875647
0.23597855844478888
0.23628324595926858
0.2365529166161165
0.2363924379715115
0.23428047045591816
0.23392585131633273
0.23395500446584325
0.23381777328569206
0.23978088526478744
0.24028159326642978
0.24238233476675097
0.2429168106651678
0.2546239940780606
0.256573967684239
0.25862716743532616
0.26103255952019
0.26563659094083897
0.2644409781985624
0.2625439881395467
0.258546865066875
0.25954151527597125
0.2602451231185621
0.26119134940882377
0.26274796325285843
0.25674990016235094
0.25547966257447663
0.2549246748233836
0.25723992405193385
0.467269968353752
0.3402552941710277
0.3820144074320239
0.3758776257748003
0.37277489217172016
0.37345379341033114
0.3759022011924138
0.3756854859693834
0.3756475582749061
0.3761298461411367
0.3765931031725827
0.3768278278968092
0.37609865784418584
0.3777272115026345
0.37675914455549386
0.3759195312035429
0.3786460499432587
0.5086065091834882
0.509606462174902
0.5105829119662539
0.5115471654000406
0.3809691985113311
0.3788427288162283
0.37634248910002027
0.39692601715855363
0.3854821139256187
0.3841082145350572
0.38654366494628994
0.3962814921714787
0.3958757425123725
0.39526633531421973
0.3948189123260472
0.6237244608685816
0.29922446604697406
0.323596897338295
0.3143724794870225
0.30708518536283796
0.3055009839493405
0.3046281650456208
0.304139046246252
0.2999073254895137
0.3005524845070228
0.3013962512869021
0.30302228771961004
0.2924384332094568
0.2923588174236862
0.29233290501454573
0.29227168961542344
0.27735367252318927
0.2772473145066394
0.27735485877062477
0.27749136286374104
0.3177558914372144
0.4140486742464474
0.41342417937082426
0.4123941353588226
0.36094810202762845
0.26411552150664186
0.26468014780031573
0.26503112370085485
0.2616801772673936
0.26372694108775274
0.2656825492253358
0.2677115209679283
0.26047723758748964
0.2592213233060332
0.257887203532245
0.2567040306934061
0.25199847992047536
0.2530466949905891
0.2537463774772023
0.25477055904619045
0.2542004145663037
0.2557543070899864
0.2572284740625314
0.2588637282987506
0.2611567141337927
0.2579169650358202
0.25529547115321244
0.251451521349886
0.2605011104747224
0.25904520459265606
0.2576684127232147
0.2562611198929667
0.2596661294208484
0.25725341274229835
0.25512561033966014
0.253381029599009
0.2536712133219952
0.253350136387151
0.25349035767068817
0.26437673602085554
0.25682777052096756
0.2522277421444958
0.24965478173351136
0.2598593080318779
0.6286812259196269
0.6858802769772939
0.6010296344927052
0.5961982484126803
0.6088541179576614
0.6033195194941835
0.6061047239521049
0.6008151684522617
0.5950373479346794
0.5931202435720043
0.5936007412491713
0.5949307319902168
0.6063763291827544
0.6036405225827804
0.6062997317797862
0.6116511492401221
0.4549177224253499
0.5110313345924135
0.5217531451832825
0.5216082796125019
0.7768130194977682
0.6504652710724385
0.6481376727053049
0.6427138220189644
0.6524887523647706
0.6427486121749072
0.613268063435463
0.5875323072069295
0.5756989540101947
0.5768876445963114
0.5772961570686264
0.576539118567372
0.6618112269709309
0.3429919864915315
0.3057679783187578
0.29625242863376094
0.289654140638569
0.2884501279660825
0.28760711997346405
0.2867141266619021
0.28218781279995064
0.2819360783429324
0.28230585510490463
0.2825723150144468
0.2721754648331568
0.2722232609111871
0.27222515472230674
0.2719772448310121
0.257782961595587
0.2584412072477364
0.25910847475577936
0.25986878994025325
0.3179086861344257
0.41738366858518905
0.4196114307419251
0.42238224911864186
0.35752034906135693
0.26150902456690817
0.2622157254847739
0.26305843347160396
0.2577434928265606
0.25751761295408315
0.25742453254171416
0.25725243634163536
0.2529371756980403
0.25407000668257995
0.2554137653458739
0.25688148458332777
0.2515680561013742
0.2516368567587171
0.2520165394402555
0.2476201887289315
0.2459427703467781
0.2461867788022622
0.24649698777473347
0.2467963698749208
0.2517614344641434
0.25170579259961184
0.25134868740225097
0.2506909874628634
0.26030206094216113
0.25959987723089634
0.2589995618721897
0.2583205272378441
0.263807173656741
0.2633780136866914
0.2632360565691036
0.26286491142941354
0.2688487139511769
0.26849096613197665
0.2678670215412009
0.2667844641279173
0.2610450121693932
0.2601337201558692
0.25934791945749247
0.25834684843134376
0.555711552463524
0.4818711185562802
0.4323424172986576
0.43112345343895386
0.43079116154968317
0.39907006231738645
0.38831306836774654
0.3834210111855623
0.39178059328364073
0.3913922780719579
0.3743026487229218
0.3640561324966087
0.38607450160018675
0.3818322420948124
0.3946954254897642
0.3797890867826061
0.36742059855403614
0.49800703402695823
0.4989968569623848
0.5002546419668814
0.5414100312712604
0.406093108560274
0.39580263823578826
0.38761916909605304
0.44567878376462505
0.44164351244030564
0.4455361501456808
0.45548150730688475
0.45049491755685456
0.4657950512486182
0.4576442077167018
0.46194639604813736
0.6249202372230752
0.29149794520290173
0.31887344243874644
0.3099652285676606
0.3026054424163763
0.30095470381797446
0.2993788711949678
0.2985372722071113
0.2930414585325347
0.2924881084395622
0.29189472712430653
0.29152093614982616
0.2814043548044906
0.2815510935839781
0.28184184622522374
0.2833653478984458
0.26814261115858806
0.2673375801411628
0.26664099458539436
0.26598852265678674
0.36383022609911725
0.45952797889915875
0.458687746017184
0.4566363181824597
0.41806483837425934
0.3219566249635234
0.32186859063249124
0.32167829211094134
0.3147097923997637
0.3150609769549023
0.31511108488246303
0.31557458885881307
0.30891513403338394
0.3095194096725988
0.31009832309457186
0.3104626099873661
0.30303401478938674
0.30297090510333075
0.3032715535721803
0.3021739661180828
0.30034987799456525
0.3005574844157381
0.3007321282595197
0.300552434985717
0.3089786160256001
0.3086738524480765
0.30848625179475325
0.30813133765353157
0.3219772560239089
0.3231231991807944
0.32280530871472524
0.3228142513435456
0.3296043383792707
0.3294598768652572
0.32910390911478665
0.328850773857016
0.33026825059921155
0.33052127887665755
0.33054382294938034
0.32930234184466467
0.32233079100309203
0.32178578087407317
0.32111809563974514
0.3203760548198364
0.7335133033164747
0.5650250170743236
0.5788993341766839
0.599583061063875
0.6019318401451635
0.6041499441557656
0.6049514376983814
0.6064850309018965
0.6065350953092633
0.6071285517699418
0.6086690324150444
0.6097513498035102
0.6098741445105251
0.6094689610114603
0.6079463881980732
0.6085911084514839
0.41973152727418567
0.5525789882524934
0.554211152811349
0.5588725871974323
0.6957408114826151
0.5696767436212667
0.5732529830082951
0.5806437927819549
0.61531306752884
0.6028145519641854
0.5928324592428051
0.5811205271876552
0.5944315123181428
0.586296731285681
0.5830019506122492
0.5804546033764943
0.7120416867747293
0.37058834253998996
0.3979802798910299
0.38959279533263425
0.3810874060186796
0.3795074875346049
0.37864966872258893
0.37975264770959394
0.3731886861160843
0.3725317157268709
0.37209401905498385
0.37170360117665846
0.3572383742229741
0.35694720105820754
0.35629587755726144
0.3551044661078925
0.33549903372594503
0.3356118547615134
0.3357599868465122
0.335845223996459
0.3717766855155109
0.46850334598174714
0.4685000562560004
0.4685661240551705
0.41673790362399915
0.32042094306032026
0.3209517785974171
0.32116355788465833
0.31405785794234936
0.31387766857799204
0.314073391915686
0.3142276006941792
0.30743765654398597
0.30778033707337965
0.3077880726147135
0.3081077650714962
0.3006371926088057
0.3011213595143796
0.30142671236848345
0.3018324971667981
0.30059505310552015
0.30125568861890806
0.3015577084308086
0.3050143069061296
0.3116721026901411
0.3121123799248158
0.3126601209832671
0.3125216565423929
0.32583217007010606
0.325109501814813
0.3247369960192356
0.32413586109553555
0.3305775516646982
0.3294712715362962
0.32848268693302324
0.3275741466427484
0.32767277240911685
0.3330397807216725
0.333088990612285
0.3336895329727713
0.32628076824658747
0.3255076199654542
0.32496691115917026
0.3243225312846219
0.6120315937952827
0.6485147305944845
0.5544260853186641
0.5104154541265276
0.4579125716223897
0.44029520868939964
0.4288405555340215
0.43112563543989196
0.4233476187176479
0.428985467839364
0.4649531647829512
0.4358543649420005
0.4718984931760388
0.4660425901941208
0.46287611504910975
0.4722137557622853
0.4404025401868334
0.5709107842726943
0.5724136279973842
0.5742098933950949
0.5947085417589694
0.45740960567325306
0.4657216853830281
0.47178734788448573
0.506250261963911
0.4900263312239533
0.4883179148624462
0.48055614168924626
0.4925062914032994
0.5055724774562381
0.5030168659785911
0.5077668280384614
0.6897758924359602
0.3775990030764993
0.40346270475882406
0.3949186699833479
0.3860456736875452
0.3851642305557739
0.3849883124797934
0.3852997826722619
0.3778576406422571
0.37672143438546324
0.37582205399764124
0.37478478191140907
0.36066549116564883
0.3600797641836716
0.3599226294133594
0.3596530929589527
0.33961409828588973
0.33915182006393113
0.3385331778281799
0.3379587096311007
0.38404100496137517
0.4830117571928424
0.48496820991295936
0.48703144185881786
0.42631495935416847
0.3302411559262071
0.3307287705147655
0.3315661391137837
0.3251717980714163
0.3257907309961367
0.32642165712293447
0.3270808386726502
0.3200516835015321
0.319795631238187
0.3199706906943462
0.3199361899557018
0.3128789197848867
0.3130801455616528
0.3134055017279761
0.31371222377148505
0.31214099157165837
0.31246794627324864
0.3129119690034039
0.3137397317703131
0.32263964710137333
0.3229287755073873
0.3230544766439366
0.3231040857175183
0.33606337040565204
0.33546585298640474
0.3345090673384929
0.33365078232427314
0.33910477471681355
0.33713388148828616
0.3352374193559799
0.33296262786248276
0.33292426855027146
0.33171182184637127
0.3312423342206509
0.33075498700632755
0.32387553038619593
0.3235558740593084
0.32311166477709935
0.322350752310136
0.6751720143083532
0.5623367031398143
0.5858351582282519
0.579180927352785
0.5789374016407862
0.5213637820466877
0.44713380318753315
0.42892029037783364
0.4399394980992867
0.4489845707464121
0.4638436230031373
0.4506746027438281
0.4750935380506011
0.45910587772536515
0.4442279835511336
0.43575989786134056
0.4498633645098925
0.5786822590305988
0.5784545163273755
0.5781729407323244
0.6264139872168712
0.4875977029830878
0.4894535819484399
0.4822391924884738
0.5181352502219881
0.513718546470968
0.49807862014926646
0.4712167764244249
0.4949180661308825
0.5058999805165454
0.518441351857547
0.5037467505248447
0.6906264331838653
0.37888634346138167
0.40368589780149583
0.3947072508775081
0.38527809132041274
0.3837139648874408
0.38256150799086736
0.3818075990011959
0.3751999811618008
0.37475060789106146
0.37410536952172174
0.37390304431236865
0.3599360388767655
0.35994996176380195
0.3598930682834938
0.3600002215378372
0.34000180667150454
0.33928755114294995
0.33903083324688565
0.3386634477302809
0.3888825928614097
0.48750155077681206
0.48936521776172
0.4912264780153439
0.42603270740178145
0.32873582801474877
0.3285287446059975
0.32848789594332245
0.3230061558995483
0.3245615833457018
0.32620832271684685
0.32790170117664025
0.3207275697078824
0.3210165168840841
0.3212271616220195
0.3216529538057343
0.3145563005538469
0.315004018876017
0.31542130027069365
0.31546979389314833
0.3139923396985647
0.31418752769540753
0.3148212280093744
0.31529215941449173
0.32513384167736076
0.32623119128863703
0.3262354910421361
0.32569265955885035
0.33597034224785316
0.33275562527677693
0.3298467801420305
0.32704617427626775
0.3325967070106158
0.33082532442169804
0.32932249061945484
0.3283318079588561
0.3285326986762035
0.32791337950364774
0.3272700683384475
0.3266358163169215
0.3194612052240263
0.3189561309270071
0.31817964859224834
0.3177819655588965
0.6981122493489708
0.7534200195097344
0.6166487679062614
0.6012791468468746
0.6148030551113641
0.6197983374815592
0.6223440871129878
0.6165704627288773
0.6053993145819175
0.5671957531126665
0.5653680564407497
0.5740828487164986
0.5739309028087387
0.6113800362924959
0.6447369530710617
0.6401812302491302
0.45100118768598507
0.5530595032203596
0.5498536332474409
0.5493803054168422
0.8273276469771298
0.7026913574936219
0.7022871219948457
0.7032293310548045
0.7555466241591337
0.7368278763503164
0.7311966487239078
0.7278646198534995
0.7324507165375415
0.7262299607172151
0.7097690885170874
0.6914121997397046
0.7401008645475324
0.42287440042926877
0.3835042757303517
0.37845352057911585
0.37301937108071687
0.37306054961945895
0.37278234225955637
0.3732374521930141
0.35770940210915875
0.3569905820327147
0.3565545969165776
0.35627007874816413
0.3427550239012637
0.34315762709162423
0.34347798111429806
0.3440000873940176
0.3246638510446579
0.3246386290687006
0.3249868440078651
0.32534597430269446
0.3733339705607693
0.4688967574580776
0.4676837732705736
0.46642178815141533
0.4155228728930462
0.31921290730097374
0.3198602024081638
0.3207429187093806
0.3154868625375855
0.3128477277195534
0.31452921715578397
0.3160442916977848
0.30929941194317745
0.30983198802082823
0.31044475008082795
0.31125288750848407
0.3041972501085653
0.30471637423074666
0.30515700335383095
0.30528435567168766
0.30342826423607866
0.30340479836515166
0.3036111692266987
0.30369994908722703
0.3137838406672258
0.3151177793775572
0.31521840970060166
0.3152947854645538
0.3265475181563691
0.3242314178098958
0.3279392506012687
0.3263658562416388
0.33263925701394603
0.331473464234604
0.3304452138803122
0.32979476344384295
0.3283757363396868
0.3262557226266619
0.3243468657818929
0.3229059400056342
0.3155337889267658
0.3151036753316442
0.3144553527741129
0.3138636113078717
0.6898946819755412
0.7522288090462347
0.6463257823524982
0.6454462219788014
0.6643604798367527
0.6673408622858625
0.6626504899010215
0.6590225954636877
0.6545667158411711
0.6543286851628181
0.6596995154086985
0.6737073739978969
0.6802347366280662
0.6836273421164613
0.6900734319373546
0.6957750201474537
0.5995834965195801
0.6097268621746029
0.6302442639025312
0.622054363421471
0.8918271497675276
0.7668818218214131
0.7792708821172608
0.7886030019913629
0.8224775768219544
0.8287167687848778
0.8218141840331227
0.8127037094511186
0.8262517279076156
0.8129039726697089
0.7975351849751355
0.7870670332167056
0.7615630240068667
0.6274356209663451
0.41489078043990746
0.4068396607325602
0.3885373308224934
0.3902556320413933
0.4032517492737944
0.4000345656253861
0.37269952897766495
0.3791130893374349
0.37683124435961646
0.37426281009132406
0.3572155530253647
0.35607024105123897
0.3546933567162297
0.35380755031923633
0.33604754849026175
0.3346262512291459
0.33525903624271164
0.326469961621678
0.35228823724371033
0.4515049395073498
0.45379575775779774
0.4559128694473421
0.4093093242923648
0.31122495609973355
0.30214860424292106
0.3023530247422283
0.29651481261602536
0.2975983847863256
0.29841999544502124
0.2994080852092622
0.2927653721792267
0.2933710568362373
0.29409999286666205
0.29484921494546856
0.288124323750981
0.2886880486853661
0.2890859797628026
0.2896988836532179
0.2877801873611435
0.28797730068703026
0.28807398146262564
0.2882824191416106
0.29791419743244163
0.29858694326901003
0.2990950887558265
0.29966242735523463
0.31302318893402775
0.3128302496034841
0.3124376346833031
0.3119536698556836
0.3178895543672464
0.3165161850926732
0.3147255498407343
0.33082711128754444
0.3186858722882557
0.34551621191561216
0.33378404284620616
0.3389091826525495
0.3258340992740079
0.33995933910641374
0.33121527250253746
0.33490576084055074
0.7338556618413757
0.8236546901797404
0.8114056858652514
0.7998062827612367
0.782395767015257
0.7547475106248234
0.744972698056345
0.7317163332804278
0.7286107595870436
0.730034945037401
0.732494967313348
0.7420398057762144
0.7597016778138749
0.7836928351582942
0.8193362402687777
0.8451732481742873
0.8120146052143891
0.9299943772745873
0.9204367133710848
0.9292984339552592
0.9890326615948705
0.8598463155354702
0.8598463155354702
0.8598463155354702
0.8891924502578357
0.8891924502578357
0.8891924502578357
0.8891924502578357
0.9038655176190182
0.9038655176190182
0.9038655176190182
0.9038655176190182
0.8090444954649804
0.6594874479538716
0.6232758530669538
0.6257345068356813
0.6039040236563393
0.6047447590314758
0.6043078651825421
0.6047506051775371
0.5924255757985307
0.6032047471350103
0.5961657876061898
0.5971913309065422
0.5774268563492898
0.5473623773762037
0.5219419387140833
0.5209309370672202
0.45851527291693933
0.4430090560641288
0.4470234261288459
0.43094729997626113
0.3280362284758325
0.42647540730275185
0.4263198424662829
0.4237004310840312
0.4581986835879463
0.32702711147878893
0.33574383978657535
0.3166610085965208
0.3016413955266625
0.31327430140139145
0.30565171263587354
0.3053488720372674
0.30068698577139846
0.29126684742775766
0.30965616760558595
0.31303443500861633
0.28824607463061513
0.27974464957328743
0.28473360760528593
0.27688270984596114
0.28500345063399013
0.29047330270011895
0.2959150434887504
0.2797005209223023
0.30387873915163505
0.32279390525787083
0.32040193385739674
0.32313445303859395
0.34211046972480885
0.3707566868647369
0.36884895480023594
0.34391966895657783
0.3704341504616367
0.3550529440081449
0.35982257177864657
0.3697710598912307
0.35417264377692076
0.3684075410635287
0.3618142585771408
0.36513275738896966
0.3467162690909577
0.36285411716692967
0.36657541482131417
0.36595043603304156
0.7337822723556581
0.830500180813105
0.830500180813105
0.830500180813105
0.8451732481742873
0.8451732481742873
0.8451732481742873
0.8451732481742873
0.8451732481742873
0.8451732481742873
0.8451732481742873
0.8451732481742873
0.8451732481742873
0.8451732481742873
0.8451732481742873
0.8451732481742873
0.8378367144936959
0.9670230605530963
0.9670230605530963
0.9670230605530963
0.9890326615948705
0.8598463155354702
0.8598463155354702
0.8598463155354702
0.8891924502578357
0.8891924502578357
0.8891924502578357
0.8891924502578357
0.9038655176190182
0.9038655176190182
0.9038655176190182
0.9038655176190182
0.8064161747997824
0.7315694290325322
0.6622683483521556
0.6566872409602608
0.6376210509894316
0.6234354858475508
0.6219554690294714
0.6184538900061856
0.5909115223725387
0.5900099286851196
0.5874540506201624
0.5857144056580117
0.552314794294436
0.5479633998566081
0.48727725603541305
0.4750540750456617
0.4110374697077222
0.37988018974669585
0.4668281211521181
0.46000743691875906
0.31365541553688114
0.41212731148276605
0.4118406314703795
0.4121289053060028
0.4739581583081264
0.37585870838002633
0.3754916703155143
0.37396861608977217
0.36177894691769275
0.3544830484044187
0.3540198170261209
0.34284136368626716
0.3399607633404575
0.33910809077101883
0.3254479637669803
0.3237072408669517
0.3257569568011234
0.31106696218437657
0.2951046825267012
0.3047609171773242
0.3184545588443198
0.3057308899125963
0.31860644685408074
0.302516566031591
0.36171276931352936
0.3585331437283175
0.35476356635600714
0.353391130562085
0.3720917196305426
0.3706013588253809
0.36736958508514583
0.3672227419720719
0.37791127998495017
0.3803448677109357
0.38382115513542014
0.39060636034836105
0.38600392026075114
0.39373575945042943
0.40200112347725503
0.4967582025913022
0.488053460586346
0.4910142912453895
0.493087155358232
0.4947437086173616
0.73362120986117
0.830500180813105
0.830500180813105
0.830500180813105
0.8451732481742873
0.8451732481742873
0.8451732481742873
0.8451732481742873
0.8451732481742873
0.8451732481742873
0.8451732481742873
0.8451732481742873
0.8451732481742873
0.8451732481742873
0.8451732481742873
0.8451732481742873
0.8378367144936959
0.9670230605530963
0.9670230605530963
0.9670230605530963
0.9890326615948705
0.8598463155354702
0.8598463155354702
0.8598463155354702
0.8891924502578357
0.8891924502578357
0.8891924502578357
0.8891924502578357
0.9038655176190182
0.9038655176190182
0.9038655176190182
0.9038655176190182
0.7216392661846651
0.581899423320554
0.5525717172103702
0.5547518067395465
0.5451417284756447
0.5459966878512754
0.5422661246697983
0.5416205676916691
0.5297208463340257
0.5197952247796884
0.5222082159354651
0.5018486885872514
0.4445690180245631
0.4355822339080727
0.4105567802271508
0.40862702335431894
0.3524425928509746
0.33255583042545833
0.34977964348472584
0.322729577954215
0.34531951802045974
0.4430079385062697
0.44380398795848014
0.4443207325599884
0.3949299827865572
0.29842641803150843
0.29883446043469974
0.2991489894959021
0.2929702176095844
0.2938684862135185
0.29451690018379356
0.29529381030534335
0.2887818603387746
0.28933517174693174
0.2898884143078709
0.29034236258602086
0.2834532835365766
0.2838754729997056
0.28403490728905734
0.28454319106901976
0.28311679973407955
0.28362644419342997
0.28407059068613366
0.2846403339661866
0.2937146098298454
0.29377096666336805
0.2934213795631967
0.2929068080179622
0.32513697362403393
0.3221746537180489
0.32303540745354076
0.3246189900271279
0.32425815870178004
0.31447773782591654
0.3143556281168791
0.3333801080014642
0.3145884348830402
0.31408700043142407
0.3137647734466485
0.33414049230397297
0.3137404984826462
0.3235343404614187
0.31849243550653117
0.3335203065054499
0.7338175408505431
0.824563426391688
0.7532065045553964
0.7205995221411922
0.67285596339606
0.6652899240676879
0.664685016322551
0.6671413171660321
0.6653895089395901
0.6732972136375698
0.6753057805938157
0.6768032811105146
0.6794377644445181
0.688204192439259
0.6485250674780433
0.6492634638496303
0.5891645250419918
0.6952712509148724
0.6495291311379175
0.5956274148501284
0.7773978840152487
0.6496099609599458
0.6492829854380532
0.6934599534607124
0.7352611628160726
0.7221721285029071
0.7120601845390139
0.6941078886261348
0.7116469680608579
0.7043718595911723
0.7032986160693895
0.7025831074826739
0.7467041866530827
0.4430702159034495
0.37639240276764757
0.36696476480599394
0.3680262448743363
0.3634807739650757
0.36848139455932966
0.36194395068884505
0.3660974460637696
0.35851976967373245
0.3491987332570256
0.35999318799738583
0.33559904998892626
0.3356683986037114
0.33562833346394266
0.3354297254805783
0.31598475313424085
0.31605059384914935
0.3159809922121315
0.3159806718381889
0.3492201021512164
0.4464824518303367
0.44658746077922234
0.4470325127590731
0.4026920361323076
0.3055894661052178
0.30539716397287053
0.3053639687645389
0.2981966175031422
0.2979458060180528
0.2979455710450974
0.29810903341049383
0.2910252904329538
0.29091956937889624
0.2908997226571272
0.2911748103560056
0.28402899158426664
0.28410146687063964
0.2844144733748322
0.28466732935060546
0.28292637313023533
0.2832041954976579
0.2837102296930433
0.2841977248276689
0.2927649817933318
0.292868204498895
0.2929281395467511
0.29295126724620785
0.30686802958390336
0.30709263349058724
0.3074401555272802
0.3076671260988352
0.3150794756433412
0.3152954782672702
0.31554647537868363
0.3157442962768255
0.3162539421429615
0.31602302429120355
0.31567557378363115
0.3151402940362049
0.30847061273014065
0.3082703261543656
0.3079427728701042
0.3077020571354614
0.7337760626792745
0.6933402078860234
0.60752752693071
0.6926674107679613
0.6590292175919453
0.6365945002991776
0.6417479144680377
0.6294767078215399
0.6222277185393439
0.6192067235342447
0.6168392371933443
0.6146664701462414
0.611686816290498
0.6085092350048542
0.6062798075460684
0.6036219751749824
0.5632660493648994
0.5946298059166655
0.5469699470116925
0.5445647770553499
0.7590345936391693
0.6307241372528996
0.6307292287685049
0.6307842134578682
0.6722608111162388
0.6712291831488116
0.6694016028049342
0.6686080990674141
0.6856804249060395
0.6787859059165192
0.6733801714548491
0.6680387100002925
0.6249836572456416
0.3625781669962105
0.3836057056145256
0.3774255025435611
0.3700619587178863
0.36929379204279766
0.36866866130743053
0.3681132046166868
0.36105778182292736
0.3601068648143568
0.3590774446807908
0.3584298211388901
0.3448339729150367
0.34488723627242346
0.34486341597607983
0.34506981743698684
0.3255597990420811
0.3253216799664551
0.32527691929153113
0.3255628210992845
0.3675963473795927
0.4648913173714572
0.4653580257260866
0.4659596656525477
0.41178087107489825
0.3151643073227493
0.3157948640822549
0.31637825938575753
0.31637825938575753
0.30995967990288953
0.30995967990288953
0.31033122091746784
0.31033122091746784
0.31097870812618333
0.31097870812618333
0.3115963284482379
0.3115963284482379
0.296699134357147
0.29697124746071835
0.29694529471374015
0.29521788654717596
0.2957143583776085
0.2961114385971162
0.29637761907613863
0.3053779455010544
0.30582493186046295
0.3048966836989257
0.30377322467719536
0.31636919709172406
0.31517321289523537
0.31468400588176443
0.31416948212925033
0.32115184386474244
0.3207004990302587
0.31933342782854074
0.318096640128845
0.3180702129583221
0.3352842776519042
0.3285693980796934
0.3255081899547308
0.3184467444950173
0.31793525422750585
0.31793617821697295
0.3170366627040523
0.7351588732253129
0.7767110510757097
0.7300319500599561
0.7251829600189298
0.725163464815097
0.7227090704220749
0.7203188820462871
0.7070424363391027
0.6971060273477084
0.707110994643807
0.7095047462322049
0.7243391720655096
0.740403299206861
0.7669820520091138
0.7825189541870882
0.7970200016167032
0.7153359149143035
0.8439497381213107
0.8756139544036403
0.8910522719538789
0.9897493577289711
0.8508703651043895
0.8509281191115703
0.8512245184225168
0.8922869652260134
0.8922569996483388
0.8922351645276417
0.8922227104426478
0.9068905824456908
0.9068901966428808
0.9068929518173169
0.9068962601221825
0.8221475093248535
0.6834615158634931
0.6049361585318649
0.6071727169131608
0.5990638489532883
0.6093479908397793
0.6083540104704059
0.6082946656748204
0.5977757258471798
0.5934477682589274
0.5931934305165393
0.5921291902126207
0.5569870356132564
0.5446507650688585
0.545582935468718
0.5488839227852598
0.5128118116462079
0.5150088006286041
0.5161654786616225
0.510310226859042
0.37103717697399297
0.42991070493422817
0.4291206398707729
0.4310158023915469
0.4329397560899501
0.3271477772069545
0.326302322282469
0.3246246846077378
0.3083845127733317
0.3214769951714654
0.31278603191745763
0.30347773880631457
0.2992405509894373
0.2914272443827074
0.287943356296534
0.29275945200327824
0.2855199307715665
0.2761471403948415
0.27650945379964753
0.27672077383819804
0.2851246910408678
0.27542012701354496
0.27562769116576724
0.27576993081812395
0.3135766102858616
0.3158742938917712
0.3101097793106016
0.30436850946386157
0.3382154442541203
0.3785006205676833
0.37559093397993365
0.39967992713913986
0.40887675023979597
0.42029801432826447
0.4143167293018663
0.41758156289544074
0.4101426523952418
0.41725087095263
0.43006108336393184
0.4491110316007648
0.43381326116363134
0.444109664908267
0.4669441214848429
0.46838489374975745
0.7342492999410284
0.8334897950762923
0.8335372135888264
0.8335435096605127
0.8482235735804287
0.8482457610527462
0.8482392895819819
0.8482091792289336
0.8481623765462976
0.8481287544066103
0.84810947897328
0.8480983650742681
0.8480879214763279
0.8480773448205466
0.8480680981945075
0.848056362949952
0.8407027028998311
0.969846837121639
0.9697939473742208
0.9697297699845574
0.9916740754727795
0.8624263736363909
0.8623775073912512
0.8623577055861101
0.8917016355163709
0.8916922372759699
0.8916807069981764
0.8916684111398644
0.9063332997686251
0.9063171365520378
0.9062979360600347
0.9062812212690519
0.7814475584231486
0.6582899561060209
0.6235220068768217
0.6352437224976888
0.6257018100953708
0.6262587533267175
0.6273587771414371
0.6275585587686887
0.6031491052494119
0.5802113175549275
0.5686579648745812
0.5686030130446046
0.5487214836488234
0.549057657828123
0.5483164225418107
0.5487698819591227
0.51330996559389
0.5098137654522157
0.5068204389397322
0.5036201857816266
0.46028789762692124
0.5625337467395399
0.5460647884344182
0.5465042451527786
0.5774852725846112
0.48146548906387393
0.48159220079886056
0.4822977728398732
0.470667024345523
0.46607196250068605
0.4621699730474829
0.4587226751097618
0.44779444297163157
0.44653941288660076
0.44605759176394577
0.4464178745578554
0.4373076694621221
0.4364031665296715
0.4368835004627652
0.43310724436920023
0.4346477286566774
0.4325968714331564
0.4355305600680014
0.4373641263214935
0.4746400102551924
0.4827825000362009
0.48335764887989047
0.48374309301513
0.49998434544834514
0.497802759805646
0.4959287758615596
0.49253161806796186
0.49936266151115616
0.5002222320960229
0.49867079142490817
0.49807503479686965
0.4926364749425111
0.49309786866569477
0.4931538539056114
0.494691932597956
0.48360120048297306
0.48243672990565023
0.4840613553254686
0.4868593237045919
0.7360425393058599
0.8326298008560086
0.8326597237884665
0.832675115644164
0.8473479628912276
0.8473430075240728
0.8473364821208429
0.847329377102525
0.8473227130589239
0.8473188327065333
0.8473167280389698
0.8473133901791339
0.8473068884322061
0.8473027670363502
0.847302199867906
0.8473030481092405
0.8399667368541135
0.9692544751006914
0.9354548770407236
0.9239727836316957
0.9914789631461401
0.8621610145307541
0.8620721818999223
0.8620258459874678
0.8913577001431162
0.8913420996082616
0.8913241073377395
0.8913132034100629
0.9059842732873514
0.90598605149114
0.9059908633962531
0.9059973673833263
0.7796383169624399
0.6299651158634135
0.6005202316925774
0.6103951882550236
0.5931807818666022
0.5730875865121483
0.5427356213714558
0.532792032471585
0.5268255169916372
0.5254696101832551
0.5287115278305429
0.5258376555510285
0.5042643060085632
0.5071169581045109
0.5035297353317297
0.5041332593605374
0.4642817013964702
0.47430559508201636
0.4669477903211871
0.4703614320691416
0.36162165272716235
0.4349536423167194
0.43277750968813916
0.4338892392872931
0.4297875896209258
0.31147139930497275
0.3087064672864199
0.3011366718226199
0.30075385367806934
0.3032106032976195
0.30527805839243577
0.3040195508777381
0.3011929783695642
0.30405326675785443
0.29353075776409376
0.28501098525106555
0.2781490933436155
0.2785368502439651
0.2790001663748545
0.2796009927556462
0.2782187802921209
0.27864360949020855
0.279143272128022
0.27976153471213805
0.30823336948950003
0.31102024711781295
0.3171664454149209
0.3128550165339926
0.32428661515150675
0.32013033933646734
0.3182208312737717
0.3140456612918691
0.3185782830491574
0.32889154485762534
0.32650969611960223
0.3300644185056823
0.3223870578645097
0.32838283412792973
0.3284182509101667
0.32778033272664614
0.3252393148772536
0.32893553307680923
0.3343006814174002
0.30594346034217484
0.7354096318229667
0.8329859860298816
0.6817348106500675
0.7254014959590255
0.7017052388027053
0.6944342595837576
0.6878685866177475
0.6794184156094987
0.6765045323945476
0.677576827212767
0.6763735394967014
0.6777831658541923
0.6774143410541092
0.6774467331306032
0.6787979110364932
0.6871514435542622
0.5497498211606595
0.5691886494752536
0.563408933787756
0.6369052945837753
0.9014315342107314
0.773999692568703
0.7726498225218377
0.7722315280215207
0.8044825253974993
0.7900596422255745
0.7630652488577265
0.8101292828110388
0.8270803968157593
0.8260639864772078
0.8122722365943335
0.8120769055445353
0.7572162452820616
0.4218326557939136
0.37883865537563916
0.391570177020161
0.36575194660935373
0.36580632191515267
0.36606188737674256
0.3662624939621208
0.3616420433904176
0.3632920412136208
0.36496170688225016
0.36656845894421414
0.3525862467403089
0.3522188951965619
0.3518277903374152
0.3515930337002781
0.3305197588852636
0.32908438322496203
0.3275710009906194
0.3263486073383175
0.36044867131659863
0.45749655736936273
0.45795043679557995
0.4581929824406477
0.40510574857042875
0.30840595550384914
0.3085972937907815
0.3088481634086579
0.30325546758863053
0.3044148146431912
0.30581621622001337
0.30734688042412234
0.30090877654440423
0.30147369043958605
0.3022234960223307
0.30289346582250093
0.2954909068447764
0.29564879310965525
0.2959027132373674
0.29618492612707426
0.2945718279412405
0.29500873233670316
0.29559142921635445
0.2959807457553157
0.3049399045180083
0.30490056002169447
0.3044108578104971
0.3040067174078522
0.31668685425727
0.3156930060765106
0.3149424909896197
0.31424860757470074
0.322134493634017
0.32274756186797304
0.3231376459451941
0.3233078811277762
0.3247007830643405
0.3249701431523977
0.32493685756626484
0.3248548033742705
0.31793157936974376
0.31749777574952515
0.31674025581346704
0.3158931066406833
0.733346450612459
0.5922602884324533
0.5687753204882094
0.5980334374413244
0.5960712093764056
0.5996023229622144
0.6024421913203292
0.6050593570068566
0.5979819033461007
0.60439583971075
0.604277521012664
0.6039562973447888
0.603863243189873
0.6041031740587596
0.5979112568418399
0.6011513659743327
0.5633486193669401
0.5487066530970405
0.5531930627740448
0.5538515165289102
0.7280040056722398
0.5982650604392031
0.6010716410474825
0.6052898724370298
0.6460943115432471
0.6449880212218785
0.6443161852620795
0.6442121912657135
0.6578261259182433
0.65678949512756
0.6557949011757437
0.6528604195599621
0.6642212312110218
0.36321310556827735
0.38473339058972195
0.3769798141334741
0.36896396741727544
0.36757412225161784
0.3667112688425867
0.36589806789645535
0.358722870198782
0.3576561706779735
0.3565900960468869
0.3557050528208936
0.3420889980656193
0.34212150062787194
0.34248022515330734
0.34275497573586644
0.3239391375533448
0.326065002120104
0.3269649497836485
0.32782216011932536
0.36054977768678315
0.4567774333362829
0.4542128141720662
0.45337800377478366
0.4077849501316122
0.3106317584768335
0.310604817767482
0.3104750273846577
0.3047279876410468
0.306212329503593
0.3080900832989735
0.31020100224977976
0.3020452121378365
0.3012427829495186
0.30061266428895445
0.3000534042614843
0.29299999040591734
0.2931647420156938
0.29353936560429417
0.2936374010268655
0.29184659054536716
0.2921121174550826
0.29238495311681517
0.2929225990408288
0.30187248999505756
0.3023354113334264
0.30429913334781683
0.304758383063629
0.3162703046204155
0.3154405421617643
0.31425587045224473
0.31324313878945464
0.32025999494371843
0.3200254192430911
0.31949530173841467
0.3192423178883611
0.31828840270920683
0.3265535084797637
0.3216085445211825
0.32093817689549814
0.31441663885320115
0.314176302399558
0.31418564476410005
0.314122495503028
0.6698820139278497
0.7137254308396772
0.6155224809249717
0.6189425047156945
0.6132436806710945
0.6173373875402137
0.6367291903714828
0.6551123647256196
0.6364041533245631
0.6117516404592311
0.5821442634419203
0.5283812697955195
0.5348909016371766
0.5063365979920914
0.4787430729234719
0.4920832374281529
0.42507530508386265
0.554460172911183
0.5548182777051702
0.5550379322338088
0.72332026388164
0.5874244722342308
0.5875440105815671
0.582341221792743
0.6425697524367862
0.6550949799867894
0.7041658966047514
0.7542553360006818
0.6991297227077229
0.6926912519780082
0.6942514841285611
0.6881410958819959
0.7612176234593161
0.4114870929590152
0.38792143799516
0.3766320445745003
0.3693555092424117
0.3686548120692886
0.3681082203309184
0.36790975645443413
0.3621133475102744
0.3576816056300891
0.35800235210097964
0.3585618199750213
0.34471676256564326
0.34486970510945963
0.3449113773236675
0.3451369561746058
0.32559132973149735
0.32580878937202756
0.3260108636562709
0.32616729751977136
0.37063121899391277
0.4676940284257138
0.46809598492692345
0.4682548449123637
0.4122776525155156
0.3160503964454968
0.3166414080344058
0.31746432583942935
0.3103078965791573
0.310275700476739
0.31020915844541647
0.31005813768432366
0.30342023726723344
0.3040932492522147
0.30452362640207736
0.305292501456463
0.2982250918720412
0.29873672205914326
0.2989734354531194
0.299401752957843
0.29803394791476817
0.29858140069143957
0.29939150602631415
0.3000002594566716
0.3090164081482437
0.308993689456308
0.308060492977465
0.3072297543383546
0.3196165426791152
0.31853409189611914
0.3173523827275955
0.3162763186193925
0.3216082704152933
0.3194415119606559
0.3312503192213096
0.3214251052966781
0.32590854115346374
0.3221454445717115
0.3204903392176764
0.32212683278696863
0.3281325186227472
0.31077013134763454
0.31079440103870115
0.31991489709664644
0.7338303458700673
0.642489680723524
0.5930851361484983
0.6270225934375651
0.6253069961399227
0.6236123456250572
0.6211814122923344
0.6221145240119498
0.6289683257744842
0.631834770801963
0.6337682477319693
0.6457742268887867
0.648044204443818
0.6521593479516691
0.6551458203177667
0.6588911435344728
0.4997054809267223
0.545344385493223
0.5509296320173144
0.542574941858509
0.8309670591412289
0.7062685679201649
0.7143633338522829
0.7164681805510242
0.7621541902164061
0.7597556180812178
0.7462565625597678
0.7317945097420308
0.7350649698450661
0.7237653068858786
0.7108884795354989
0.7067578882169819
0.7531260980966852
0.4443497213971863
0.3876353413909369
0.3837633182671279
0.3696011464758235
0.3665335758685809
0.3688932312235479
0.370402648862161
0.35386524794478835
0.3538282244561148
0.35371897714134914
0.3538133543854789
0.34027223446352284
0.3403064866210604
0.3408132044163479
0.34111338427106747
0.3221370435191277
0.3225165981624447
0.3231282535518634
0.3235932142878317
0.36792278859862554
0.4652030670484896
0.46548580493175423
0.46573987381368115
0.4097054021431128
0.3136439416062072
0.31465661673006823
0.315464260499321
0.30977661521027405
0.3115079573577661
0.3130896732071431
0.31504134163628067
0.30746033042597914
0.30726654101583406
0.30687127464677416
0.306424632507802
0.30012170004642547
0.30102416397644927
0.30208890664202387
0.30300424837296686
0.3020749729033155
0.30305837479300635
0.30383813493079115
0.30500952769916945
0.3135881400704589
0.3133212758211892
0.31274609506910955
0.3120349476092799
0.32501913193027065
0.32397608589991145
0.3222839875910128
0.3207085660411192
0.32559447414624765
0.32324503192466536
0.3215648876038197
0.3204068830467471
0.32145757021872196
0.3215135245919369
0.3218939756357664
0.3222195787352492
0.3149725900752953
0.31407864562752874
0.3131940230228199
0.31231439113810533
0.7337237534717659
0.6253637989249481
0.6209201652516726
0.6119913750624701
0.623462947547683
0.6221530922609934
0.6219424998903678
0.6235392664209605
0.614752093939452
0.6125349178263648
0.6113049340361489
0.6098597056943429
0.6089359975542696
0.6074340016582901
0.6067964499057776
0.6064362055961581
0.4984374043907584
0.5569023863670053
0.5545289271062257
0.5544503316061252
0.754098584906561
0.6283680723621123
0.6332104717978265
0.6339595334343664
0.6754421273344637
0.6764154367980577
0.6760404868324378
0.6728693293047631
0.6868732214707587
0.6829526274370593
0.6772719243221235
0.6722262405247141
0.7285619618867758
0.3854898419041043
0.38367714205252024
0.37481732629864
0.3661422054182606
0.3649227818579385
0.3640004074286219
0.3631833275502652
0.3563618308889661
0.3555822673791239
0.3550294389103805
0.3544006764804536
0.34046681587295147
0.34065814172826264
0.3406822776275563
0.3408810745090092
0.3211639195811935
0.32117992646246557
0.3211404247192161
0.32105076104200236
0.3573998055306067
0.453763313921802
0.4530690530522841
0.45254993335187177
0.40830037202430886
0.3133008980652498
0.3149852415203376
0.3172784372397508
0.31042900568929027
0.31033858259704455
0.3103808673780963
0.3103112724060774
0.3031854255218644
0.30308757399973607
0.3029349145027288
0.3031713913704568
0.29615513015554706
0.2966745189633314
0.29704695642986295
0.2975348320824972
0.29553698903938236
0.29541644519383187
0.29565806516493665
0.29585136691294767
0.3055263930965329
0.30669858701911096
0.3064592754593219
0.306658769987424
0.3174841319409342
0.31509134940675665
0.31329716411248176
0.3115792327969727
0.3263848033790476
0.3304914983188112
0.33244193737854283
0.3249426009598459
0.326707734085272
0.32723783175248844
0.32474855127979646
0.3245584562359396
0.31940747740394704
0.3274110874067719
0.32667099880546024
0.3234705229868772
0.7027109005061206
0.7796408855777776
0.6542317271948321
0.6538563862414927
0.6671307356935781
0.6864884068915245
0.6901490090652748
0.6933216308559741
0.6888075343214137
0.6879052746955002
0.6894333731688052
0.6903469318220213
0.6923202042968234
0.6963949187782906
0.6990741941786366
0.6998000638870883
0.5911479663055638
0.725379703393776
0.7359321810023751
0.7533467474950888
0.8846604168581176
0.7741671932914856
0.7881512206142511
0.8213435966165037
0.878312575511704
0.8882651156675246
0.888724357526007
0.8886206917029298
0.9038655176190182
0.9038655176190182
0.9038655176190182
0.9038655176190182
0.7867669921990772
0.6083551137278117
0.5352698832517496
0.5122627122605624
0.47663059514636735
0.4748946308464389
0.4791518866493041
0.47853587140892845
0.46281948625248975
0.4653820035565029
0.4526214869969633
0.44985279378782944
0.42069561516156984
0.41907995515193536
0.39808902777643823
0.39112750338869506
0.3527343043299399
0.36473287022254297
0.3488758301337957
0.3708397497127002
0.3175976775717833
0.4153496678110115
0.41625565740313863
0.41725971124600125
0.42353538905192817
0.3419309883899833
0.33146658904666326
0.3196792929351553
0.3211784975461572
0.30909145914389424
0.3013129483008002
0.30771167560677687
0.3046164111074297
0.30723593314574793
0.29988748724369907
0.3034960804065402
0.2933923022937713
0.3006689741477124
0.29090688078758214
0.2946957420280638
0.29767087282259225
0.2913436139727725
0.28215168853079603
0.28310165360004297
0.35903784605159855
0.35595211553629097
0.3328121088555309
0.3468843111248918
0.37824882966473217
0.3619870362815316
0.3566162519191035
0.3276598552520444
0.3607916499241632
0.3340547418516817
0.3423751271087882
0.34368833524930764
0.33160693700566607
0.34818327705198143
0.369957998028661
0.3644970871307391
0.3509514347864181
0.3398104077674989
0.32448439495653575
0.33967886107843803
0.7338564749692582
0.830500180813105
0.830500180813105
0.830500180813105
0.8050572418740414
0.6974603042029099
0.6446753285772969
0.6356934543707716
0.628179790748046
0.6243186155865778
0.6210606009589859
0.6110081888333377
0.6192992211814287
0.619752445328958
0.6200804893590799
0.6202595617173476
0.49316332104763083
0.5512966151163435
0.5488075720098049
0.5477411097036959
0.7626805738299375
0.630600006553412
0.6293716525741739
0.6297708829058148
0.6699345383224429
0.6664226557244923
0.6634310722262913
0.6631549963393162
0.6773567450203237
0.6724164861001982
0.6676185130035226
0.6640426457892578
0.6220007340116485
0.3616944223402522
0.39057979723855635
0.3834648489797945
0.36560285155988353
0.3643538216587668
0.3730363031974353
0.3771739588414371
0.36450613544193494
0.3727557682406654
0.36804741689697157
0.3783028264266951
0.3392985920711283
0.3391468956825955
0.3391626695227216
0.3391632871818008
0.31937953264652813
0.31891433947960157
0.3189363537519109
0.3179401212127991
0.33932150831248464
0.43436703401443677
0.43276695354436606
0.4308853712533155
0.40225149874339533
0.30566695215689227
0.3058947855409501
0.3061202309684472
0.29889771324512177
0.29899146763726836
0.2988367527108811
0.2985283852634044
0.29093976477857036
0.2906072108670438
0.29026513990821157
0.28974169031603797
0.2821711833478267
0.2819813900063933
0.2817502416558414
0.2813202018297352
0.2793983417889303
0.27933739468346885
0.27916750553385816
0.27895324125324167
0.3112996749390662
0.3119058013696731
0.3161712497371379
0.3199410168692111
0.3423955002039416
0.34373314045211856
0.34940550686932453
0.3491575393985801
0.35882104502345286
0.3701255377888709
0.3939657765484107
0.4212750548113388
0.4000820722639793
0.42708578522130347
0.41679399927259186
0.40134720860414047
0.39496783990025947
0.4168148964725739
0.452388804543456
0.44782350608096283
0.7330509546883687
0.8328795000667328
0.8322219070706899
0.8319921491968765
0.8466906875559056
0.8467991783724125
0.8469095945910555
0.847013851928168
0.8471167813823812
0.8472196847682211
0.8473298343636286
0.8474590528223791
0.8476396887036433
0.8478263208241605
0.8480004270215273
0.8481608385344288
0.8409338721189393
0.9700926675084951
0.9700473447852742
0.969989882649579
0.9919387691224969
0.8626975787290012
0.8626622727864385
0.86264535646595
0.8919821508079242
0.8919643675276644
0.8919458755005983
0.8919317195607321
0.9065978330528894
0.90658757057751
0.9065781056789521
0.9065705350087454
0.7618079168075496
0.6280452620875604
0.5774750735177291
0.5979085170024462
0.5775040520152239
0.5790658649675754
0.5807270708687297
0.5816251482138354
0.5695272293758357
0.5700735937394308
0.5694822031087656
0.5692106371520589
0.5488645221206093
0.5493020381418681
0.5481053137518329
0.5485342492409021
0.5149758045363507
0.5127066079801341
0.511609356103688
0.5104613097700837
0.4493161302080612
0.546322549709351
0.5462923528134688
0.5461104197344251
0.5770933925254236
0.4788760670533623
0.47668948322572213
0.47495644428706685
0.4603768168205239
0.44790601697081867
0.4443209260056695
0.4458778751411977
0.4502425962367489
0.45635638345186585
0.4637941767974605
0.44248174668496254
0.4578912785499859
0.44110938874260114
0.4447533104101495
0.44330808356007284
0.4462926770927095
0.4357771604679517
0.4417625770777979
0.44991572340889696
0.45012402135058627
0.4487526934320169
0.4551860266281366
0.4597564819859167
0.46358703185776795
0.46616824594595313
0.4709753703988984
0.47438409359901923
0.47659330248062953
0.47012582525497604
0.46884210034549384
0.47381074792206096
0.481896069763625
0.47799919159234755
0.46249937254941653
0.4651088025416627
0.4578612687826445
0.4550877374565264
0.4734905472844489
0.4707594934637212
0.7363049164607453
0.8328427371103364
0.8328926152198063
0.8329313777140758
0.8476168201816238
0.8476280511760979
0.8476458942751071
0.7679785015264562
0.7512754003326391
0.7513767117531163
0.7507473763064358
0.7589985912988652
0.7588450259300843
0.7595731438826695
0.7592555197529701
0.7582007299641873
0.5752668395491446
0.6330685340298777
0.6301374003102104
0.6191260020810033
0.8867531197092723
0.7574557065257825
0.7553935780316423
0.7534185515774992
0.7825560242841019
0.7769730225831692
0.7680696217812963
0.7581923219662899
0.777422489257673
0.7499128360134601
0.726726654698141
0.7271195965203219
0.6927544265666131
0.3991163899460066
0.3820678716286285
0.375945217957196
0.3667238391466166
0.3641327222204705
0.3714315039907387
0.37485666490267516
0.3593953875788629
0.3652950740533845
0.36100249552093516
0.3551624522792248
0.34998121655651127
0.34200368329215447
0.35114833769747744
0.3544292229771361
0.3168622548034864
0.3173231112179206
0.3176657719632773
0.3179629003298319
0.36287620209857285
0.46079975108318155
0.46192924536304936
0.4632963256604012
0.4095025597258425
0.3133207638314656
0.3139970473809257
0.31472407205658093
0.3086890572275876
0.30948733104431925
0.3105439242900679
0.31173875751696756
0.3043917773963929
0.30424192400114697
0.3043521156979694
0.3046523846948004
0.29750387294819053
0.29792230573398065
0.29857449305579326
0.29931128654935607
0.29758285459783085
0.2936127612094822
0.2939296102947503
0.29391619990998524
0.30280784580359676
0.30338742216516346
0.3036019382455952
0.3036858653577024
0.3151557875369747
0.3128704360469599
0.32125332645538407
0.31373024994667587
0.32064093396129234
0.3204447120168839
0.31991219180598046
0.32973665162991334
0.32923701669274136
0.33329294191620024
0.3298764069073814
0.32863157924420633
0.3278322541246197
0.3185807019240452
0.31872112859646967
0.3276054377721904
0.7337790735743924
0.6992864724830654
0.746931213588933
0.7442578491402646
0.7429200168078952
0.7335519450364685
0.6962620063289656
0.6840526356498311
0.6745606671148497
0.6811978115489199
0.6813170308112331
0.6821267865356629
0.6922608329097593
0.6978431508708444
0.7261240151737924
0.7294248662042508
0.5491557701195189
0.5587195877904506
0.5567230141794403
0.5627730142332681
0.9130429782103796
0.7864130775870903
0.7858671258181972
0.7870421494609076
0.8220667878523427
0.8222605187702902
0.8221133291206687
0.8218787402933532
0.8385395213867309
0.8364317548260284
0.835568928761175
0.8240149619779565
0.7738061901805147
0.6063559857419244
0.4258491920094819
0.42321422690287336
0.4251154276230721
0.41549277367693777
0.4227558281307629
0.4251945779815633
0.3714918555598348
0.3690472414464797
0.3728746011359021
0.3818534699864013
0.3542747390164644
0.355002661494199
0.3509708803048434
0.34873031609172456
0.322853428515649
0.3197376192350681
0.31475516668543707
0.31477768394520145
0.34397927800888267
0.44369006458306
0.44683282309544275
0.4499644692877268
0.39871704241672784
0.3021809261337093
0.30286998322147185
0.30339938535809174
0.296112568015941
0.29622302274587775
0.2962643332817064
0.2964352634074315
0.28986709501479846
0.2905114679834853
0.2912708989698269
0.2915389528433015
0.28470074266239115
0.2853313872160161
0.28601082642296766
0.2866181372246716
0.2849995706547138
0.28561234372558486
0.2858860215907036
0.2861594772875753
0.2951852393830346
0.2956051886339152
0.2960894034104722
0.29650212539929144
0.31004900941680463
0.3097576503601286
0.3092731682141134
0.3092453887213199
0.31500302092842253
0.31508351102162185
0.32319802297722966
0.3292008850889826
0.3311214765113443
0.33542386461539325
0.3295691658879359
0.3346639316357955
0.33604374142503807
0.34419528126783255
0.3323292277813493
0.3276504478210822
0.7339526060179622
0.7806413621782612
0.7570748316429924
0.7231906420043208
0.7094057821856133
0.6886321661011578
0.6687790197595862
0.6648250543906473
0.6468589012508028
0.6303925493385821
0.623581357319585
0.6198636443117652
0.6250864482711811
0.638417719944185
0.6432857169011154
0.6475172365204098
0.5015371262274425
0.5465765402199907
0.544358929366022
0.5435173064900503
0.8326313287545064
0.7220165322321985
0.7332329952357874
0.7329955598822456
0.7727304904420663
0.7731892106733915
0.7697156990365017
0.7532330762209701
0.7640951695104292
0.7264427501053202
0.7183284387645611
0.6983299064962638
0.7228505126305859
0.4275882456644467
0.38566316742640366
0.37506312243091816
0.37521903655873357
0.36798304365766654
0.37096298482722795
0.36370905143558424
0.35495769189742865
0.3545116772374855
0.3540040104831825
0.35375063827758263
0.3395019055879141
0.33945672665952875
0.3393933103822302
0.3390316703049545
0.32017370649978677
0.3207846613651979
0.32150408438076983
0.322005757835117
0.36710406516792377
0.46435970921877323
0.4643913383645985
0.46456250908466307
0.4089496198531505
0.3134960130422144
0.31491859082478035
0.3164841278485134
0.30982092660090427
0.3098567235419295
0.309673812558194
0.30998073043366375
0.3034786302562848
0.3043257857006088
0.30491393115065524
0.305929006668235
0.29898033568060745
0.2990264183027702
0.2994518219087892
0.2999260393578616
0.2982324578170825
0.2983030307450466
0.298644520787008
0.2989666509471388
0.3069461071511761
0.30637402562687027
0.30555843990016757
0.3045255563395973
0.3158745832472837
0.3135627527282488
0.32184813175374183
0.32059694836784375
0.3361669252781048
0.33812872685510276
0.3495743475052289
0.34910368078675696
0.3515469832418084
0.35147078653842523
0.3467743123463917
0.3562135156807946
0.3381849973048333
0.33063878905464295
0.3366659125060398
0.3332380288845282
0.7338469063990535
0.7749295624684506
0.7460460526994569
0.7233933370923596
0.7188504521420556
0.6802096333801146
0.6747844067709734
0.6702440890853232
0.6643146050777257
0.6638743260376672
0.6587983985384336
0.66505512975686
0.6658578996001698
0.6676682111191188
0.6625182647258927
0.6639384146113527
0.5475081034635675
0.5621581454755126
0.5451610020825561
0.5684427674634145
0.8504009809109807
0.7354336377137223
0.7346892776887299
0.7329988539087555
0.7723497444185216
0.7689174711036263
0.7618600819188709
0.7387031797753285
0.7568229375325615
0.7387193138494181
0.7215907342543731
0.7169669708005051
0.7364703196140201
0.4475337767449801
0.3845905914712078
0.37233378554068247
0.36559251412735777
0.36373593683369987
0.36210951401713154
0.37005474073906325
0.36047583568387426
0.35073478944247644
0.35117033036647444
0.35150578487549716
0.338153239547029
0.3383402812548128
0.33827312973997975
0.3386864500559527
0.32035186271104993
0.3216951311515674
0.32287623307435975
0.3244258402734863
0.364573724107418
0.46071217264579045
0.4601783838986874
0.4599369368865981
0.4067691769053142
0.3105836858562504
0.3114257873872083
0.31233155760546977
0.30607279651329616
0.30655160900315037
0.3075687626888934
0.30840729955712354
0.3017660443259194
0.30212209476132973
0.30271912055344263
0.3031495808943724
0.2959128941906264
0.296422541902171
0.296933379858186
0.29747932462644205
0.2956433938869094
0.2960667064339112
0.2964545563848959
0.29648240852096597
0.3042005555798942
0.3038208178523023
0.30297336435477457
0.30182150195386864
0.31279024527019544
0.315059342874465
0.3130625018390928
0.32456005033575785
0.33864615278362886
0.34866464780626144
0.3412654595647847
0.3597967459615329
0.35332919003123264
0.34991053504193875
0.3505030251581319
0.3539224967127112
0.3436167092588972
0.3292986031769391
0.34536751180419717
0.3309449830036198
0.7336291849083904
0.764637288982106
0.7499048157288811
0.7295622077376618
0.7211116205265561
0.7063702851942253
0.6847232307211456
0.680441291762398
0.6759161527087973
0.675710645178116
0.6740046562176569
0.6803022758371756
0.6720689282784408
0.6723607241568152
0.6718439477476561
0.6798595560932276
0.5244741062132422
0.5895306979726368
0.5921166801910811
0.581894007639631
0.850606277291253
0.7333064376087735
0.7355988690483437
0.7389524671082288
0.7735755856626125
0.7687522524475698
0.7527787774728443
0.7358389047415832
0.7558252447369168
0.7429865525534401
0.7537942836491248
0.7554849324158928
0.7755918045347592
0.6704558889802061
0.3732403560497949
0.3757923219654087
0.35751185196624974
0.3767653569042095
0.3844083691882605
0.36896817794186676
0.3663006693672268
0.39320664469998695
0.392876467904899
0.39182380131733346
0.383466400495409
0.3640467838587503
0.368680870281318
0.3786422168570466
0.33824367978547565
0.3295248475484738
0.3255722013453681
0.3281011294923235
0.33894934393593784
0.4362358430111155
0.43669465605086044
0.4370655648655234
0.39505498516339416
0.2987008561494407
0.29938648876225954
0.2997944564495703
0.2915899481293263
0.29082292619245736
0.29001086968950296
0.28930986310471823
0.28357302276121876
0.2852322260744777
0.28684793544507453
0.2883105089417628
0.28148549466681777
0.28203691737792386
0.2825991828343606
0.28291078326468005
0.28058502714753464
0.2801640138101613
0.2794582258153505
0.2790355198371895
0.30622993625092043
0.31181764958915253
0.3144157808294193
0.3072436513173514
0.3503253103966475
0.40235811213087164
0.41008032561634816
0.4168229350238831
0.43188404056398694
0.439183116758166
0.45027495488289515
0.45826755581871936
0.45830796157710896
0.46123763996583006
0.4658511129501399
0.4686762936052834
0.4529817877949305
0.4551797221918176
0.45971431179593897
0.4887889183236851
0.73362120986117
0.830500180813105
0.830500180813105
0.830500180813105
0.8451732481742873
0.8451732481742873
0.8451732481742873
0.8451732481742873
0.8451732481742873
0.8451732481742873
0.8451732481742873
0.8451732481742873
0.8451732481742873
0.8451732481742873
0.8451732481742873
0.8451732481742873
0.8378367144936959
0.9670230605530963
0.9670230605530963
0.9670230605530963
0.9890326615948705
0.8598463155354702
0.8598463155354702
0.8598463155354702
0.8891924502578357
0.8891924502578357
0.8891924502578357
0.8891924502578357
0.9038655176190182
0.9038655176190182
0.9038655176190182
0.9038655176190182
0.8891924502578357
0.7923134793059007
0.7923134793059007
0.7923134793059007
0.7849769456253092
0.7849769456253092
0.7849769456253092
0.7849769456253092
0.7776404119447179
0.7776404119447179
0.7776404119447179
0.7776404119447179
0.7629673445835352
0.7629673445835352
0.7629673445835352
0.7629673445835352
0.7400600967321461
0.7284230219115155
0.7285337271754654
0.7275227437855313
0.5382460693592501
0.44387524632213216
0.41159384991656384
0.4045813712677619
0.650032114479581
0.5506502038199672
0.5366994394611678
0.5322943346282553
0.5091612724071723
0.501101125004484
0.4936446357829129
0.4867231668514213
0.4740579495765189
0.46895521743872515
0.4635769874265716
0.43948455199917275
0.42017094602345256
0.3986734029339124
0.36481411841120903
0.37495527553295493
0.3667606272785891
0.3671487888961129
0.3659456587326474
0.3630106125652187
0.4790679229241913
0.4799663297701837
0.48270129097634085
0.48675467708521725
0.5149003475307173
0.5323158557745308
0.5556229123205239
0.5617388357525301
0.5779435912324223
0.5801498004217335
0.5857036267216398
0.5914644121088284
0.5721302677671812
0.57732064223314
0.5811428169475709
0.5843171460358445
0.5803726534539423
0.5881131014001791
0.5915571436158631
0.610407691593588
0.73362120986117
0.830500180813105
0.830500180813105
0.830500180813105
0.8451732481742873
0.8451732481742873
0.8451732481742873
0.845599677948435
0.8454649605430682
0.8453315693331336
0.8451995026951998
0.8451732481742873
0.8451732481742873
0.8451732481742873
0.8451732481742873
0.8451732481742873
0.8378367144936959
0.9670230605530963
0.9670230605530963
0.9670230605530963
0.9890326615948705
0.8598463155354702
0.8598463155354702
0.8598463155354702
0.8891924502578357
0.8891924502578357
0.8891924502578357
0.8891924502578357
0.9038655176190182
0.9038655176190182
0.9038655176190182
0.9038655176190182
0.8891924502578357
0.7923134793059007
0.7923134793059007
0.7923134793059007
0.7849769456253092
0.7849769456253092
0.7849769456253092
0.7849769456253092
0.7776404119447179
0.7776404119447179
0.7776404119447179
0.7776404119447179
0.7629673445835352
0.7629673445835352
0.7629673445835352
0.7629673445835352
0.7409577435417609
0.7409577435417609
0.7409577435417609
0.7409577435417609
0.73362120986117
0.824102348892037
0.796823232336463
0.7966109394633352
0.8231744357251284
0.7262846761805781
0.7262846761805781
0.7262846761805781
0.7189481424999868
0.7189481424999868
0.7189481424999868
0.7189481424999868
0.7116116088193956
0.7116116088193956
0.7116116088193956
0.7116116088193956
0.7042750751388044
0.7042750751388044
0.7042750751388044
0.7042750751388044
0.7042750751388044
0.7042750751388044
0.7042750751388044
0.7042750751388044
0.7189481424999868
0.7189481424999868
0.7189481424999868
0.7189481424999868
0.73362120986117
0.73362120986117
0.73362120986117
0.73362120986117
0.7409577435417609
0.7409577435417609
0.7409577435417609
0.7409577435417609
0.7409577435417609
0.7409577435417609
0.7409577435417609
0.7409577435417609
0.73362120986117
0.73362120986117
0.73362120986117
0.73362120986117
0.73362120986117
0.830500180813105
0.830500180813105
0.830500180813105
0.8451995026951998
0.8453315693331336
0.8454649605430682
0.845599677948435
0.846067659203576
0.8465510557638661
0.8470499348447397
0.847564365488213
0.8477496554700975
0.8479368946627278
0.848126086271396
0.848317233531994
0.8404441928735678
0.969109684200119
0.9686044100020148
0.9681146465294035
0.9898851610482475
0.860463580803331
0.8602321907403798
0.8600046366943167
0.8891924502578357
0.8891924502578357
0.8891924502578357
0.8891924502578357
0.9038655176190182
0.9038655176190182
0.9038655176190182
0.9038655176190182
0.8891924502578357
0.7923134793059007
0.7923134793059007
0.7923134793059007
0.7849769456253092
0.7849769456253092
0.7849769456253092
0.7849769456253092
0.7776404119447179
0.7776404119447179
0.7776404119447179
0.7776404119447179
0.7629673445835352
0.7629673445835352
0.7629673445835352
0.7629673445835352
0.7409577435417609
0.7409577435417609
0.7409577435417609
0.7409577435417609
0.73362120986117
0.8305109694057201
0.8305109694057201
0.8305109694057201
0.8231744357251284
0.7262846761805781
0.7262846761805781
0.7262846761805781
0.7189481424999868
0.7189481424999868
0.7189481424999868
0.7189481424999868
0.7116116088193956
0.7116116088193956
0.7116116088193956
0.7116116088193956
0.7042750751388044
0.7042750751388044
0.7042750751388044
0.7042750751388044
0.7042750751388044
0.7042750751388044
0.7042750751388044
0.7042750751388044
0.7189481424999868
0.7189481424999868
0.7189481424999868
0.7189481424999868
0.73362120986117
0.73362120986117
0.73362120986117
0.73362120986117
0.7409577435417609
0.7409577435417609
0.7409577435417609
0.7409577435417609
0.7409577435417609
0.7409577435417609
0.7409577435417609
0.7409577435417609
0.73362120986117
0.73362120986117
0.73362120986117
0.73362120986117
0.73362120986117
0.830500180813105
0.830500180813105
0.830500180813105
0.8451732481742873
0.8451732481742873
0.8451732481742873
0.8451732481742873
0.8451732481742873
0.8451732481742873
0.8451732481742873
0.8451732481742873
0.8451732481742873
0.8451732481742873
0.8451732481742873
0.8451732481742873
0.8378629690146085
0.9671813817119428
0.9673147729218773
0.9674494903272443
0.9892441801984245
0.8598463155354702
0.8598463155354702
0.8598463155354702
0.8891924502578357
0.8891924502578357
0.8891924502578357
0.8891924502578357
0.9038655176190182
0.9038655176190182
0.9038655176190182
0.9038655176190182
0.8891924502578357
0.7923134793059007
0.7923134793059007
0.7923134793059007
0.7849769456253092
0.7849769456253092
0.7849769456253092
0.7849769456253092
0.7776404119447179
0.7776404119447179
0.7776404119447179
0.7776404119447179
0.7629673445835352
0.7629673445835352
0.7629673445835352
0.7629673445835352
0.7409577435417609
0.7409577435417609
0.7409577435417609
0.7409577435417609
0.73362120986117
0.8305109694057201
0.8305109694057201
0.8305109694057201
0.8231744357251284
0.7262846761805781
0.7262846761805781
0.7262846761805781
0.7189481424999868
0.7189481424999868
0.7189481424999868
0.7189481424999868
0.7116116088193956
0.7116116088193956
0.7116116088193956
0.7116116088193956
0.7042750751388044
0.7042750751388044
0.7042750751388044
0.7042750751388044
0.7042750751388044
0.7042750751388044
0.7042750751388044
0.7042750751388044
0.7189481424999868
0.7189481424999868
0.7189481424999868
0.7189481424999868
0.73362120986117
0.73362120986117
0.73362120986117
0.73362120986117
0.7409577435417609
0.7409577435417609
0.7409577435417609
0.7409577435417609
0.7409577435417609
0.7409577435417609
0.7409577435417609
0.7409577435417609
0.73362120986117
0.73362120986117
0.73362120986117
0.73362120986117
0.73362120986117
0.830500180813105
0.830500180813105
0.830500180813105
0.8451732481742873
0.8451732481742873
0.8451732481742873
0.8451732481742873
0.8451732481742873
0.8451732481742873
0.8451732481742873
0.8451732481742873
0.8451732481742873
0.8451732481742873
0.8451732481742873
0.8451732481742873
0.8378367144936959
0.9670230605530963
0.9670230605530963
0.9670230605530963
0.9890326615948705
0.8598463155354702
0.8598463155354702
0.8598463155354702
0.8891924502578357
0.8891924502578357
0.8891924502578357
0.8891924502578357
0.9038655176190182
0.9038655176190182
0.9038655176190182
0.9038655176190182
0.8891924502578357
0.7923134793059007
0.7923134793059007
0.7923134793059007
0.7849769456253092
0.7849769456253092
0.7849769456253092
0.7849769456253092
0.7776404119447179
0.7776404119447179
0.7776404119447179
0.7776404119447179
0.7629673445835352
0.7629673445835352
0.7629673445835352
0.7629673445835352
0.7396530270921279
0.7281666058505943
0.7036971656158117
0.6845415277960569
0.47376894132022596
0.5282588308430877
0.46131729809769695
0.4253671901169511
0.5995168196169484
0.49484509405788724
0.48760544444372067
0.4806209825444308
0.46404966436334394
0.4591732249044082
0.45333490086580047
0.4505473715095925
0.45928229495065503
0.44233777697439314
0.4334884691443865
0.44093354853817013
0.42723382890127254
0.4259593486583444
0.41881894082163906
0.42909311604918166
0.4229357659344779
0.4355551992896894
0.42481480684148853
0.42575078858985727
0.44509245372417666
0.4542242960644526
0.45370972858504555
0.4500506517955788
0.48083985232114174
0.4915239315237346
0.5068334483116635
0.5125580468135698
0.5356745000612906
0.5436743405128827
0.5612482449999414
0.5607363826268553
0.560804292511936
0.5586692828117595
0.5695157909630767
0.5735866353226974
0.566273634597304
0.5596915027292184
0.5556022162626914
0.564328866121981
0.7365033335711733
0.833213308629049
0.8332091513608931
0.8331880510338071
0.8478386192541784
0.8478264430722132
0.8478132186248143
0.847801156654018
0.8477890981687211
0.8477775011671478
0.8477659653923566
0.8477531701108469
0.8477370190498765
0.8477207616178323
0.8477054523205623
0.8476902723528191
0.8403393819345183
0.9695697982760684
0.9696202078393672
0.9696465346911611
0.9916655478643488
0.8624275265481158
0.8623697731349022
0.8623352092826743
0.8916654026433911
0.8916449626985726
0.8916244698447802
0.891610040328661
0.9062736414441692
0.9062655827084176
0.9062679004413492
0.9062771662819994
0.8916151113667844
0.7947579558617203
0.7947953401786793
0.7948406292331088
0.7673590354358591
0.7672943583016114
0.7669217380455343
0.7664781936741729
0.7440709398687616
0.7442354173084177
0.7231304933859581
0.7099487373144041
0.6798476769970894
0.6773901219640601
0.6746160842057758
0.6644027089939427
0.5966792250024225
0.5810368321109995
0.5785756300466315
0.5634747721588407
0.45990712388637506
0.5542710697659551
0.5024620115144904
0.46326791624335967
0.5674535202804334
0.46757551725841023
0.4651618168437193
0.46912020415147565
0.4591935604110499
0.4583968988627024
0.45275927408079436
0.4522016779189515
0.44126316195970394
0.4441442856000148
0.4514010223947187
0.4371033556585207
0.4205067377148392
0.42115579389084057
0.42168285437012965
0.42236118029270747
0.4217116719094288
0.4223041341332966
0.42270400464408714
0.4232750967744651
0.44652564511368215
0.4419559422271826
0.44568036326212573
0.4342942834484213
0.47298851675194625
0.4642972828891551
0.4695506027355834
0.4761287770599929
0.4918059292842141
0.5023767207208755
0.4781519064358688
0.48767439596059947
0.49062303828460463
0.4877276731984592
0.4933966641283324
0.48981253436794203
0.48208604792276305
0.48403189129957336
0.48669360855853944
0.490678755102025
0.7353346567285636
0.8334060589047897
0.8334519870542687
0.8334427195716467
0.8481046984955162
0.8481096680680104
0.848126729437251
0.84814419731714
0.8481589752083517
0.8481670213558695
0.8481706420415548
0.8481725693513019
0.848172857505008
0.8481787028415945
0.8481892949909732
0.8482004844744255
0.7631943445670435
0.866677027799816
0.874029819749751
0.8813360976179277
0.9904052028607562
0.862466200967987
0.8506294694266733
0.8488938013349876
0.8785964325786257
0.877470750840152
0.8543761180039675
0.8400199609262332
0.8685776716665662
0.8564269940093416
0.8557765897730821
0.8553675287022252
0.7906252610661922
0.7593000929920521
0.5167413764859962
0.5320419352717308
0.5262346875348657
0.5300671978851298
0.537136553859877
0.5360019210591666
0.5264182189558739
0.5254555852787377
0.523074982170757
0.5244747122191046
0.5069932751132952
0.5045803987751034
0.4952601477278368
0.49836217958055956
0.4886163540350511
0.471513598666648
0.4647468602657838
0.4652715177485823
0.3918684107288276
0.4360599018344711
0.43333869890335563
0.43427313873194734
0.5391633377074612
0.4429936513822404
0.44353470480805174
0.4439669342793421
0.4375093754589245
0.43804692831367964
0.4384399109534101
0.4160442808654248
0.402120778282889
0.37625714922382447
0.37478106970881064
0.3603684495439178
0.37394438528089147
0.3518595575504381
0.3384031365825738
0.31308819507104657
0.30537429240111114
0.2993245943446621
0.309190874986343
0.30338421869796844
0.4380743967335135
0.43758408959742484
0.43719183968887054
0.43652340295013914
0.46085353594749384
0.4537153174894488
0.4605224980007294
0.45722230123877966
0.47074498459876524
0.47468907592014353
0.47756297713911994
0.4786874360675092
0.477872658284284
0.4755928822847583
0.4805917434543293
0.4815556599254548
0.4769130825431009
0.4773274642238475
0.4830119936039364
0.4918040253746265
0.7344449574768122
0.833592390649803
0.8331652353029527
0.8329851625487038
0.8476926400907051
0.8477374505224181
0.8477572149311662
0.8477780190750748
0.8478202039623135
0.8478686677240713
0.8479402255255577
0.8480512597477006
0.848184779035308
0.8482654205178743
0.8482438183937699
0.8482187198613834
0.8408577879552037
0.9700855822925117
0.9698509987655903
0.9693739837394105
0.9910825930669516
0.862653008783994
0.8628902896664119
0.8628423143090149
0.8921723653113972
0.8921594096311645
0.892151812227884
0.8921560032857782
0.9068435081811332
0.9068534157593373
0.9068698815166337
0.9068923456239371
0.7758195479931561
0.6683510919246851
0.5985195448939514
0.6087704755051012
0.6018354624610758
0.605133160656324
0.6071071108858606
0.6093550265895519
0.5818317553703206
0.5755592214812756
0.5701194563849946
0.5443352946613559
0.5175510751447254
0.5178867955306471
0.5209606318359623
0.5202899115808789
0.4742499635422566
0.469630121965519
0.4697271422082126
0.4728211202336486
0.44074311549447254
0.42530984207489514
0.42623517532354216
0.42515705899330836
0.5402817428440856
0.4467245132479679
0.45261796920436437
0.44302604030405923
0.4396842203106347
0.44121151385372837
0.4431759257980574
0.44556262981977146
0.4284560739208234
0.4285957593569899
0.42881425841556053
0.42917564162748895
0.4223001621834247
0.4228342074504388
0.42344811267786203
0.424007609012561
0.42323750045256797
0.42376739655044143
0.42458788912587847
0.42534598541975255
0.43580981414305225
0.4356061727146129
0.4449886797416673
0.44328150354439644
0.4581542551499813
0.45120679245717554
0.46623306968705314
0.46640119604751945
0.45327227267749604
0.46567016787437987
0.4850269883271975
0.47822294514900365
0.46719241950603413
0.4708645938837046
0.46267706281942506
0.4658115222346747
0.4602047866574801
0.46524446954104576
0.4638226329552598
0.4609210003112656
0.7332965497305431
0.8321866777964118
0.8064095988091708
0.8311112293498552
0.846061503539055
0.8461235912859039
0.8460876126452043
0.8460607715040654
0.8339150468577442
0.8210372447503864
0.8213304168510174
0.821003124745339
0.8336971803408484
0.8459318851406666
0.846035752352642
0.8460962467333584
0.7755968500164774
0.8462470408323908
0.860170971821704
0.8570646179868268
0.9856468682240622
0.8621541091952963
0.8598463155354702
0.8598463155354702
0.8891924502578357
0.8891924502578357
0.8891924502578357
0.8891924502578357
0.9038655176190182
0.9038655176190182
0.9038655176190182
0.9038655176190182
0.8136441380457163
0.7659962928838229
0.5255350379733308
0.5239616123484401
0.5201074175366268
0.5384138201982918
0.5341537523501356
0.5389204865954211
0.5246586764863477
0.525412674378732
0.5144392100456916
0.508740818812805
0.4938473567239337
0.510556846319515
0.4925873861563917
0.48455255089859245
0.4407312546192286
0.38528372256009097
0.386314303293983
0.38947174475205304
0.32416135967791954
0.42306147009643097
0.42403017349932043
0.42548387998354215
0.44791825077773634
0.35022602951237003
0.35124858050406266
0.35018189378531583
0.339052002039575
0.3365931019325136
0.33587802225738245
0.3330678306976822
0.3231398815644976
0.32146860301323127
0.3185659005372619
0.3154896420377784
0.3063169387885562
0.30579938336997414
0.3036409916148744
0.30330388239108425
0.3129112318459458
0.31565648215647174
0.31321020089345825
0.31225018583818076
0.434556567149892
0.43452938673726044
0.43443218424943364
0.45283051328297125
0.46946766460502887
0.4689677858530772
0.4706035523888326
0.4633671834687417
0.45614188753735324
0.4653765407758997
0.460145565860308
0.4812733389356229
0.45879413366580646
0.47244710307462484
0.4686414486646136
0.4698769948384721
0.4742786635575542
0.46534051900943074
0.4824373482545272
0.4760697756156136
0.73362120986117
0.830500180813105
0.830500180813105
0.830500180813105
0.8451732481742873
0.8451732481742873
0.8451732481742873
0.8451732481742873
0.8451732481742873
0.8451732481742873
0.8451732481742873
0.8451732481742873
0.8451732481742873
0.8451732481742873
0.8451732481742873
0.8451732481742873
0.8378367144936959
0.9670230605530963
0.9554348405800893
0.9670230605530963
0.9890326615948705
0.8598463155354702
0.8598463155354702
0.8598463155354702
0.8891924502578357
0.8891924502578357
0.8891924502578357
0.8891924502578357
0.9038655176190182
0.9038655176190182
0.9038655176190182
0.9038655176190182
0.7071910741148434
0.5870294174043538
0.5430688476781367
0.556349800934971
0.545933864262659
0.546456056045624
0.54502698304308
0.5416041860031313
0.5295869029139371
0.5312962627755361
0.5328229177382213
0.5328782218084083
0.5131507284356767
0.5130458242385197
0.5133226138738625
0.5144566510259461
0.4765542667434275
0.4758385188991331
0.47272546211325533
0.4690354765500878
0.46020098237895884
0.4337772091733596
0.40885461881397267
0.442687702757717
0.5573750036092516
0.4781207586448484
0.4717683911083011
0.4644957374715011
0.4570916921039772
0.46261665618664366
0.4673709672687177
0.45675137251886505
0.45163989715244246
0.4436420796415482
0.4345650895547499
0.4354931359158977
0.41815941034460263
0.4184801834291591
0.41878125562663704
0.41903210776455485
0.4280445451842455
0.41857606719790574
0.4184900616088647
0.4188050048905458
0.43239222448284914
0.43430546971861084
0.435572229281263
0.43792162877515195
0.45057048105743336
0.45132965337464925
0.45099751202208965
0.4540975439414911
0.46194724743147697
0.4745982594318261
0.5006713969644313
0.49738261682308355
0.4840988395189766
0.4857045095617432
0.493818311822051
0.4908253265650982
0.49407336812324826
0.49260752420248877
0.48328478313021933
0.4870019471000506
0.7338600885133978
0.8335329281398642
0.8329499852167153
0.8327531846384064
0.8474575966328324
0.8475453165689335
0.8476324013397531
0.847707554677487
0.8478080309535723
0.8479119646060831
0.8480299436634755
0.848170956137499
0.8482689922712641
0.8482532047785221
0.8482382245527308
0.8482239898199168
0.8408726048857391
0.9700672101274475
0.9700557445099358
0.9700104174903063
0.9919563641978738
0.8626815565925001
0.862610593289699
0.8625729079886775
0.8919016712788648
0.8918792123442147
0.8918566333541937
0.8918385835768904
0.9064989604934468
0.9064823061545022
0.90646680927126
0.906458712060323
0.7506562776116171
0.5931107093569188
0.5343051505045368
0.5518119278798702
0.5429177586055456
0.5453398415222329
0.5469712503199872
0.5510275235467557
0.539894292882758
0.5396404190939418
0.5401209722489856
0.5409894619682195
0.5207002908295407
0.5211984490367123
0.5211683632474494
0.5213078195953936
0.4858969167745076
0.4854303884366043
0.4843083671218461
0.4882338549341976
0.45897454388568554
0.45920060766443066
0.4613888081227615
0.4598611898127528
0.46107906073686067
0.455145423523246
0.46315192954892437
0.46126822567442793
0.450266764032124
0.4490654650438401
0.44973315301262606
0.45813053700028566
0.44666933895267574
0.45774107341200854
0.4540787812956887
0.4505961940687159
0.4473307054310071
0.4499655189462515
0.45622695965292714
0.4515475753080126
0.4680364184488047
0.46320356904743715
0.4642595633350833
0.4616063379767933
0.4858560082651298
0.4897444564101697
0.49337790845111784
0.4960135280280305
0.5060147167115099
0.5096440830027534
0.5141061059430512
0.5201742632529279
0.5201182298643917
0.524238821300004
0.5358288769449204
0.5481148238529009
0.5423300503657529
0.5491424997468366
0.5640351309371215
0.5676765219590024
0.7359373289096232
0.8326365750931829
0.8326235697046898
0.8326092003776233
0.8472656062710844
0.8472524196716361
0.847240645445369
0.8472280097988761
0.847214101708919
0.8472011432115015
0.8471885833509245
0.8471753117836882
0.8471614383313381
0.847148511147681
0.8471363155700149
0.847123497248932
0.8397728692043502
0.9690259993827314
0.9690950292633759
0.9691221456044786
0.9911039096838804
0.8618071343881202
0.861743569094945
0.8616877024378512
0.8910060332953802
0.8909766155554797
0.8909463878785979
0.8909223089152614
0.9055784637688472
0.9055600252474412
0.9055449231097761
0.9055371195509798
0.8908628612899961
0.7939876760053265
0.7940012139652664
0.7940150571273226
0.786687076593939
0.7866980287654202
0.7867096492457714
0.7867202107116823
0.7793935841809428
0.7794080127260936
0.7794213147785993
0.7794303641274336
0.7536453720695772
0.7531228565450068
0.753167689410187
0.7535841959645565
0.7224121445686544
0.7221669060812871
0.7106933920611496
0.7096134089097452
0.5261442736387609
0.5565633248356799
0.5495463879350052
0.5452910127028052
0.6585310645561367
0.5551805483700749
0.5427548697703863
0.5255049971196443
0.5001541880039617
0.49613047895223555
0.49199157997830606
0.48726859326842914
0.47453581794713684
0.47018436143610065
0.46567219702530155
0.45904028406671843
0.45251453347980525
0.4517323100564983
0.44270271003044254
0.4410807019846772
0.4500699563374157
0.43971938228747587
0.439004196673762
0.4407140462365056
0.4704592321796855
0.4689874758058017
0.45918453628045913
0.45681238694566756
0.47895077333048314
0.4836392052172291
0.4890036030171872
0.4954907369462102
0.511471413266229
0.528120020812359
0.5441735242343378
0.5613250323928913
0.5729728192620634
0.5765209059024969
0.6022287709167868
0.604200621180287
0.5949792010432836
0.5959391301487444
0.5968573395360363
0.5985209206162468
0.7358023444840878
0.8325179390591505
0.832517800422606
0.832515444204244
0.8471848093941834
0.8471831057735298
0.8471801229638058
0.8471754003844514
0.8471681305144003
0.8471614659412748
0.8471544635050693
0.8471462747643561
0.8471381663540406
0.8471331305400853
0.8471313148700199
0.8471307518549491
0.839794324574198
0.9690532281876107
0.969132967396586
0.9691808121101959
0.9912140480941403
0.8619777875142435
0.8619235137720953
0.8618994076833233
0.8912449384755601
0.8912344244299778
0.8912166611269795
0.8912017560112324
0.9058663359569127
0.9058587362343318
0.90585723098603
0.9058645569819438
0.8912045507495433
0.7943430213441917
0.7943712033302504
0.7943989941621513
0.7870815932879786
0.7870985984237985
0.7767775192711708
0.7763483191773348
0.7680020143810675
0.7675140471404691
0.7599294884670874
0.7597135411039658
0.7448469707615127
0.7449873835603902
0.7450431036802488
0.7454492956613544
0.7022613469296429
0.6639015852402376
0.6591499308919142
0.6468925811139736
0.4799086963503737
0.5528561440573307
0.5546988759198094
0.5270774146413478
0.6162842150910786
0.5062576333640444
0.5007437507330501
0.49655664800474475
0.4808326912048534
0.47563204833585965
0.4676235510065992
0.46615099871953375
0.4549079835542385
0.4479955980946464
0.447683161406958
0.4441910121760435
0.4465358632268903
0.43304634861375046
0.42769607543595867
0.4329969102494833
0.4277071613857012
0.42934027084237797
0.4404040227669436
0.4258253923712113
0.4534897980016484
0.44806613225646513
0.44737605645398565
0.44268219102364337
0.4637180412913752
0.4597940288935154
0.46821717813386204
0.46648155432976524
0.4762912214499019
0.47685561035580376
0.4735638768824107
0.4744485481233966
0.47731370598389933
0.4842628877406606
0.4875500931147846
0.4813878231871681
0.4833106769040902
0.4860522139400993
0.49033652715998005
0.5177558534451245
0.7363740592008905
0.8330553399231566
0.8330737124610029
0.833049462373826
0.8476944453732493
0.8476654774780538
0.8476313112667567
0.8475924001427942
0.8475568315422682
0.8475333590329603
0.8475119190412367
0.8474895114710655
0.8474692016828212
0.847450632887411
0.8474315706530986
0.8474125318094038
0.8400585893546644
0.9691571154587606
0.9690581805270121
0.9689901460751051
0.990952575690329
0.861800186335924
0.8618334003631571
0.8618302987784652
0.8911503216110106
0.8911113413929833
0.8910776790438232
0.89105003145215
0.9056971862003508
0.9056707525897347
0.9056521365700573
0.905643565798357
0.8909780246479552
0.7941329950102428
0.7941984424919453
0.7942843492224736
0.7870378304148603
0.787092856417521
0.7871139409908295
0.7871215443433295
0.7797908420041709
0.7797872221115613
0.7797660098918863
0.7797321925661118
0.7650231321439066
0.765013216235548
0.7650364509057479
0.7650878581309055
0.743145396601862
0.7432096434400997
0.7432574808262031
0.7432939660010675
0.735990630375362
0.8329596994814256
0.8330427692158431
0.8331102980851456
0.8258337261851956
0.7288910120288583
0.7288379524074404
0.7288284790736866
0.7214895557950367
0.7214925052695846
0.7214931135002285
0.7214910344488294
0.7141539265409175
0.7141554344407773
0.7141569173172987
0.7141570010410193
0.7068194833816498
0.7068212411813153
0.70682731389499
0.7068363277362064
0.7068464876686487
0.7068453326459735
0.7068418602838237
0.7068418569090383
0.7215184050087786
0.72149462038857
0.7214689589103407
0.7214592179604677
0.7361347239843664
0.7361360523662605
0.7361343162368007
0.7361330489004534
0.7434712297771182
0.7434738196131733
0.7434752886873315
0.7434751902650707
0.7434744042774769
0.743477421240448
0.7434798080464403
0.7434792221690624
0.7361415896353113
0.7361456375132812
0.7361504458086818
0.7361513850093181
0.7361479315818692
0.833025873018443
0.8330176660702908
0.8330063839847298
0.8476711535204504
0.847666498724494
0.8476622261306039
0.8476560392090802
0.8476464181454061
0.8476368556497398
0.8476267496683794
0.8476167691243077
0.8476076627311954
0.8476031658883442
0.8476038768681242
0.8476064490979317
0.8403017899084342
0.9696066954373819
0.9696647244637906
0.9696623822251941
0.9916358682033509
0.8623346522216107
0.862232071482202
0.8621816703459654
0.8915112461876753
0.891490173901765
0.8914661684151809
0.8914459772923111
0.9061020955152049
0.9060845762283903
0.906073010054713
0.9060690790199214
0.8913981100712345
0.7945238704868078
0.7945396812867138
0.7945582577067534
0.7872374493563165
0.7872512090790716
0.7872597425772057
0.787263256033539
0.7799275862154484
0.7687412785929033
0.7597356186022965
0.7132095832727547
0.6665303714444472
0.654733242269599
0.629277676649644
0.6066990111890508
0.5603291342276439
0.5294047162363279
0.5238887119145815
0.5196203662291718
0.4591443912729377
0.5568396918605134
0.5577075150791511
0.535746955845108
0.5652839382914463
0.4697192364320042
0.467445983665715
0.46914624818186257
0.45514229553603863
0.44588905675369256
0.44978041345942943
0.4445887409705004
0.44355065495565993
0.43686074009023607
0.44187313856122723
0.44326414828256233
0.41998841623204325
0.4346550848108024
0.41644776014036017
0.43269520184434423
0.4375419496805769
0.4348978652286211
0.4308338725249076
0.42774001744908297
0.4407822034837103
0.44354393587990537
0.446158087248447
0.43187809113310005
0.45185737863722086
0.4560016691666068
0.45820654560112056
0.46902978533699
0.471047416675053
0.4673200926292908
0.46600396427020396
0.4794421354448081
0.47501582725961716
0.47275946611999237
0.4797060478034622
0.47529426991872337
0.46697443014217777
0.46742576903464905
0.4701029320795311
0.48104086353511444
0.736375792076
0.8331848605824766
0.8332420585402912
0.8332512996200178
0.8479346792316086
0.8479663715175816
0.8480036249819884
0.8353024262411392
0.8243039707681412
0.8242165369099594
0.8111946357566576
0.798193771293729
0.8236475301776975
0.8248007217615114
0.83676330804971
0.8481590203831113
0.7056688067861959
0.7826277119484125
0.8367120037346774
0.8774718115824268
0.9910418638253754
0.8627277063354267
0.8628878158181214
0.8627721372435264
0.8919097551099817
0.8918780289191313
0.8918770345691519
0.8918106741950141
0.8954884126689938
0.906269080498237
0.90691150012962
0.9069193845508151
0.7921945554053247
0.5950371539639636
0.5134244281198547
0.5247966396443868
0.5191964573973727
0.5054430269306723
0.5137352329778215
0.527941681179285
0.5051519656470279
0.5210933758824803
0.5137471429161232
0.5106257557505097
0.4883590644345011
0.4922431998333908
0.5056411745244892
0.5028218832023494
0.45602432787386654
0.4563231523767945
0.4565658397864137
0.45667845006158764
0.40520142514795016
0.4339875925633749
0.43739864647673804
0.4377836261498274
0.5414874818259717
0.4452479042080356
0.44587556619189606
0.44642792818841115
0.43970916334004384
0.44019567911232005
0.4406379651021041
0.4410804196148032
0.4112448872122358
0.36207280897729016
0.32482427958273064
0.30394011352408207
0.30911431903221404
0.29123427933448864
0.29351507818400363
0.2842743306008617
0.31123744517113133
0.3108719895979436
0.3106534660697746
0.31081101828260593
0.3318927945627174
0.3333276290734105
0.33688034203547956
0.34131819345515835
0.40660581857450373
0.4068075377168428
0.40693223588494337
0.40707781260633896
0.42029735102591365
0.44507748772402134
0.4408357865316712
0.43763580135389013
0.44101712052709713
0.44343257718334333
0.4433896970916888
0.4568583287560328
0.4417177023112442
0.4613375159195184
0.46134696957916205
0.4613474892844661
0.7339683487426368
0.8333748363792673
0.7938702496258496
0.7684854502461472
0.7708248681990116
0.7687507826480199
0.7690404167391588
0.7693634600941235
0.7673409365278724
0.7668689935035498
0.7545217955203528
0.7415501880237739
0.7537513181627099
0.7546353292274708
0.7570350246838514
0.7663629458294853
0.6427966007378636
0.7739252991844601
0.7694760246262102
0.7793501563471015
0.9862841873824343
0.8597081891771851
0.8602393253126602
0.8604978740079212
0.8898792474975458
0.8900120135236752
0.8901716703940054
0.8902634305555124
0.9049569466830708
0.9049798625857659
0.9049339858194447
0.904773974708964
0.7652517289365697
0.5885240114149632
0.5180128847641012
0.5356757779504754
0.5110325903245924
0.5127806883961924
0.5311923379376808
0.5296881203074879
0.5034545069836137
0.5222502619298469
0.5257526670318826
0.5189514681615677
0.4968977377313111
0.4863683536849721
0.4917622549508713
0.472000646064519
0.4622839888402441
0.46313633005479427
0.46487860407527287
0.46489617617460743
0.3982264759403712
0.43639396332876207
0.43514025416821395
0.43655114826558794
0.45550148900861076
0.35854670143413747
0.355479989573583
0.3519665630661857
0.33173360687557024
0.31553028844185504
0.3261345118219916
0.32029604505253173
0.3070121937676465
0.31303761945522346
0.32144924805815744
0.30726878894061077
0.2964651457384081
0.29032718887111303
0.2829547353643317
0.2939217332279916
0.2893902309803911
0.29092871301237444
0.29272782514750767
0.2835508982824687
0.31406106847231374
0.3138662895260543
0.31407864508495364
0.3189596799006698
0.3335246610141798
0.33356956776422525
0.33619695744861194
0.3387021498460188
0.4135018524680083
0.41371520135183537
0.41246607859941187
0.42496726106257027
0.42525869632849916
0.4221123078438602
0.4286857069879464
0.423914110221491
0.42650749417976597
0.423811883482176
0.41802970916603865
0.41623310546332326
0.73362120986117
0.8131534185582275
0.7987058500057718
0.7876592252672779
0.7968844027643314
0.7968718797085742
0.7972499005976309
0.7981862616001474
0.7946944837810856
0.7786374332136241
0.7640979194629685
0.797256330160663
0.8451040911157038
0.8451732481742873
0.8451732481742873
0.8451732481742873
0.8378367144936959
0.9670230605530963
0.9670230605530963
0.9670230605530963
0.9890326615948705
0.8598463155354702
0.8598463155354702
0.8598463155354702
0.8891924502578357
0.8891924502578357
0.8891924502578357
0.8891924502578357
0.9038655176190182
0.9038655176190182
0.9038655176190182
0.9038655176190182
0.8035415156790252
0.7784357207422723
0.6218023508680334
0.5686149208813234
0.5587178040753312
0.557636777660468
0.5595680524259322
0.5593918074735394
0.5472093200312437
0.5513338757919766
0.5615611176414615
0.5527712684518639
0.5974496660837625
0.5994715921196978
0.5984841591358526
0.596891304272667
0.55188223559696
0.5500584799573843
0.5254864086966943
0.5226289480599356
0.3885021947958803
0.4137823015073973
0.4119736381937532
0.4124280859990428
0.5819890781526167
0.48186567406837716
0.481626220568795
0.47945384735491703
0.4589882905608819
0.45498317924821136
0.45633223074281554
0.45339412848078603
0.43068683616304543
0.43736305038337575
0.43856983869171945
0.4428516935266183
0.4321495969183478
0.4412227093982253
0.42418421902382475
0.4273482635290981
0.4309441805869466
0.42163058101031703
0.42529788498757953
0.4276570550456571
0.4650302942157604
0.44466814675598487
0.46053943425320504
0.4646215997773619
0.4694761077290988
0.4664417263555888
0.47429171151039773
0.4884797131432478
0.49818899550787155
0.5273430247802198
0.56013186059953
0.5925150439045822
0.5912556760793681
0.6005245590764469
0.6005118020289485
0.6006625248759222
0.5899908849987114
0.5798899146389561
0.5805969139347985
0.5806284554122543
0.7335944801933756
0.8317001208890404
0.8315900106342551
0.8316616464451168
0.8464115912188901
0.846512578413437
0.846644727921176
0.8467847952252607
0.8469243944718566
0.8470472089629977
0.84719009525483
0.8473612776289747
0.8475348280560431
0.8476937205414674
0.847954472335044
0.8482525571607232
0.8409072310088217
0.9700247411821145
0.9699736854862825
0.969954776534491
0.9919643696481278
0.862746041675019
0.8627045522322836
0.8626766058790368
0.8920092233478826
0.8919842559927931
0.8919539627625841
0.8919283953139734
0.9065824177179437
0.9065624190729276
0.9065474514168093
0.9065415167079276
0.8918691278474375
0.7950003866776014
0.7950224510638763
0.7950518120435972
0.7877423362292558
0.7877630835714015
0.787775055160163
0.7877806722204398
0.7804467549665677
0.7804616083502381
0.7804830983623584
0.78050373937137
0.7658510915122627
0.7658756365337518
0.7659010991300824
0.7659248876503247
0.7309893819431832
0.7216786631997326
0.721994280929079
0.7211440870079106
0.5687797796590918
0.5596292951655264
0.5549679160352355
0.5494890348360023
0.7736845858000876
0.6801362129854656
0.6788814400243158
0.6418937039209499
0.6295281281953731
0.6159606668802861
0.5928216443859814
0.5795684455420164
0.5410345601786739
0.5248526025297582
0.4937500541228326
0.48285910120101494
0.4719668120458921
0.4673605063045919
0.4642100137333101
0.4601082249148057
0.4696498003847186
0.46648157484259484
0.4624362970263952
0.45695650011845684
0.5009463686904442
0.49606685071595447
0.4932163708872529
0.4927033787329619
0.5133340170699161
0.5161980400386024
0.5151829912411675
0.5132685821357679
0.5146378964929041
0.5093166997227613
0.5063537010811645
0.504177900537758
0.5024812638120868
0.5071932904480465
0.5205145939618775
0.5266158931515904
0.5195754760617216
0.5247022371618913
0.548710261756955
0.551219362102436
0.73406347608266
0.8323438146545278
0.8321299408218671
0.8320740215484761
0.846786579283781
0.8468618026043853
0.8469791617555964
0.8471025152820535
0.8472118275465158
0.8472356478434729
0.8472515077088248
0.8472580324942798
0.8472728085340455
0.8473064379921208
0.8473623250983868
0.8474227283149183
0.8397933826447426
0.9677075959379186
0.9669348914926797
0.9666830036125905
0.9886475693164515
0.8605642127541168
0.8613045418935343
0.8614557621384453
0.8911013461978564
0.8914400904240123
0.8917209564927163
0.8919059714457203
0.906696528204581
0.9068350948780697
0.9069319750268063
0.9069241900599634
0.8221813855766281
0.7432684061594848
0.720139761641297
0.710469132819872
0.6744354515499152
0.6570505100899181
0.6304010249616023
0.6181989910414535
0.5707389839701624
0.5667168072646147
0.5656868611207031
0.5625092258900148
0.5410871644772427
0.5379270393735602
0.5349577369097906
0.5322837610004477
0.49080627548456424
0.4869531109657244
0.4800050568054611
0.47948294038885525
0.47075760580401754
0.5581905981196836
0.44483749943597783
0.4258778597464648
0.5450284681092238
0.4510351503891048
0.443603107452882
0.45055554543229587
0.4403840890925777
0.44334950315338456
0.434787177907601
0.43534560047225646
0.4289558619094913
0.4313369043408451
0.43233114644601406
0.43351512027450984
0.42685647586004727
0.42619068392916754
0.42669492168500484
0.42717705222015856
0.42629323161984434
0.4266353584942261
0.4271572706276165
0.42763748784679073
0.4389987835012833
0.4395875054653374
0.44023586298349654
0.44070442174566105
0.45446028675486744
0.45416610994595913
0.45385089222578573
0.4534588098761382
0.46160000929933276
0.4624290875582019
0.46273625438693283
0.467625732453041
0.4666825958981049
0.46520747274927127
0.464181031173971
0.46327598979283396
0.4558073334613828
0.4550270028424176
0.4543110827157729
0.4535389376971666
0.7305918968030999
0.6627228124909174
0.6897196217431221
0.6785527100940559
0.6305743727012036
0.5902786297364705
0.586164651077772
0.6112321655813722
0.5749404672182767
0.5786220360400273
0.5855035624913003
0.5790338773482842
0.5897846521150479
0.5982769379303923
0.5952350431947773
0.6005124973289471
0.4979974676096804
0.5544557754693423
0.5512523783646625
0.565865362477951
0.731649152875928
0.6049950878021986
0.6112197476505534
0.6126847146129183
0.6567239646315239
0.647969385195061
0.6417822738522064
0.6454471397018364
0.6664889952603916
0.6567479275519977
0.6467282068582345
0.6198556074405407
0.7104454835579781
0.40196677642949774
0.3938294697886666
0.38424010036612455
0.3743225949454925
0.37160385725755574
0.36911553922935836
0.3667197374013373
0.3594899461384964
0.358382011117589
0.366825695032768
0.36455536049206455
0.3430401475584526
0.34323318789062746
0.343386847878592
0.343511479957624
0.32418645804486673
0.3246258790250743
0.3249213665411378
0.32550772630992925
0.3628581056065189
0.46000351394880534
0.46025232803299254
0.46025363861981744
0.4048483346215081
0.30820175614978534
0.30858755768603924
0.30916648739115216
0.30271584276728974
0.3030174684097488
0.30331245401665596
0.30359435686005154
0.2967284125125713
0.29711219440319564
0.29771941295216
0.2983080038926214
0.2915578733436785
0.2921796684209537
0.29256485662998016
0.29328458172265826
0.29176087759238956
0.29245613993059566
0.2930985509796843
0.2936842185829374
0.30251361008516214
0.30236298709348913
0.30162511348161997
0.30050645029378115
0.3160814246529444
0.3362249349357665
0.3526476341915698
0.35325463269473445
0.34783738067929776
0.40843110151867057
0.40940611409841615
0.41081082341604097
0.4062316084298977
0.40051025373235216
0.40742089539375953
0.4135152005865742
0.40529446071481373
0.4071745871276868
0.4086720037453037
0.4097626485666378
0.733760851749192
0.7805297414083198
0.7718442752039015
0.7615152554833963
0.7456357776230954
0.7312511990056167
0.7262591746240975
0.7330907570587373
0.7320642366638538
0.7333754648901695
0.7381203547683007
0.7494945272970046
0.7647930697847961
0.7827753324847292
0.7984161263483537
0.8308742123945756
0.7617247204110673
0.8480576580296746
0.827892809893783
0.8220555149889095
0.9884027779046114
0.8598463155354702
0.8598463155354702
0.8598463155354702
0.8891924502578357
0.8891924502578357
0.8891924502578357
0.8891924502578357
0.9038655176190182
0.9038655176190182
0.9038655176190182
0.9038655176190182
0.8041074139134792
0.6654321565923174
0.5998510004503695
0.5773711093938151
0.5700212604071431
0.5713214465316307
0.5745567946685157
0.5738033323327867
0.5553118534205231
0.5575244174546825
0.5622424936179237
0.5592439260597765
0.5274861271177458
0.5238055990718348
0.5194824386150775
0.5134478759778518
0.478566480138445
0.4796799358374115
0.4790005460258584
0.4784096344900771
0.3573383323277327
0.4310779512552698
0.42894390542888844
0.4306444196607864
0.4188358287960042
0.32052899526379225
0.33324062182123154
0.3270061105636255
0.3288597193380114
0.32057281754686967
0.318457646807406
0.3187095390600977
0.3070501715337698
0.3063239388069651
0.308146011037343
0.3062545150707989
0.2946067428908097
0.296978559971707
0.29333579778010105
0.29929519796404
0.2960136910521241
0.2966027916436228
0.29898563320605187
0.28974439833317994
0.336218951087427
0.3396272486904788
0.3153484145100535
0.31569053949047715
0.32853909851928886
0.32434602361760356
0.32363249534826943
0.34002269337900837
0.33893473353990716
0.3327357937392948
0.3437104340152096
0.34343470437770557
0.34377536125474856
0.33664244945738037
0.32653585180579714
0.31711216973258755
0.3136204715289283
0.31705047925978697
0.3163853387465594
0.3178041156805536
0.7338716724753547
0.597807799463192
0.6148751260370755
0.6494326531451501
0.6331142190093209
0.6238415402592367
0.6154254450174571
0.6073202040495022
0.6005673629786074
0.5971395318721682
0.5958354795046615
0.5945495935509006
0.5966158412750753
0.5991239226458449
0.6013916503557171
0.6056627569462952
0.5598314071960506
0.5696585743933023
0.636766089225309
0.6960694868523867
0.8260206796449618
0.7119048019467371
0.7363016646022379
0.7437053149913996
0.806207533605147
0.806592478935989
0.8061062027644985
0.7989596946133419
0.8210386462087857
0.8205551423338002
0.8135765702795893
0.8123291155180908
0.7805946434129395
0.5799767780609331
0.4725328811906693
0.46702345928008554
0.44192058756041847
0.447109927138275
0.43928220960016223
0.45426175323502466
0.44846351238132265
0.447380853713769
0.44820097854796936
0.44665551573536855
0.39021156489146125
0.4056793024087617
0.3644678938085172
0.364007354459463
0.3500715917192466
0.3403574654468404
0.33833114180665463
0.3483656232489398
0.3407997206643861
0.4379221956575776
0.4383711021604685
0.4384713972663755
0.4186253908077057
0.31903724278748286
0.315742297131444
0.3017571302150399
0.30113182654307524
0.3047591275125226
0.30348196981093734
0.3081652816484641
0.305244870166767
0.29776807824022955
0.2995635799641957
0.2898592026136853
0.2830277969930341
0.2836670549051316
0.284249565916628
0.2850277584993575
0.2834910215202769
0.28388773056378536
0.28429185894915404
0.28459198560108245
0.32385406944194345
0.31702096444438677
0.32058484720331815
0.3122408174938283
0.3482661434872648
0.3551448452665451
0.40163626244032596
0.39888809631296135
0.41430992848060155
0.42047683738092534
0.4265753303806964
0.4197930689580707
0.41643076086603587
0.4175386154873148
0.4189167837856826
0.42096266152396855
0.4162077348577923
0.41409538666665185
0.4189882641293946
0.4210273078556147
0.73362120986117
0.830500180813105
0.830500180813105
0.830500180813105
0.8451732481742873
0.8451732481742873
0.8328543884029256
0.8451732481742873
0.8451732481742873
0.8334374425511532
0.8328919383903162
0.8326720527882863
0.8329477672955463
0.833324409779518
0.8450631873762923
0.8451732481742873
0.8134509817048234
0.8938829139421137
0.881941592670789
0.8575113040864473
0.9890326615948705
0.8598463155354702
0.8598463155354702
0.8598463155354702
0.8891924502578357
0.8891924502578357
0.8891924502578357
0.8891924502578357
0.9038655176190182
0.9038655176190182
0.9038655176190182
0.9038655176190182
0.791206901227517
0.626080494557722
0.5522097371288678
0.5585415130054208
0.5552446918095402
0.5487424009010305
0.554278278179826
0.5584887741784204
0.5407239910916768
0.5379371118548076
0.5363161679051363
0.535929847638166
0.5106060611354926
0.5169212447936972
0.5150113110145684
0.5163909331589815
0.47445293111442854
0.47233054430675137
0.46841552331002995
0.472389232256307
0.3846006913594302
0.42831243627276167
0.42674721792396536
0.42862330359104117
0.49219928799094864
0.40004434548698203
0.42197226618103684
0.42378053594886167
0.40778305214858007
0.3897123646630698
0.38305153163829303
0.3605274384687272
0.3435808443786599
0.31994640716387374
0.3121268564043538
0.31239847195769826
0.30311878503600026
0.3004161914726674
0.2924330037693413
0.2909983225782575
0.3012353122674763
0.3010323583901211
0.2993688139652015
0.2986532230367942
0.33980297171714047
0.3412859961713738
0.3416878170748692
0.34320095487969066
0.40738977353744565
0.41293730770310955
0.41694958701228957
0.41366687582711864
0.40823451320501186
0.46658449655918866
0.4599542106480941
0.4702068547415789
0.4601028589032824
0.4617733667957376
0.4729674970455052
0.48665012717704653
0.4796028177572367
0.4742956575920995
0.47352875399549277
0.4867673794664549
0.7337081429671669
0.830500180813105
0.830500180813105
0.830500180813105
0.8451732481742873
0.8451732481742873
0.8451732481742873
0.8451732481742873
0.8451732481742873
0.8451732481742873
0.8451732481742873
0.8451732481742873
0.8451732481742873
0.8451732481742873
0.8451732481742873
0.8451732481742873
0.8378367144936959
0.9419616809316882
0.9076340633823404
0.8687985443730061
0.9890326615948705
0.8598463155354702
0.8598463155354702
0.8598463155354702
0.8891924502578357
0.8891924502578357
0.8891924502578357
0.8891924502578357
0.9038655176190182
0.9038655176190182
0.9038655176190182
0.9038064905328687
0.792292984950828
0.7643217608834388
0.518394787427527
0.4675581853698531
0.4609045250713879
0.5201676705947553
0.5285789649178587
0.5328365658725759
0.5172295146927102
0.5480622719627147
0.5458908943282051
0.5430309014067836
0.5233504317775992
0.5239291995480972
0.5248219088542344
0.5236231165502874
0.48715907490237786
0.4864613423426059
0.4842372330763083
0.47986104452138506
0.4158487206113179
0.42127620148353245
0.4215305730353392
0.4219904428811688
0.5598288564466921
0.47067078792382416
0.4612480473582
0.45145781241139343
0.4414072330576853
0.441378907414963
0.434516675116243
0.4350977849708349
0.4283372032016165
0.4289612306583211
0.42948258186642746
0.4302243794890907
0.4226445706598629
0.42283887321544894
0.4230489628546512
0.4232625629681879
0.42244000432927964
0.4228332279973054
0.42342839851637765
0.42381417476448224
0.4436828592777562
0.43509976101842485
0.43470082941253374
0.4418792996174499
0.4483603674876826
0.4780518603551096
0.4587897921705423
0.4728990894130518
0.4863604370749864
0.49121250053078924
0.4986191928462979
0.5063783970685933
0.507284955757609
0.5169413117641632
0.5309716274554648
0.5328591881025643
0.5246287694678963
0.5272563420191754
0.5333268272070968
0.5335010908108974
0.7365691559197316
0.8334064104969054
0.8334279361812981
0.8334238530696154
0.8480916104235099
0.8480846238115525
0.8480734475777849
0.8480593913014554
0.8480451820484429
0.848030723664506
0.8480158476963432
0.8479994850098003
0.8479795844427716
0.8479544122415001
0.8479275274389376
0.8479006380506334
0.8404925235794783
0.969540984968113
0.9694890725384075
0.9694472864771346
0.9914394139818281
0.8622743274110614
0.8622902730365507
0.8622881075654185
0.8916236931381025
0.8915980938359426
0.8915718675691153
0.8915529742887074
0.906213265960787
0.906197866291322
0.9061845935488481
0.9061786806003433
0.891503980981627
0.7946361259585966
0.794663608275392
0.7947055500687615
0.7874129936045995
0.7874396128737892
0.7874438530332604
0.7874367771771225
0.7800882486568702
0.7800919617757589
0.7801060065861279
0.7801206383139485
0.7654617920920163
0.7654760165536864
0.7654870376090631
0.7654939357253603
0.7434888902801141
0.7435091364163485
0.743532845773974
0.7435511932116247
0.5916884130775996
0.5693213428208204
0.5544596060132597
0.5470235407234928
0.7673856221707308
0.6686044038240014
0.6529805395949855
0.6174294769309293
0.5924829769245573
0.5780428105776477
0.5623245982040395
0.538351224750851
0.5123728508254262
0.49132366047441184
0.48573114612752577
0.47806803002090964
0.4638353881328874
0.45767861590276127
0.4488120829091381
0.4397584660113497
0.44982854014459067
0.4460324291286464
0.4421580130729259
0.43927961121316655
0.48258725788920914
0.47627454663467156
0.4745000865194005
0.4751479394939767
0.498852459963746
0.5050271465499809
0.5092576033254944
0.522825812290614
0.5381092583008131
0.5747341253385184
0.6156420407849639
0.6306938945210615
0.6280679654159489
0.6278971158592225
0.6275429330418595
0.6269124517592192
0.6183903396818241
0.6208457139183127
0.6232138865586754
0.6261859261339084
0.7365028877837263
0.8332748799209158
0.8332724891262573
0.8332605905137987
0.8479233300567526
0.8479088793242172
0.8478893384173564
0.8478648837384486
0.84783676964292
0.8478103557061021
0.8477819464470135
0.8477510396743404
0.8477231091987868
0.8477005873493659
0.8476722898689856
0.8476425956610144
0.840233587198758
0.9692526995369387
0.96914682198821
0.9690988362476867
0.9910766489033237
0.8619335667875678
0.8619729657506019
0.8619778548182684
0.891308631747895
0.8912758340776005
0.8912399783026868
0.8912117692791713
0.9058639507603046
0.9058417463279536
0.9058244294071539
0.905815508201112
0.8911407650921662
0.7942689092450977
0.7942858126584594
0.7943104433972984
0.7870002113114498
0.78701726677782
0.7870322565952864
0.787038108025761
0.7797030501585273
0.7797139077867363
0.7797289775605548
0.7797436693549772
0.7650844190314314
0.7650989158649307
0.7651098691519682
0.7651170387125683
0.7431132455634808
0.7431312744189045
0.7431518010334925
0.7431677717597979
0.7358959276305109
0.8116377549671661
0.7945388762990715
0.7869129350638705
0.8258938038405645
0.7288128982644341
0.7287568796208965
0.7287330324127609
0.721411650877754
0.721434089007372
0.7214519139949666
0.7214673656639362
0.7141445856014206
0.714160558458307
0.7141771612257273
0.7141938128991356
0.706873730125
0.6952441136991948
0.6872003223816412
0.6866936401579007
0.6869563224372424
0.6755120055097907
0.6480371891402666
0.6319582251429078
0.6986434498060369
0.6973390978755005
0.6975196424892579
0.6869490237588224
0.726173123793278
0.7363085655555824
0.7362854475515773
0.7362720221800436
0.7435981731968141
0.7435858096458872
0.743568205970457
0.7435713500595057
0.7435732415936207
0.7435709516793413
0.7435658061611071
0.7435616019393577
0.7128355459145604
0.7024936971677043
0.7134728662499588
0.7136084345752621
0.7361928060724429
0.8330470941600999
0.8330273768355106
0.8329994770934998
0.8476434917738054
0.8476045697165114
0.847556656310161
0.8475078045041818
0.8474633528625738
0.8474273825041325
0.8473925418019335
0.8473619283935592
0.8473362876143605
0.8473067915416381
0.8472834616935104
0.8472633047831155
0.8399099412811599
0.9690620183029054
0.9690240694025166
0.9689912515824388
0.9909711687114782
0.8617653088809247
0.8617683229812614
0.8617898509341722
0.8911616555261485
0.8911652042038924
0.8911603088040333
0.8911610978340327
0.9058398216471834
0.9058404901722821
0.9058420315318694
0.9058515217352536
0.8911581607360148
0.7941462172073411
0.7940702635646667
0.7940682667402182
0.7867440664019036
0.7867513936624486
0.7867480682991843
0.7867400607387757
0.7793964231980173
0.7793981374789917
0.7794026957123003
0.7794045554063354
0.7647333550562113
0.7647419385599168
0.7647545817402508
0.7647665594208684
0.7427698851247331
0.7427920309085795
0.742811886670523
0.7428249507173549
0.6457267907575964
0.5890145276466962
0.564016735408226
0.5731130927470552
0.8137020633721437
0.716467144121158
0.7085776539145751
0.7081562393757583
0.6881107279353422
0.6689672904041674
0.6303122210564311
0.6006623098451421
0.5640763937519673
0.5479494431039634
0.5441726310690745
0.5071637849901907
0.49526990337686533
0.4898498441158312
0.48547068324998166
0.48071619040223085
0.4877500793806353
0.48280906566110054
0.478718554222332
0.4743344120578508
0.5151771325160361
0.5126048528469306
0.5117564216767057
0.5129669616633915
0.5303445786184877
0.5388476353018762
0.5272952823106165
0.5228802966708849
0.5247956947256478
0.5206443566793542
0.518928900215813
0.5174003172077374
0.5112736058225298
0.5093555387320748
0.5097186216133992
0.5088551737208646
0.4998240596077026
0.5022547660220913
0.507302407063014
0.5103911350720999
0.736070206083367
0.8327125530359587
0.8327285787476097
0.8327337919509081
0.8474036017676777
0.8474002082378235
0.8473960081718864
0.8473907141643646
0.8473825347026778
0.8473755108468681
0.8473678190737909
0.8473588976278431
0.8473477702198022
0.8473375638238055
0.8473301351774467
0.8473238241148573
0.83998194790739
0.9691985474980239
0.969223816160417
0.9692253297966603
0.9912200849935251
0.8619841100100307
0.8619391445028062
0.8619149433551604
0.8912503514764021
0.8912324550695098
0.8912144792666576
0.8912053131469327
0.905877534859614
0.9058755806682983
0.9058754568803341
0.9058810466362841
0.891218212493522
0.7827747552641058
0.7707038928594199
0.7589571099564393
0.7439096026674703
0.7333701027294165
0.7187462170302966
0.7049133977820231
0.6847473373211276
0.6823076286450139
0.6814362561181724
0.666949498558598
0.6355631487361197
0.6221481578430036
0.62156800095438
0.6192823080988996
0.5405583062416398
0.5331438739234858
0.5303160520341716
0.518534658698826
0.462324772442521
0.5600107324342094
0.5607524619605488
0.5614394120084597
0.5672566672025007
0.4694124781131211
0.46849904956395616
0.46021099587558073
0.45276969182193133
0.45029514560353595
0.4531070777379024
0.4520163107357938
0.4384974533603094
0.4319121963514471
0.4361254854217199
0.4286732950680649
0.42213621284992486
0.42237599851571384
0.4234411353966901
0.42553200263675656
0.4311012158449015
0.43308739936671414
0.42589710810784376
0.4272922844351713
0.44480436012538993
0.43672483699528025
0.44342680350379915
0.4418914739612765
0.4585129050062959
0.4593597067996905
0.459573692207786
0.45857792867646546
0.4651110784504521
0.4644743953054032
0.46636648193533026
0.46783800368902745
0.46859438544789034
0.47293129922829313
0.4809679707185513
0.4689570229199646
0.45927182421980417
0.4591611322339349
0.4597609819821633
0.4604371848779296
0.736241641225524
0.8330360476533516
0.833087042415793
0.8330993820932451
0.8477967691666387
0.8478098278538261
0.8478181835487352
0.8478253271412015
0.8478339314520745
0.8478466288219967
0.8478569149201254
0.8478621237203907
0.8478578764443829
0.8478665338509196
0.8353270827177013
0.8252483550592525
0.7909567166140788
0.9217194646200857
0.96987832376443
0.9698253666728014
0.9918050319745658
0.8625907929111507
0.8625794756326118
0.8625823913128485
0.8919363125382171
0.8919287181732388
0.8919167625522582
0.89191060178415
0.9065829395058582
0.9065800576442262
0.9065815324804446
0.9065902419323875
0.8260500445737232
0.784113656946943
0.5760570505038279
0.5411181864895661
0.540923832673421
0.54658138966638
0.6334838112380605
0.6367674551098007
0.6016925243317428
0.6007481961589722
0.5433242549916427
0.5407970935748996
0.5207533473730184
0.5454868217500993
0.5421004465082464
0.5400777969817746
0.5063406161465441
0.5047090056982642
0.4983025172750299
0.49466995002340275
0.4641503103118313
0.49652033839254894
0.43274026793423415
0.4259159257064791
0.5577218888045293
0.45729606112387206
0.45821856298626923
0.4505400986007983
0.4364026547208528
0.44920213757943506
0.43142634603989466
0.44036731198231654
0.4484543789330656
0.4368599029793574
0.4285078341849803
0.4310173890959622
0.42561141311748657
0.4276948074928333
0.42976658084995145
0.42932028818441825
0.42545888865844844
0.42793145375395575
0.43026795275529817
0.42210736203405774
0.4397686544775027
0.44121444567879287
0.42957699070212246
0.432820011626143
0.4558677872854207
0.4543915455089708
0.4614127010694933
0.4598920205532767
0.46868098981729045
0.4668851618006118
0.468280404319192
0.4519808188325882
0.4617245225196321
0.47083158267070074
0.47073414815588693
0.4701366653133765
0.46200084613754777
0.4579337097810791
0.4469407896922779
0.45830356841063036
0.7365930049043002
0.8333239707782906
0.8333970580443764
0.8334363236253846
0.8481205442965898
0.84812274538946
0.8481247713194462
0.8481274326679138
0.8481275775385559
0.8481281360330883
0.8481272013334608
0.8481241263005234
0.8481176203392669
0.8481139387327254
0.8481146585526377
0.8481180679604573
0.7898094472683861
0.8111655284918169
0.8244839293664606
0.821861393486127
0.9903322665774666
0.8629294173213806
0.8628655779720638
0.8628341070732517
0.892174187205389
0.8921557592646067
0.8921299159794494
0.8921068911831641
0.9067624939460606
0.9067456146138163
0.906735237835724
0.9067348805764532
0.8507919819500209
0.7104232985556627
0.627174187703813
0.6069078759149353
0.5730230138274711
0.5637321443727406
0.5573996966448533
0.5530547219623212
0.5353706901673699
0.5457730537952553
0.5581298292509617
0.5500096542377457
0.5343727585809419
0.5233269767261705
0.5252575520415519
0.5291038807805566
0.48440971575994
0.48221582244226047
0.48051766890412617
0.4794003008217557
0.46478379727123514
0.5336631488608824
0.4927703583307604
0.5087506834719024
0.5333165183300237
0.451756044530228
0.45345398649359514
0.4432206176452177
0.4398745116802135
0.4378676412305801
0.4382064747279969
0.43990245264209815
0.43364341510564147
0.43412203912050173
0.4390269454309035
0.43936914003923333
0.4226516927766505
0.42802780117471717
0.4314051992023767
0.43483860360507154
0.42620356447065055
0.42602710639367497
0.428562350146669
0.42456787669049245
0.4413863421858949
0.443812887368229
0.4422837508516997
0.44231551884453935
0.4718841239772099
0.47564339496790076
0.48011910831950183
0.48153201998912204
0.47398491603245047
0.47464245761307244
0.48010770306406025
0.48755691021281683
0.4854008836619752
0.485353280867607
0.4841161312829295
0.4830300702973269
0.4745274926902729
0.47698961374406834
0.47886708993437743
0.48175353200378485
0.7349347610444118
0.8334702404596732
0.8335042292509206
0.8335012705268293
0.8481710783699992
0.8481537510181649
0.8481265526249235
0.8480948349346172
0.8480625345735014
0.8480369459479106
0.8480140991915921
0.8479927331919372
0.8479767534078291
0.8479677504652866
0.847957881722159
0.8479458748370408
0.8405946095980429
0.9697734852635873
0.969763818377266
0.9697485173727911
0.9917411988170659
0.8625297728033178
0.8625139225820331
0.8625109453952623
0.8918605868748759
0.8918582112561179
0.8918584268792246
0.8918663049230413
0.906551785167738
0.9065500389500251
0.9065404035056919
0.9065339831739406
0.8707167948536285
0.7949818604178721
0.7834826078848485
0.7748494757309101
0.7678907153656565
0.7752876935443689
0.775574764934015
0.7763651667776831
0.7701626700733251
0.7698547635190324
0.7695004571069533
0.7690875144540301
0.7534612764389859
0.7531693326334903
0.753296505170837
0.7531059690412532
0.7125082056939377
0.7009239929012906
0.7087297880389716
0.7085677784083213
0.511612538403141
0.5531785194991915
0.5560091229320332
0.5582467498520087
0.6982074397756651
0.6018627100242276
0.5898765122738695
0.5873751093336165
0.5614510105424834
0.544951375140385
0.5205385244923147
0.5022464899890206
0.49204966531138195
0.4906281038989567
0.4884351595365779
0.4861048961050432
0.47650851324315996
0.47440197502277887
0.4720467236014492
0.4690211965721704
0.4755904374398545
0.47210329804773804
0.4682641686397983
0.46198046638734436
0.5157499656424667
0.5070930896949513
0.5074425627050487
0.5084918648287444
0.5271532466284712
0.5344097197647786
0.5259536442191136
0.5247261343773184
0.5347508400363926
0.5389667489889332
0.5596008157214544
0.574911748170679
0.5716328011256273
0.5839827984231346
0.5829745602642107
0.5719385258526992
0.5517647240824604
0.5512168174617363
0.5605518762604813
0.5740041250198721
0.7364656094219555
0.8332100709038422
0.8332100134006152
0.8332020840206936
0.8478641794695274
0.8478576526834691
0.847854960470097
0.8478507502922167
0.8478436849176697
0.8478344180816391
0.8478220001053518
0.8478080465400482
0.8477927210172344
0.8477806704699656
0.8477717130128686
0.8477639293225336
0.8404215753416716
0.9696770249330771
0.9697506537428943
0.9697863097188406
0.9918052683273832
0.8625513237231304
0.8624794550684859
0.862436856742075
0.8917629110180112
0.8917355348135858
0.8917048327792357
0.8916799962654329
0.9063347477880185
0.9063117822155211
0.906290342421874
0.9062777069026186
0.8916009746208231
0.7947276156570875
0.7947424420389743
0.7947669452703461
0.7874546136187525
0.7874754387494614
0.78748845997951
0.7874962089762347
0.7801646597425519
0.7801773593424631
0.7801921953735084
0.7802046897193933
0.7551397847673575
0.7533221283634681
0.7538718184483413
0.7531499838001586
0.7120384409269384
0.6737315644618104
0.6601967915424093
0.6468696155788308
0.4844361408206834
0.5531228288731944
0.558645175715162
0.5509163831225424
0.6333605252684863
0.5208613623750159
0.5081274757984017
0.501906067367246
0.4884367932770119
0.48457419811151553
0.48007721668343517
0.4765919719026728
0.4598574748141753
0.45136613114446805
0.44920054125855263
0.44568794652782784
0.43588495668433
0.442710438391768
0.437247964490408
0.43233529552033706
0.43900178184826094
0.43509824668001407
0.4335720000012661
0.4354738759036072
0.468576159350696
0.46500971161541665
0.46420356584984346
0.45960923809246695
0.47815917542632635
0.4725516029306603
0.4756723603326821
0.4805519180048294
0.4914064011377679
0.4985992239907229
0.5012005700838008
0.5042469697742183
0.4992647608077228
0.5000717529668585
0.4997409989755263
0.4991902698582676
0.47981398193831354
0.47799490451284943
0.4774875659657245
0.4813062560826387
0.736455830208144
0.8333718320047107
0.8334201797296851
0.8334411870844904
0.8481145089900335
0.8481079671318573
0.8480987975114965
0.8480858602584624
0.8480707136741144
0.8480572455111072
0.8480446338272991
0.8480324127662167
0.8480194022781994
0.8480100743250524
0.8480035213578299
0.8479972083185757
0.8406534964144792
0.9698873553377022
0.9699340941705841
0.969950560801479
0.9919568120134123
0.8627034854173897
0.8626328050256559
0.862592173962843
0.8919205090570458
0.8918954663478935
0.8918691100219647
0.8918502921661896
0.9065124426851252
0.9064987453141952
0.9064891323614234
0.9064876622059254
0.7922083129103556
0.6915046776075413
0.6810498957640543
0.6780292834495406
0.6685390198994554
0.6671831660038442
0.6668252011270106
0.6659209394343237
0.6170199913945432
0.6117378863707877
0.6021473059839743
0.588686486009609
0.5595161470729679
0.562742454495443
0.5657674525509968
0.568022117032403
0.5171070926581856
0.5036728042112708
0.5021667005616854
0.4983955541810748
0.4604891707124288
0.5581799209050852
0.5088267753281766
0.500671945993067
0.5663816487547961
0.4685459983463408
0.45488116502567605
0.4566943584155248
0.45463519995313706
0.4431065184550594
0.4457707773051423
0.4379897290504783
0.4313724501073876
0.43158705396409375
0.43218786436497114
0.43023471787848394
0.42677916150465917
0.4299023616094533
0.42567088220805754
0.4299729382922321
0.42649488574009614
0.4299762344596709
0.43083600842548925
0.42319671546600995
0.44102799752963867
0.4283114793191744
0.44473056998023536
0.4476563895819587
0.4622699158082215
0.46159663524312844
0.4550910641969515
0.4570353203073407
0.4823050115268631
0.4690469027308935
0.4603136768887257
0.45783798121645297
0.4619078229202683
0.47484249031279013
0.48349232472068737
0.4855745100755319
0.47496917906693664
0.4665736962904654
0.47157855215514477
0.4823991734789643
0.7342378043180597
0.8334629032640238
0.8082439803912398
0.8327519563483642
0.8476858160874516
0.8477081152225888
0.8476484587039759
0.8476038233568095
0.8355253596503894
0.822509735509883
0.8344230097447166
0.8335947338472491
0.822336557784214
0.8216425284447818
0.8210058419494268
0.820606963503116
0.6913879660299971
0.7903223845588604
0.8149290471311194
0.8276843540145747
0.9880477746874524
0.8604176403542024
0.8606768435540515
0.8605768024084951
0.8896853442256307
0.889652433221342
0.8896815916186538
0.8896351298931758
0.8925001521936795
0.890259545356179
0.8564360402158995
0.8511849690902596
0.7881155770737063
0.6912889357272672
0.4923310531275271
0.4525970455633894
0.4466440477466917
0.4504208643593119
0.5242646231618007
0.5242366383215014
0.5126571103915977
0.5099149533631694
0.5161390555958405
0.5151411085868013
0.501103016229211
0.49952086634225185
0.5058904067715311
0.5035787371178112
0.4798858678214149
0.4693347870374903
0.4790324972402665
0.47196644107123853
0.43778661646935707
0.4250125703001118
0.42627894720226683
0.4258014859305481
0.5407286267237298
0.447149409177165
0.45005376833579835
0.44272081752973375
0.4401463692139372
0.4435570528387402
0.43518522285268285
0.43596472253863444
0.42903289677137524
0.4297244383459785
0.4302145110311034
0.4308513373570027
0.4238363198705912
0.4242304881855773
0.42462737280633495
0.42484302586897144
0.4239037264160467
0.42430862413589254
0.42475771300589943
0.42526639675783473
0.4363129270357913
0.4366156298924365
0.4364780770492738
0.4362238024427371
0.44965519350230126
0.45762812972390393
0.4623339408503901
0.4555402668327894
0.4680941425511071
0.45360346536095175
0.4687771453766056
0.47866993382704004
0.4708068475855689
0.47282019069763004
0.48231827297456104
0.4829018076813848
0.47494919648616396
0.4793339676721356
0.469034430791083
0.4673065520770907
0.7323944283336311
0.8314960331339133
0.831038281105147
0.8309654299839111
0.8456493335905443
0.8456733848245745
0.8457433183249174
0.8458824057739669
0.8460270150393129
0.8461755121375316
0.8462811308474965
0.8463759602188231
0.8465207448278175
0.8466649339115807
0.846777612000281
0.8468764359138145
0.8396271708371825
0.9685697925453206
0.9682167859090329
0.967919301582782
0.9897233409804238
0.8612077701576072
0.8620196033890342
0.8625190678801258
0.8921044130266659
0.8922862635437524
0.8922636175025995
0.8922453086244242
0.9069030392232139
0.9068873041377115
0.9068804487770306
0.906888693338144
0.8350389714538781
0.6950214746793227
0.6897607049717032
0.6868614138762061
0.6651632181600303
0.6695978077375523
0.672286462876137
0.6749937142544913
0.6522599827898506
0.6501485600182967
0.6487414578605302
0.6459555429227106
0.5914924333553684
0.5895985963722397
0.5900796785152324
0.5761841990453237
0.5168014193913439
0.513711007025504
0.5091835680100925
0.5057893226193293
0.4616092001840619
0.5583113143433218
0.531759613431452
0.5316167241213918
0.5735807032116296
0.47254933943309757
0.46635450825425384
0.4622084098084636
0.46404700536631166
0.457338808098893
0.45052536463705806
0.45317491319086267
0.4389631640549278
0.42644680792331946
0.44353208601326605
0.4385452493783075
0.4345932203039777
0.4268084573373166
0.4222301815272353
0.4267383257982353
0.4313865661689996
0.42133276640706546
0.424706480874268
0.4268754602576513
0.4332272325140148
0.4425093655621571
0.43807395739038946
0.44037651962676055
0.4679422736275345
0.4671074518120049
0.47862828520183287
0.47620246030098434
0.48040153664522434
0.48366818349949403
0.5026574802839764
0.5155628316357042
0.5167212842794576
0.5317752209267814
0.5450622062872656
0.5465048436835291
0.5371236679925255
0.5371889883225603
0.538050082544843
0.5375011560197653
0.7342022825251194
0.8324734657040554
0.8320905191201012
0.8321515964363521
0.8469402290051832
0.847062637433799
0.8472415677473095
0.8474972065807441
0.847831101788708
0.8481521998975188
0.848250378493254
0.8482134192267534
0.8481850567987904
0.8481593433908399
0.8481439786127676
0.8481350898688864
0.8407928513096639
0.9699825697615626
0.9699718909733178
0.9699439050001515
0.9919179015683538
0.8626974123049362
0.8626868737006704
0.8626775364075682
0.8920052587980617
0.8919732169226888
0.8919442662128555
0.8919226921095395
0.9065795765664205
0.9065448530112165
0.9064983028957619
0.9064526175306901
0.8917370750647796
0.7948228497614775
0.7948221538159689
0.7744504905382267
0.767699314104214
0.7677281293602385
0.7677958263657058
0.7678620333895163
0.7596563696639382
0.7467268319438538
0.7455550142701346
0.7363996246856168
0.73392806336983
0.7330973870120198
0.7320831285201749
0.7308365384936714
0.6839150230627539
0.6735530969229251
0.6804861811372184
0.6576357797295095
0.48164631090733234
0.5532976979792525
0.5242588313964649
0.5286734966960684
0.6496864223850058
0.5521088867249515
0.5394520880026094
0.5114042631799278
0.49440867042579906
0.4874503273112529
0.47980430857703277
0.4743943118967927
0.46305968371649975
0.46120840036447663
0.4574663508741417
0.45422233197311396
0.4442064140016443
0.44257956307793084
0.44491348864513497
0.44521160798499604
0.441756819897023
0.4376216879205372
0.44321589153168606
0.44394355943021946
0.46964386600670455
0.46763007923957217
0.4657929716822844
0.45950597984155855
0.4783581603005833
0.47312626971197935
0.47248856231536923
0.47353699428208407
0.4833541068733251
0.4861966415394033
0.4799450837183893
0.48402162594472775
0.46458541005460247
0.46445156863181986
0.4650747224792713
0.4659453878871228
0.45826684862450706
0.4695088764167232
0.4735386995733205
0.48254439437357727
0.736470691717708
0.8332818078658815
0.8333430977631681
0.8333749747844776
0.8480578580313207
0.848058547861047
0.848057084553273
0.8480533404856199
0.8480489075292456
0.8480473110609067
0.8480468357147198
0.8480461171120575
0.8480421148405274
0.8480375947185489
0.8480332719218309
0.8480292196819402
0.8406893159395434
0.9699314924428346
0.9699795693304687
0.9699884010329285
0.9919813102411649
0.8627260855206544
0.862658640625604
0.8626219716460449
0.8919528882514457
0.8919323134210884
0.8919110763281543
0.8918971690161783
0.9065653432919769
0.906561924177066
0.9065666357318136
0.9065815420856926
0.8123371340281261
0.6275684775727182
0.561548685030111
0.5537203272410359
0.5349797745818782
0.5427778620430219
0.5463575700375053
0.5459903363407574
0.5368364511465149
0.5356723139703969
0.532282223059019
0.527433773308036
0.508320666700625
0.5123738736049287
0.5003930044690725
0.49260031300248586
0.4641736528179574
0.46554081066430275
0.46896533299904636
0.4622121585647151
0.46993391103244425
0.5014519277602252
0.4733467739613303
0.4649282359776789
0.5480256789366166
0.43607919517211274
0.4491936618584961
0.4486949301646099
0.4467683074769905
0.4497575538709679
0.4416416085706166
0.44342390093568623
0.43803658476018825
0.4370365330013604
0.429607414080152
0.4299315426358789
0.42279001702140956
0.4228711757659801
0.42291138532488287
0.4230950607827591
0.43255311579989214
0.4229644927433861
0.42361748083920253
0.4244285058146209
0.4510270533601295
0.4435063673628161
0.4457636862303299
0.44575220784527975
0.4636481168465793
0.4604139582770323
0.4578428448640816
0.4554612525326718
0.4720141675749193
0.46578669493681
0.4719404315170928
0.4560654684021207
0.4589823993727787
0.46161909713847593
0.46278316597445085
0.4601790212613785
0.45583462829735094
0.4529624206130041
0.45489678553353224
0.4547858256293928
0.7345242256803938
0.8334147558586222
0.8334962229257368
0.833510581779857
0.8481709944312469
0.848156719053763
0.8481341937444788
0.8480985423031137
0.8480535104734567
0.8480231188408612
0.8480057642194155
0.8479898761331376
0.8479713965678084
0.8479537006719169
0.8479410349263993
0.8479332344181082
0.8405922931540094
0.9697464949436934
0.9696858689986986
0.9696133439877493
0.9915509440725812
0.8623409859212983
0.8623628618971768
0.8624516667124023
0.8918957772013385
0.8919073343643514
0.8919081559958815
0.8918978333615679
0.9065620223819733
0.9065637675619632
0.906579436034632
0.9066040261620265
0.8080293669876847
0.6777119540772725
0.6385233543853577
0.6595156081120807
0.6266225413009222
0.6044036105812973
0.6163184715453653
0.6186228308599001
0.5817597246324753
0.5602933875811329
0.5683547949906431
0.5584243247264894
0.5347073480233968
0.5297831542441783
0.5256135462970539
0.5255629057044381
0.489084822304384
0.4862573931839643
0.4843635723559469
0.48494816852462175
0.4637385354960774
0.496917269528782
0.47001481185898647
0.4594929209288175
0.5663227487237095
0.47721036026065083
0.4618329302031161
0.4529724129643796
0.4520613456577592
0.44040360591625094
0.4412717089754143
0.43648743790976546
0.44542168270724647
0.4277547559204115
0.4320559225079208
0.4201985509687256
0.43112403145154427
0.4257003953361806
0.4294701581004
0.4311032347067892
0.4270192740320497
0.4295212730370134
0.4320651843340641
0.4225571159472635
0.43914128735886293
0.4403282413319441
0.44253917676251747
0.44488005175499684
0.4573587874783284
0.45865134180788947
0.4592910116079224
0.4593452205774747
0.46687682210684184
0.4633228776841448
0.46151635510568756
0.4563299068151775
0.4676400431559223
0.46932895835336413
0.4635164109816937
0.46333570104701954
0.45644978690030474
0.45951743899412617
0.4632712545862425
0.48035386685931886
0.7363177203175155
0.8331227631456488
0.8331851905772872
0.8332176987856155
0.8479016096063006
0.8479071712350689
0.8479130916788826
0.8479195207129028
0.8479245528929749
0.8479342662278723
0.847945524848476
0.8479573604589687
0.8479702757818982
0.8479805067471032
0.8479889252157781
0.8360074914219222
0.5985362364227368
0.6955321251271545
0.6961684050110964
0.6990060084074374
0.9855699795265713
0.8627131499592628
0.8626628602194188
0.862640171945661
0.8919687787428806
0.8919387641848935
0.891907674699091
0.8918846650642721
0.9065435355015272
0.9065248184092789
0.9065076941045942
0.9064972182264256
0.7771745240470156
0.6159430736860396
0.5715244627278661
0.5507903027549332
0.5400695265646385
0.5478282164921432
0.5518234735573347
0.543323600185087
0.5286444691209843
0.5236036659043881
0.5232219324000538
0.5226035404503369
0.4982967936900271
0.49863529246510824
0.4980349450768448
0.49593094411177824
0.4691789430821793
0.472181175799941
0.4637649245646358
0.46851065800849506
0.4702212986504379
0.5025094184229786
0.44890541067398787
0.4296004110053118
0.5528185981039289
0.45862130271331136
0.46098476264387017
0.45256181499388776
0.43657877941795187
0.4366878755341837
0.43682242078397726
0.436858881298509
0.4298022175705316
0.4298329363280917
0.42997388159804034
0.43001625771014623
0.42279981638073155
0.4232305615519515
0.4235046195091827
0.42392200435750654
0.422953812444661
0.42336945962057376
0.4237249004123707
0.42397217847620516
0.44810380320390814
0.44999638413074466
0.45228042642839655
0.44595227499447687
0.4791047039492405
0.46552400321835413
0.45555140391601917
0.4545279258556441
0.4612929531931025
0.46362080026693603
0.47964534792389374
0.4709996429178435
0.4683487889059745
0.47500736153710243
0.4803078169846793
0.4830392221596688
0.4773865319342825
0.48011849332225315
0.4815113721395222
0.48242371863720773
0.7358007756344297
0.833200358536499
0.8332366203733214
0.8332398576623228
0.8479118766400928
0.8479109345082227
0.8479088786690051
0.8479047896974801
0.8479002354781079
0.8478954856641896
0.847889064414553
0.847881169876456
0.8478705366281606
0.8478611025189803
0.8478531653549315
0.8478460862964301
0.8405033734982681
0.9697584705341863
0.9698327970609739
0.9698720167874136
0.9918960108688915
0.8626349345658337
0.8625575004661931
0.8625217326159987
0.8918638230078532
0.8918543129553324
0.8918409447929492
0.8918293889756688
0.9064920582045292
0.9064751234223907
0.9064586244719236
0.9064478986772148
0.7867908915040264
0.6864093768865404
0.6769944353715829
0.631456505309839
0.5846887307987836
0.5966967122615643
0.6111812026971175
0.6127678567063912
0.576882389708115
0.5714288353093031
0.5668224282027288
0.5611366473782232
0.5398824155350349
0.5394845214197111
0.5380046525732012
0.5369137057643072
0.5000227553590296
0.4982724460924807
0.4963423038712611
0.4942624808216755
0.4598669452162611
0.5570481786529328
0.5572663933387477
0.5574206129054007
0.5633343757750529
0.4553374806711748
0.46391615038905176
0.4526995343085981
0.4491610501736235
0.4392261511729177
0.43817227189642094
0.4486184427940891
0.42400188406117684
0.44533738355957847
0.4318834475726798
0.43530412629786536
0.43540497709225434
0.44337917525212395
0.44067275502399766
0.442196719162575
0.4319502691944042
0.44033665068087074
0.4262744607335348
0.43014703362536594
0.43872624545156685
0.44137943745416436
0.4542005970924104
0.45104526472863643
0.4686947234812759
0.477730076154552
0.4628069061754289
0.47789859517379896
0.49189753976028583
0.5063768124793864
0.5259125907236389
0.5667681687010582
0.567072078061544
0.5855634040397034
0.6053044086294513
0.6257827279420645
0.6176733360488423
0.619609904043492
0.6212564172675422
0.6232531520229065
0.7363667643253791
0.8331188256027504
0.8331107316603032
0.8330918359190118
0.8477465396623485
0.8477268807960378
0.8477079634970195
0.8476906778995078
0.8476669043378103
0.8476486286777261
0.8476360845332694
0.8476268324750886
0.8476189745260004
0.8476092661393794
0.8475983079397452
0.8475882299680958
0.8402420635220808
0.9694256858110543
0.9694225568244071
0.969416277510986
0.991417576765225
0.8621958132591052
0.8621588711911752
0.8621337683622357
0.8914631227704352
0.8914443355670025
0.8914314966825267
0.8914273197625228
0.9061024601689732
0.9061327963686007
0.9061918815106923
0.9062413798343602
0.891593815848596
0.7946766529930641
0.7946539431049208
0.7946665562513697
0.7873599167310068
0.7873797873683702
0.7873815578902887
0.7873050431371484
0.779911649380862
0.7799022521577289
0.7798882040015931
0.7799071465555101
0.7538585033382847
0.7532658756596835
0.7549022011534624
0.75448392122323
0.7234848389652213
0.7233810718158359
0.7127760932683856
0.7124238006633504
0.5040104317442151
0.562759503417578
0.5650423406946757
0.5698975669617973
0.7530999723575237
0.6481381031181408
0.6109439183837362
0.5943316997040079
0.573897803151993
0.54460341410031
0.5137222090253885
0.5071818772067632
0.49612842122059075
0.49279596058821123
0.48973150720086644
0.48866861750190954
0.48034829935357926
0.47984479100897204
0.4786185921207704
0.47701218430742065
0.4837088020565564
0.4789727367619531
0.4751500395293652
0.4709749630538877
0.5150561726311238
0.5142312858767596
0.5126160658194076
0.5118744171519386
0.5303045494083997
0.530779780409982
0.5291091289602755
0.5255727027774905
0.5286243937372499
0.5249330490975883
0.5234836228122332
0.5225504351028009
0.517360938633831
0.5197103165636662
0.5212681373115137
0.5243032452955189
0.515508537664729
0.5184408695443308
0.5225345019097031
0.525857139983651
0.7363095064218367
0.8329964626068095
0.8330010978658957
0.8329959638375907
0.8476572408656882
0.847644899083728
0.8476317758566542
0.8476176308758566
0.8476020523960393
0.8475886221617532
0.84757642052188
0.8475638047761355
0.847548754305353
0.8475304616152148
0.847509411975426
0.8474865311676585
0.8401253027058669
0.969260411628231
0.9692152610922381
0.9691855228919577
0.9911734234253348
0.8619546246678841
0.8619209418789706
0.8618934030915882
0.8912156183133805
0.8911823457723825
0.891149696712298
0.8911230898340641
0.9057748079163594
0.9057510647622439
0.9057314934373687
0.9057189672793622
0.8910395426791393
0.7941583097641753
0.7941617764161643
0.7941664834061791
0.7868344043748873
0.7868466690454615
0.7868590952837219
0.7868657841640149
0.7795311062756303
0.779537646697188
0.7795446312334207
0.7795490880271895
0.7648790808107421
0.7648873068679889
0.764896030253984
0.7649022757951016
0.7428983796937604
0.7429157526057238
0.7429329149997508
0.7429435989782072
0.6717361248770652
0.7161551200186163
0.7193423064265336
0.7241160640160702
0.8136093972734825
0.7171061760726098
0.7169523949161423
0.7166634515911734
0.7011185023281687
0.6659658433887888
0.6285466664649072
0.6249229662703605
0.6156648900852111
0.613974225579949
0.612620739498319
0.6126713870567427
0.6011766884195119
0.5583258352143559
0.5024907878197519
0.48691007487332827
0.49339235884973515
0.4876851305646012
0.4756546884565486
0.4720799316006173
0.5367074221977537
0.5413539491576939
0.5446215585902223
0.5482995037068283
0.5882733428571381
0.5936397622690185
0.5948194707785588
0.5932025406345963
0.5939392254656388
0.5793135020247412
0.5688819994969995
0.5663016158103984
0.5544464351675805
0.5645783013670947
0.5759557815567776
0.5883915788051977
0.5788844710925954
0.5814968104568609
0.5836512350209466
0.585113307463832
0.7358014656372288
0.8325224166568925
0.8325051439443103
0.8325217919641547
0.8473099525412651
0.8473615555489172
0.8473579940742302
0.8473279246890636
0.8472812140324273
0.8472440472795117
0.8472165270568806
0.8471907489438404
0.8471643614112415
0.8471397137376606
0.8471202278884342
0.8471074183731695
0.839757251193085
0.9689802097875876
0.9690507015133346
0.9691321012334537
0.9912234466687232
0.8621003165969394
0.8621578681525529
0.8622070248355075
0.8915701963575441
0.8915607148090934
0.8915496177310347
0.8915457016339199
0.9062185566429777
0.9062045171657267
0.9061839355079359
0.9061637518580881
0.8239500357998297
0.7785303678472191
0.6983552084025959
0.6890404479516784
0.6834690603857383
0.6802780395688248
0.6771074162992452
0.6632325081901393
0.6578490942921092
0.6753634795081224
0.6807012218549422
0.685165246037156
0.6655213969654944
0.6493862171474257
0.6435672487950361
0.6057378907843117
0.5222313512489913
0.516586085058993
0.5119155606720222
0.5060152224010931
0.4559713525625916
0.5533905024073387
0.5537171479701222
0.5544246950777525
0.5672981470551307
0.46759649728174124
0.4741386602827413
0.47686851013810144
0.46038796381451524
0.4575777091856844
0.4464878792169234
0.4534904465932445
0.44536326477269295
0.44480381753678266
0.4442306916237965
0.44369479315822885
0.4291416465318993
0.43573626563842827
0.4461473797792204
0.4228650112434225
0.4355369001149693
0.44257649637324425
0.4247978589936072
0.4229628889609223
0.4610877506808926
0.46195323953896866
0.4652987004048999
0.46422367657611635
0.47483744740573136
0.48028667713241935
0.487708713219613
0.49544874716404624
0.500504607897036
0.5030813811014463
0.5056795861412839
0.5087626104735938
0.5110989059717088
0.5316443579283223
0.5425968733964436
0.5710373246157452
0.5498266920334227
0.5510727928014764
0.5525048164905819
0.5532377009944366
0.736014310215255
0.8326989139441178
0.8327043500452844
0.8327034607908136
0.8473715843392139
0.8473658958056127
0.8473583670730773
0.8473486520271288
0.8473361454677458
0.8473284247024722
0.8473241873790623
0.8473204791149258
0.8473173929931637
0.8473132851398831
0.8473079889051995
0.8473015776774598
0.8399571455078497
0.9691804198431223
0.9692229313341795
0.9692476678149229
0.991267559658628
0.8620243770256398
0.8619597106039644
0.8619196404376566
0.8912452171995394
0.8912200708948901
0.8911960819072533
0.8911792924077956
0.9058432319895542
0.9058343528953872
0.9058329159407174
0.9058445134258843
0.8911950430773297
0.7943340544219943
0.7943411223326708
0.7943381849597756
0.7869930413082065
0.7869990242993297
0.7870155536677481
0.7870325575987351
0.7684848668764653
0.7589834695495467
0.7034932076752378
0.6784382423498243
0.6628939241062495
0.6498081281467856
0.6469906194281606
0.6456405748099742
0.5813821280251862
0.5380516983979695
0.5374080818697828
0.5260105578176417
0.45878414799164996
0.5567380974824899
0.5577478956325183
0.5586484615506613
0.585358238678607
0.4867433800437175
0.48574655839299596
0.4825191614473284
0.4682023859268181
0.4629300168076946
0.4639076001331839
0.4625889572010064
0.45889428133424176
0.4390202115325239
0.43810451049032195
0.43918267237560693
0.4407967703659168
0.44925170568890493
0.42596040322834156
0.4295933370444416
0.4312182604506164
0.4316576974088484
0.42504861274732114
0.4382549988621082
0.4549953225516622
0.47082026181232495
0.47038881876911365
0.46587407312797496
0.4880595865776241
0.49221226342339686
0.4958684421153556
0.5015951825258449
0.5291284259550011
0.5371329396726228
0.553931166521854
0.5401095233743091
0.5377098433954142
0.5402791203880346
0.5529710449142833
0.5639897780838323
0.5555587093175477
0.5513507981613353
0.5526590985942998
0.5556714974521885
0.7361750763359602
0.8328586135988225
0.832847737438081
0.8328096466522802
0.8474525828076366
0.8474254127384324
0.8473983370110284
0.8473726747658812
0.8473457146385216
0.8473212819582612
0.8472966876266118
0.8472735155550836
0.8472546166500253
0.8472329025897142
0.8472143362643791
0.8471979608065067
0.8398461739482734
0.9689701189250634
0.9689112203761113
0.9688757454141472
0.9908624701055416
0.8616897557703052
0.8617007538120479
0.8616984213515628
0.8910347687780364
0.8910102748080052
0.890983245106752
0.8909596308500084
0.9056137422862022
0.9055866315808646
0.9055587333489472
0.9055364173165494
0.8908440493920593
0.7939718610412904
0.7940339615783597
0.7941399589031095
0.7869319558234555
0.7870217529435576
0.787064130336817
0.7870849521670615
0.7797655856797427
0.7797472795183249
0.7796483839266672
0.7795602059899672
0.7648449431447726
0.7648028441212709
0.7647965243673461
0.764843005221338
0.7429355115085798
0.7430170405327644
0.7430332842847182
0.7409577435417609
0.73362120986117
0.8305109694057201
0.8305109694057201
0.8305109694057201
0.8231744357251284
0.7262846761805781
0.7262846761805781
0.7262846761805781
0.7189481424999868
0.7189481424999868
0.7189481424999868
0.7189481424999868
0.7116116088193956
0.7116116088193956
0.7116116088193956
0.7116116088193956
0.7042750751388044
0.7042750751388044
0.7042750751388044
0.7042750751388044
0.7042750751388044
0.7042750751388044
0.7042750751388044
0.7042750751388044
0.7189481424999868
0.7189481424999868
0.7189481424999868
0.7189481424999868
0.73362120986117
0.73362120986117
0.73362120986117
0.73362120986117
0.7409577435417609
0.7409577435417609
0.7409577435417609
0.7409577435417609
0.7409577435417609
0.7409577435417609
0.7409577435417609
0.7409577435417609
0.73362120986117
0.73362120986117
0.73362120986117
0.73362120986117
0.73362120986117
0.8305264353340175
0.830592303182451
0.8306585019719512
0.8451732481742873
0.8451732481742873
0.8451732481742873
0.8451732481742873
0.8451732481742873
0.8451732481742873
0.8451732481742873
0.8451732481742873
0.8451732481742873
0.8451732481742873
0.8451732481742873
0.8451732481742873
0.8378367144936959
0.9670230605530963
0.9670230605530963
0.9670230605530963
0.9890326615948705
0.8598463155354702
0.8598463155354702
0.8598463155354702
0.8891924502578357
0.8891924502578357
0.8891924502578357
0.8891924502578357
0.9038655176190182
0.9038655176190182
0.9038655176190182
0.9038655176190182
0.8891924502578357
0.7923134793059007
0.7923134793059007
0.7923134793059007
0.7849769456253092
0.7849769456253092
0.7849769456253092
0.7849769456253092
0.7776404119447179
0.7776404119447179
0.7776404119447179
0.7776404119447179
0.7629673445835352
0.7629673445835352
0.7629673445835352
0.7629673445835352
0.7409577435417609
0.7409577435417609
0.7409577435417609
0.7409577435417609
0.73362120986117
0.8305109694057201
0.8305109694057201
0.8305109694057201
0.8231744357251284
0.7262846761805781
0.7262846761805781
0.7262846761805781
0.7189481424999868
0.7189481424999868
0.7189481424999868
0.7189481424999868
0.7116116088193956
0.7116116088193956
0.7116116088193956
0.7116116088193956
0.7042750751388044
0.7042750751388044
0.7042750751388044
0.7042750751388044
0.7042750751388044
0.7042750751388044
0.7042750751388044
0.7042750751388044
0.7189481424999868
0.7189481424999868
0.7189481424999868
0.7189481424999868
0.73362120986117
0.73362120986117
0.73362120986117
0.73362120986117
0.7409577435417609
0.7409577435417609
0.7409577435417609
0.7409577435417609
0.7409577435417609
0.7409577435417609
0.7409577435417609
0.7409577435417609
0.73362120986117
0.73362120986117
0.73362120986117
0.73362120986117
0.73362120986117
0.830500180813105
0.830500180813105
0.830500180813105
0.8451732481742873
0.8451732481742873
0.8451732481742873
0.8451732481742873
0.8451732481742873
0.8451732481742873
0.8451732481742873
0.8451732481742873
0.8451732481742873
0.8451732481742873
0.8451732481742873
0.8451732481742873
0.8378367144936959
0.9670230605530963
0.9670230605530963
0.9670230605530963
0.9890326615948705
0.8598463155354702
0.8598463155354702
0.8598463155354702
0.8891924502578357
0.8891924502578357
0.8891924502578357
0.8891924502578357
0.9038655176190182
0.9038655176190182
0.9038655176190182
0.9038655176190182
0.8891924502578357
0.7923134793059007
0.7923134793059007
0.7923134793059007
0.7849769456253092
0.7849769456253092
0.7849769456253092
0.7849769456253092
0.7776404119447179
0.7776404119447179
0.7776404119447179
0.7776404119447179
0.7629673445835352
0.7629673445835352
0.7629673445835352
0.7629673445835352
0.7409577435417609
0.7409577435417609
0.7409577435417609
0.7409577435417609
0.73362120986117
0.8305109694057201
0.8305109694057201
0.8305109694057201
0.8231744357251284
0.7262846761805781
0.7262846761805781
0.7262846761805781
0.7189481424999868
0.7189481424999868
0.7189481424999868
0.7189481424999868
0.7116116088193956
0.7116116088193956
0.7116116088193956
0.7116116088193956
0.7042750751388044
0.7042750751388044
0.7042750751388044
0.7042750751388044
0.7042750751388044
0.7042750751388044
0.7042750751388044
0.7042750751388044
0.7189481424999868
0.7189481424999868
0.7189481424999868
0.7189481424999868
0.73362120986117
0.73362120986117
0.73362120986117
0.73362120986117
0.7409577435417609
0.7409577435417609
0.7409577435417609
0.7409577435417609
0.7409577435417609
0.7409577435417609
0.7409577435417609
0.7409577435417609
0.73362120986117
0.73362120986117
0.73362120986117
0.73362120986117
0.73362120986117
0.830500180813105
0.830500180813105
0.830500180813105
0.8451732481742873
0.8451732481742873
0.8451732481742873
0.8451732481742873
0.8451732481742873
0.8451732481742873
0.8451732481742873
0.8451732481742873
0.8451732481742873
0.8451732481742873
0.8451732481742873
0.8451732481742873
0.8378367144936959
0.9670230605530963
0.9670230605530963
0.9670230605530963
0.9890326615948705
0.8598463155354702
0.8598463155354702
0.8598463155354702
0.8891924502578357
0.8891924502578357
0.8891924502578357
0.8891924502578357
0.9038655176190182
0.9038655176190182
0.9038655176190182
0.9038655176190182
0.8020575248448807
0.7917337222156727
0.7185570798695636
0.7182788074840879
0.7112976956711248
0.7042002495835293
0.7111903018984078
0.7052148088039778
0.6889654866939074
0.6879203917093967
0.6851619911834136
0.6834690928267192
0.6543903738660833
0.6692622534618006
0.6561676645172972
0.6572274892956627
0.6275809148150218
0.6148713268424999
0.578037261895903
0.5768460793523933
0.4536064943072435
0.5507388021401592
0.5509607906067918
0.5511269936987239
0.6297297960335636
0.5307723110333662
0.5200853257067093
0.5169487435550849
0.49835488419950486
0.4953359776416052
0.4938180327984568
0.4912637206715131
0.4788096302701104
0.4742006983263925
0.4704103166368119
0.4671086226517258
0.4541848074984179
0.45763886182868707
0.4599555843847187
0.4544909656901572
0.46042910407150306
0.4613690301418274
0.4592319610919694
0.4594992771808846
0.4962055553794994
0.49646352091077856
0.4940989642392156
0.4920457424760662
0.5087485937698704
0.5072532243207065
0.5065054487322116
0.5043157572808143
0.5107967756045463
0.5107930178600154
0.5107352095179878
0.5115178787138229
0.5078843300966598
0.5105420655659066
0.5127324126122138
0.5164049965115973
0.5111602310799259
0.5161905448115298
0.5288454714007529
0.5422394685801594
0.7364711558906614
0.833176872417554
0.8331759156642826
0.8331738539634426
0.847841917681596
0.8478358980929422
0.8478265045910117
0.8478128332021677
0.8477980538755432
0.8477902339105501
0.8477839223988864
0.8477753235553012
0.8477653130723841
0.847756083591413
0.8477481026762765
0.8477401113494075
0.840394698720749
0.9696072660102419
0.9696320324836369
0.9696360827774058
0.9916362775234959
0.8623896498476639
0.8623264255803892
0.8622855317060566
0.8916057311439484
0.8915725924797263
0.8915392053568718
0.8915126910114476
0.9061652683280029
0.906143024923989
0.9061248898989777
0.9061157321469727
0.8914423144953862
0.7945644658283799
0.7945669075615892
0.7945676459719501
0.7872310569604474
0.7872424350997559
0.787256464751832
0.7872671851905111
0.7799374859054513
0.7799488343789621
0.7799598591505517
0.7799684555865415
0.7653029217806695
0.7653150721598804
0.765326450254242
0.7653358770757505
0.743334815941841
0.7433547578172363
0.743375444107173
0.7329163854047951
0.6081046229057054
0.6526264129606503
0.5762672430156458
0.5830858439221146
0.7270063429132391
0.6309168606324481
0.629336947644826
0.6276275413006557
0.6187111743670813
0.6166116346233758
0.6153111434228662
0.6135196873301042
0.6032628012262705
0.6006849086751658
0.5978229320092744
0.5697331134533198
0.5344090973012974
0.5194308301695596
0.5141263116103194
0.4968023131947106
0.5043651677404944
0.5000457696635757
0.49821427342964864
0.48659912933625576
0.5647548028769368
0.5670000552188076
0.5779566599750532
0.5787607594754254
0.6365501700278795
0.6627285961531183
0.6220175650109189
0.6092145132671695
0.6150439848964058
0.614770955736695
0.6130428555551792
0.6112593500722215
0.5971544526402924
0.5975205150105635
0.5959253038929873
0.5949123827415986
0.5863795480335554
0.5968572438760523
0.5985303892402685
0.6004646172654474
0.7363923954087498
0.8331884077742191
0.833200706559404
0.8332041817784116
0.8478685258093721
0.8478589434330287
0.8478470859198312
0.8478324551891825
0.8478178775587828
0.8478187735450339
0.8478234422236637
0.8478317819326121
0.8478390619087086
0.847843563116768
0.8478453895051374
0.8478442750578093
0.8405009991607119
0.9696952911966343
0.9696999166864748
0.9696935347984373
0.9916912621340086
0.8624764657059917
0.8624581247686893
0.8624563171725625
0.8918069162705579
0.8917996110888917
0.8917904630458211
0.8917860004427793
0.9064603364731989
0.9064705926003559
0.9064815511908467
0.9064902356455511
0.8918255287193477
0.7948955608412938
0.7948486994449674
0.7948296349627438
0.7874884764345562
0.7875019145813168
0.7875175624754239
0.7874554511165961
0.7800704803561851
0.7800659580672925
0.7800602883822018
0.7800633541528668
0.7653992508715162
0.7654124007143611
0.7654222587360968
0.7654291978637427
0.7434254238324605
0.7330971688347375
0.7318512155009713
0.7321766345053544
0.6218431858785496
0.6423692926189072
0.5828701228835254
0.5934492080788104
0.7761976474563135
0.6600409528218395
0.6456787117965186
0.6308761562874506
0.6227402241380188
0.6207337509472215
0.6078932438924539
0.6054989915066582
0.5941651747429602
0.590056375565465
0.5528039621459773
0.5134415407114163
0.5016718401689124
0.4885778762281191
0.48365767807776233
0.4793281323638275
0.4859890167694727
0.48259422925764334
0.48061910079369813
0.47793836111214494
0.5306815810704824
0.528389467171227
0.5256903101691195
0.5149901600061945
0.552604731968749
0.5649792716760343
0.568598927338772
0.5684764922822068
0.5833987886552878
0.5836976446456682
0.5873649919795806
0.5894704513771053
0.5813981056191305
0.5814866528175509
0.5814753747113092
0.5808396493438797
0.5652962893887468
0.5776476633464006
0.5916684854950528
0.594587690752188
0.7363440409125063
0.8331048731366664
0.8330937645534437
0.8330794794523372
0.847738313250982
0.8477273583419321
0.847717858352882
0.8477081326014773
0.8476971623164787
0.8476867506196644
0.8476773741042123
0.8476674551925203
0.8476565175630149
0.8476474697561769
0.8476427579547539
0.8476413419486454
0.8403032419359567
0.9695466799646818
0.9695912564317688
0.9695910548945612
0.9915738161755802
0.8623047116123418
0.8622281389315698
0.8621844980770476
0.8915087361296536
0.8914822709198026
0.8914567538252174
0.8914395298299265
0.9061049720333586
0.9060990121051279
0.906099662025245
0.9061076552379038
0.891447225688469
0.7945786503199842
0.7945860175889059
0.7945867665511994
0.7872471436747875
0.7872565456816646
0.7872718930634631
0.7872857307979818
0.7692178785355582
0.7441856055471756
0.7111819489349944
0.7005996973855978
0.680911472094521
0.6721891775537507
0.6699220026273499
0.6681107108824237
0.6390740307406133
0.6385340870075847
0.6381199659958913
0.6377391040164049
0.46053353260338176
0.5530269490425216
0.5555727451430281
0.5528364285055718
0.6239472586717825
0.5145004864972834
0.5005414654617586
0.49576268023823616
0.48182613501914295
0.47773207168256
0.4718410723801269
0.4731780636866054
0.4680890085836424
0.4683666759627717
0.4626057838601763
0.4656524164492492
0.45481210039742315
0.45709108680659516
0.44084553499842954
0.437118515187412
0.4430262929693094
0.44009865865404274
0.43746770384778033
0.4363889201112644
0.477110149578401
0.4788249135715056
0.479632913660319
0.4736122732271533
0.4953658725670189
0.4897193262217399
0.48634175348877595
0.48656176638341575
0.4914849310104844
0.49498376726751847
0.48876123779060743
0.4906865222992212
0.4839250792670044
0.48418995700515366
0.48358424956384943
0.4923710082906291
0.47916856274504216
0.4904642974286628
0.4954251761445731
0.4813081683516431
0.7362122814672698
0.8329957623409051
0.8330412449646112
0.8330612858592283
0.8477365396591234
0.8477328102987204
0.8477442301448335
0.8478100265576027
0.8478348897189875
0.847850835750329
0.8478530872137919
0.8478503077831149
0.8478455323843591
0.8478411427830471
0.8478369594389671
0.847831879973916
0.7264495226056669
0.8127696468907711
0.8235464476329225
0.8130655814478184
0.9178900655083739
0.7877635616237039
0.7856438576363075
0.7718316622497366
0.8330926633932827
0.8318772265779292
0.8918409148073152
0.891690174725442
0.9062912147787076
0.9062475973894946
0.9062205374502481
0.9062105512368471
0.7672201329750574
0.6070260568858451
0.5660492141060858
0.5695667595619025
0.5483965810936742
0.5493478196604782
0.549750978577487
0.5543441568345138
0.5369232994880311
0.5333709415633862
0.529358745388607
0.5302512967538601
0.5156855606016332
0.5148441699728732
0.5087638666846734
0.5109363836532045
0.47324128010154526
0.4726503537325322
0.468553060956399
0.4680268137952176
0.4635734645134828
0.5604475704218074
0.5606647741871517
0.5607336323269418
0.5420411759732154
0.44485262877560144
0.4452946863378256
0.44465404323181335
0.43469861695226514
0.4398753359445918
0.44397048453120697
0.4519102167249366
0.4386294863426813
0.4395133654809524
0.4298055314331992
0.43023871158578786
0.42270585088329105
0.4228341879070413
0.42284965605247005
0.4229148551816227
0.4220164594357444
0.42254341950440255
0.42306511576755956
0.42339536747217504
0.45521183782720653
0.4474091874418424
0.440029232734265
0.4412956597287887
0.458212017597006
0.4575858845177854
0.45724112440229625
0.45671728410951884
0.46412756792921717
0.46338790703036276
0.4629506384521692
0.46041431491265694
0.46315141438757756
0.4638356565550019
0.4622651038504053
0.46091106766626233
0.45377647407490657
0.45475845409552906
0.4565404949132109
0.4580854856369668
0.7363723107388938
0.8329447588909447
0.8330079665519323
0.8330443994520158
0.8477291656402223
0.8477327579246472
0.8477342833277935
0.8477329468202328
0.8477302390833118
0.8477296601877505
0.8477280175594802
0.8477238354120215
0.8477164520459508
0.8477119803646289
0.8477108868807721
0.8477132380455389
0.8403814003804934
0.8655861319194164
0.8127164573478437
0.8121923018623182
0.9919426673044478
0.8625368426599908
0.8624642997208161
0.8624322856983004
0.8917727267307769
0.8917640982356673
0.8917560807128555
0.8917534238060851
0.9064279406287893
0.906422835440893
0.9064179127227782
0.9064169102880183
0.7555951810340118
0.6292470713110441
0.5438271333898801
0.5551558889146648
0.5440403464719579
0.5434420585608664
0.5331345127767686
0.5330066904004961
0.5065373307683556
0.504236887203883
0.5080017353583246
0.5123337389829199
0.5145630701480283
0.51075816054865
0.5111928047012612
0.4990100826986519
0.46918019018435614
0.47575795192505377
0.47352834285246365
0.4714365968429746
0.46494219062144687
0.5619948584852565
0.5623232006449542
0.5626415440675312
0.5504457344860183
0.4437249876374969
0.44452570982170836
0.4452247054936237
0.43767973972137114
0.43730528584804185
0.4370189477602978
0.4366501676085589
0.42951358760588554
0.4297458037905968
0.4299406411416342
0.42989800421676205
0.42311103989730264
0.4235969472670389
0.4241489180455441
0.42465967927544124
0.4238986187698448
0.42446483582331834
0.4248456988683181
0.42543049814027833
0.44653490340999386
0.43629640939245234
0.4364359438088733
0.4363758137986977
0.4603295370592519
0.46011650381978925
0.4695521941682095
0.46589160780881084
0.47223418153953317
0.47924559316582394
0.48155741549526504
0.4732403582810473
0.48140667741750215
0.47716582016097236
0.46828430617648636
0.4626133613036164
0.45433071994916746
0.458995282679101
0.4765722907764807
0.47392311128307935
0.7363423155986913
0.8331481606334332
0.833211841969324
0.833247077579753
0.8479338719117965
0.8479426658417141
0.8479509847321726
0.8479600565240779
0.8479692943907778
0.8479745631006007
0.8479742692745026
0.8479705949227668
0.8479638666883574
0.8479565139801478
0.8479502031441705
0.8479440229475619
0.8406002035445801
0.8510774803193303
0.8068137591784612
0.8038777706875634
0.9915169298349046
0.8627743890276777
0.8626942061586627
0.8626501336674317
0.8919782982755866
0.8919583358598865
0.8919429014191218
0.8919363266391626
0.9066110369971841
0.9066026647719604
0.906587572386417
0.9065743992892784
0.7621929997988799
0.6319810713191926
0.5675040374187657
0.5703768562723556
0.553407410700483
0.5522754063039433
0.5511620825331668
0.5499233922805711
0.5247794039257386
0.5195318760777022
0.5189776777178082
0.5030393031534645
0.4892297006434062
0.4946536321664991
0.4832253508330455
0.4816332592260194
0.46290849326883227
0.4704114809177983
0.4709054351383758
0.4702434007733737
0.4688842390142881
0.5513073762286199
0.49686082291821815
0.5074120354737437
0.5569032896424756
0.45965758702840603
0.45836908034006035
0.45729288222882536
0.4413438099510871
0.4420816510610767
0.44293346341516054
0.45421260140404
0.42815474746891574
0.42853064137198577
0.4286810085333764
0.42914738969977345
0.4219569330728423
0.4223280314820834
0.42264357512692535
0.42290633760146024
0.4219837619501258
0.4221757071149218
0.42253456222918045
0.4227472582132812
0.4487104162438189
0.4424948994153762
0.43594953665478753
0.43958273190922165
0.47053145441095695
0.463689994172848
0.47149418952172695
0.48010894905745294
0.496102091263157
0.5191050510672385
0.4997267208356159
0.5203075396469289
0.5200833242160159
0.5302848925314637
0.5477494160999027
0.5482563687810215
0.5257023923227058
0.5088453981467806
0.502715115087709
0.48082518834666127
0.7354666618467677
0.8333365246752352
0.8334049559364138
0.8334141084940084
0.8480934885915814
0.848110515251437
0.8481293572456329
0.8481524579948129
0.8481637662187811
0.8481679969507664
0.848167765612016
0.8481650418614899
0.848159507193529
0.8481550647791591
0.848151687890008
0.8481470726465169
0.7688563475611189
0.8845237195235075
0.8702515559593091
0.827540661888605
0.9917432237249901
0.8628277602166161
0.8627838363039444
0.8627739138905435
0.8921226443213474
0.8921129563327241
0.8921024396703363
0.8920957311025581
0.9067632571155063
0.9067462643629799
0.9066648246030501
0.9065900842851561
0.7562646778818624
0.7948961309785472
0.6735831640923567
0.6454317370568894
0.6008391228805218
0.5826525559144345
0.5796215078219495
0.575492839608473
0.5600116347660826
0.5572277295954983
0.5547913233764428
0.5543005329226993
0.5341087819210324
0.5357228587949687
0.535785221559175
0.5366331349158364
0.49885219839300254
0.49615998665218464
0.49537780752314853
0.49260451184663784
0.4605139761312568
0.5576575203200526
0.5579271742804292
0.558141472452456
0.5513655053449903
0.45510533826210303
0.4518623127214319
0.44692981631012557
0.47108944435028965
0.4763369800676354
0.45468973269293544
0.4630930489403146
0.45092727357354867
0.44265359894626494
0.4448361193035615
0.45359156700898284
0.43724290376717356
0.4281902806838663
0.4293694477079244
0.4196891794737185
0.453390934015027
0.43676101887022395
0.4471223969302301
0.4299200831160949
0.43923099971196
0.4381429204298248
0.43426884925464604
0.43775663157422434
0.45119340978128836
0.4523880142160578
0.45386608762609304
0.4545493735779314
0.46171389538430707
0.4615184459694054
0.46140048106784537
0.4610954153297873
0.4573514684321209
0.46077347739979374
0.46120273625745983
0.4619435635681928
0.4528899058948663
0.4521963008052402
0.4519032403832985
0.4518794016369887
0.7365501225419212
0.83312087026966
0.8331908980452284
0.833229587902259
0.8479131672661662
0.8479188486452176
0.8479267585712875
0.8479336232823969
0.8479396454262138
0.847946642861885
0.8479529977000837
0.8008093932332464
0.7499166532688992
0.7870893407875125
0.7856972749534443
0.7861771375565811
0.5926188696681065
0.7207698956186467
0.7032939539384974
0.6937042631030637
0.8931717621216941
0.7666721467900223
0.7672227738262566
0.77821659150287
0.8920190074330592
0.8919245698569923
0.8918941133902987
0.8918739739480577
0.9065333031727146
0.9065134828510287
0.9064928701684053
0.9064782315746872
0.8099045837641037
0.6013943480243664
0.5153810837766186
0.5267226590419901
0.5323659187242473
0.536322486409501
0.5216435573528058
0.5160147251419954
0.5268661345385032
0.5152469093093069
0.5092918119017636
0.5153459139307535
0.4897659551025993
0.4970449730446831
0.5074317603464226
0.5095428666370212
0.4574617039879219
0.45637116587685617
0.456310734675181
0.46634232507107365
0.4675607940730871
0.5645157023162194
0.564675577617679
0.5648218777290468
0.5534057440352457
0.45770309739368586
0.4569658152389053
0.45851693666029303
0.44586642165608265
0.44498854003925015
0.4360613063464489
0.43638320547173354
0.42907161291997864
0.4293428614418539
0.42934732976731316
0.429546827424667
0.4223126177289695
0.42259309224879293
0.4228733265327984
0.4229542637165012
0.42189051912904024
0.4219744959828444
0.42222552468172564
0.42228705852487597
0.4450273371330899
0.44476808691141057
0.4434135419229404
0.4431752630312548
0.45398706225282215
0.4534610043332768
0.45319014491771675
0.4541487322847903
0.4626327009686465
0.4640785110156083
0.4650577700342819
0.46628589160526657
0.4661451798743628
0.4667044149198038
0.4673045787732817
0.4680103061109304
0.4599817169378356
0.4607097869167807
0.4620179991746206
0.48496505343136037
0.7360656267238693
0.8328499686486124
0.8328993105428122
0.8329214650976635
0.8475978305082672
0.8475958730666784
0.8476500520496976
0.8476993562527614
0.8477141095578016
0.8477152954037245
0.8477167280187234
0.847721004852968
0.8477253600497295
0.8477262336912115
0.8477257041124913
0.8477236442032884
0.7413119053328138
0.8111774594082984
0.8007144179328868
0.7927006355806004
0.9675373306190106
0.8507863324535471
0.8624454878902345
0.8624165940795984
0.8917544301336727
0.8917385653105707
0.8917237309512148
0.8917139555997328
0.9063812715551023
0.906366530574427
0.9063508105413278
0.9063390467369711
0.8241197416687479
0.7842435067772886
0.6554111020949185
0.6679408446164873
0.6627064065205895
0.6371948939248943
0.6396546297240038
0.6410152398741354
0.593772066284878
0.5636802649119219
0.5762487132848255
0.5740267324837117
0.5430424787231258
0.540420110302323
0.5396102045966156
0.5365518299002335
0.49892619765790874
0.4974151807280315
0.4955708923223171
0.4936937446702873
0.46094033204053564
0.5579026134136036
0.5057339876106742
0.49287861876947314
0.5820403705935228
0.48399458545980795
0.48324383390260967
0.47963489719461805
0.4490480232430123
0.45572223650920013
0.44272588844221733
0.4409893903241453
0.43496493191824426
0.4404782181115647
0.4440129122338329
0.43427568753266454
0.42317765454797795
0.4223458427686273
0.4216137894031121
0.4213190373669386
0.42313978376727795
0.42286247306207675
0.4223099008708598
0.42200358345705835
0.4455942155389753
0.448806773876879
0.4506644067327495
0.446227826305679
0.46766324623972155
0.460495241583674
0.46055439291055633
0.46300522177093295
0.4724923137346942
0.4731371860750507
0.47807523212286546
0.4785098265902483
0.47548655739441636
0.47263100619255444
0.4733781591400695
0.47320890571529534
0.46727513176512614
0.4802917657005635
0.47577550112840783
0.481648021783857
0.736333663588892
0.8329213110306344
0.832961687791486
0.8329840154536863
0.8476623728106053
0.8476632933591705
0.8476635579531218
0.8476622745614015
0.8476580531730368
0.84765393034043
0.847649175450527
0.8476417934825037
0.8476314448310991
0.847621550374483
0.8476145638505087
0.8476099488149337
0.8402696114025996
0.9695227639490639
0.9578392988204694
0.8663850635015892
0.9918380523302465
0.8624959892714902
0.862406943981173
0.86235255877384
0.891672906541928
0.8916455843426359
0.8916194301042709
0.8915997517787541
0.9062591033652089
0.9062432373107585
0.9062297765220896
0.9062230233404641
0.776913450258591
0.7009509777958526
0.6900278348185461
0.693224216707596
0.6845311250335657
0.673614351729821
0.6588139573969273
0.6613912948317375
0.6331048948335685
0.6067698420821088
0.5940122556434627
0.5843384262592064
0.5583904048058147
0.5568079566218715
0.5562348623827225
0.5558762678062504
0.5199543278906466
0.5179114519663974
0.5155157283784577
0.5149212917123299
0.4568708216998181
0.5538572131868056
0.5541862846832426
0.5543980324043233
0.5709519261352612
0.4692353425801719
0.4667613753358421
0.46667814992192386
0.4603101570688046
0.4558532774372663
0.4560768989438731
0.45914055651981694
0.4474117611399836
0.4380960309229622
0.4465568140517569
0.4475084814039032
0.4406395579427485
0.4317058188751204
0.4153577648237703
0.4198062056636264
0.441217555214135
0.43483520072242565
0.4439644602578968
0.43493035537415686
0.46436238983195977
0.4656341169969243
0.4606552613202219
0.45931236484673754
0.4803830247909418
0.47853758597682705
0.4772609471612343
0.47590448173615985
0.48069368487325526
0.48865534270859295
0.491943672069376
0.49418210691089454
0.4935682711390974
0.49546471102291495
0.4977646984556501
0.5011379916254279
0.49292354764088225
0.4820579653783717
0.4786437022246971
0.4725374662989797
0.7363684975687925
0.8329861344886175
0.8330476880386339
0.8330644787445506
0.8477256531477648
0.8477194092603558
0.847725998586235
0.8477371443187722
0.8477467335969331
0.8477486789073817
0.8477403125768725
0.8477252560277155
0.8476935296767977
0.8476642118875392
0.8476446986716063
0.8476294146353901
0.840279484070629
0.9694754254017117
0.9694766803712371
0.9694582195276086
0.9914374910619239
0.8622089973051399
0.862174531805498
0.8621527750723781
0.8914849377366044
0.8914612286045723
0.8914373182118969
0.8914187327457324
0.9060777560173574
0.9060580925811079
0.9060396356123814
0.906027076061743
0.8236006096306869
0.7943785199275889
0.7841944199368289
0.7609854006489699
0.7469735401174491
0.7469006598266309
0.7468901666234682
0.7469262527634234
0.7136188304086781
0.6617795110625116
0.6568617966555588
0.6550644547572271
0.6198724278839024
0.6191377695081244
0.6152334813749067
0.6054906284690932
0.537137196608797
0.5329251238628585
0.5319438555330407
0.5298748755908058
0.45400774793868387
0.5511973822514771
0.5513978474639748
0.5516599163626033
0.580024070538828
0.48328128770347745
0.4836054571467512
0.481551626629549
0.47020335414050185
0.46859004198091747
0.46687779370044286
0.46442974030167805
0.44746773543853713
0.4448663697920783
0.4499577270816923
0.45913430622992357
0.4342981510696435
0.44394938290880304
0.45256821791315766
0.43061571232972284
0.45252393874654084
0.4357334739750367
0.4299907414510733
0.43725452178421575
0.45430390114474317
0.4571277204071936
0.4611767327021793
0.46470891816276994
0.48496756767358856
0.48268541443944196
0.48080398035581007
0.4786357904116519
0.48564335124181957
0.4854498574084238
0.4866895348235642
0.49098627868155614
0.4915824708674342
0.49793316017120265
0.504514078065707
0.5095685576763966
0.5044373945033719
0.5089164964122911
0.5140006644802342
0.5183006762031607
0.7359849348447215
0.832636448522086
0.8326469029577036
0.8326490385907391
0.8473167734949503
0.8473149296997158
0.8473174340249962
0.8473195007871804
0.8473220668617053
0.8473237588913134
0.847321206314819
0.8473140965625814
0.8473047311946598
0.8472932678843159
0.8472787218615225
0.8472636246081864
0.83991245529353
0.9691251589118421
0.9691362920793252
0.9691301965739324
0.9911230268422653
0.861888006760392
0.8618384897338306
0.8618097865566321
0.8911400328125674
0.8911156306787408
0.8910902918682669
0.8910701232942129
0.9057283421830297
0.9057096324158742
0.9056949240394724
0.9056877953162275
0.8910127709297933
0.7941363858448295
0.7941455645128098
0.7941569895189975
0.7868323149619076
0.7868480375015289
0.7868652746552848
0.7868781901742825
0.7682156597556885
0.7473945284776835
0.7394179469495764
0.7386910961099803
0.6752182503419968
0.6732062414553168
0.6745379041091075
0.6742228731645824
0.6448012243422654
0.6435539400454766
0.6438963232035446
0.6424571960684667
0.48471235266726165
0.5629525064098542
0.571684758132815
0.5685031514454029
0.6638819957962779
0.5655449477107907
0.5401472661107237
0.5352752729737467
0.5046664177047423
0.4990339778016918
0.4927717786156962
0.4867645631763838
0.47406429488025514
0.47076767283881127
0.464995561570678
0.4608764262004052
0.45599897602639267
0.45814542121544904
0.4541065882232382
0.4564915096931836
0.4570170771020901
0.45330534147658685
0.4631578535841836
0.4531412958118266
0.4911133208966205
0.49193031122879133
0.49456961044154896
0.49945744085339555
0.5251649277549855
0.5477076716723489
0.5537722195155095
0.5588737838844244
0.5686239612292056
0.5783528991945444
0.5946921037305405
0.6157342529091698
0.5948553981031366
0.5955439576074923
0.6042028870235321
0.6142375485326426
0.5968164455897559
0.6171440296787045
0.6087684189374405
0.6097957628427394
0.7358345892451755
0.8325744034423362
0.8325547271763313
0.8325379760441006
0.8471993407762847
0.8471863722344719
0.8471685043283922
0.8471487084711846
0.8471278217747984
0.8471037640593113
0.8470812199990615
0.8470588982529411
0.847035245244496
0.8470125473579254
0.8469905437141851
0.8469692170802622
0.8396121986452738
0.9687370929047632
0.968675346088672
0.968631246080801
0.9906076140892235
0.8614054895373682
0.8613908390147763
0.8613709204062082
0.8906931511775877
0.8906576732113487
0.8906214466918185
0.89059081268713
0.9052380858641697
0.9052098267792962
0.9051860026247586
0.9051701939995963
0.8904863475430911
0.7936019367800421
0.7936042065650976
0.7936097227663408
0.7862812463798239
0.7862922213933298
0.7863037667765189
0.7863124496334584
0.7789804413782342
0.7789881311618577
0.778995442904847
0.7789995372192701
0.764328044189353
0.764332593511349
0.764337325086586
0.7643401401721075
0.7423327584709511
0.7423472597821412
0.7423640082440847
0.742376619549653
0.7350863193479058
0.8321320800940964
0.8322260275543066
0.8322574380110349
0.8249282899587115
0.7279596413921319
0.7278890390521114
0.7278655402609336
0.7205359899954458
0.7205504003753095
0.7205622041373181
0.7205719813946198
0.7132447539397051
0.7132544191694462
0.7132640485504989
0.713272770641519
0.7059443185799921
0.7059530390070415
0.705962472969447
0.7059722782723957
0.7059829927160153
0.7059851212567914
0.7059878758309215
0.7059950859575285
0.720675125321119
0.7206481981743064
0.7206130025416045
0.720585563625126
0.7352396422913691
0.7352174974289287
0.7351924481717349
0.7351970298289299
0.7425370465591942
0.7425275842584321
0.7425112201923106
0.7424969952015831
0.7424885415292682
0.7424724434610831
0.7424498289722465
0.7424228798622424
0.7350589008319655
0.735032745327611
0.7350068449627947
0.7349800955686626
0.7349541040115927
0.8318070055722651
0.8317750987205241
0.8317461097136088
0.846396357314209
0.8465663192161808
0.8487317814099895
0.851168921951856
0.851117355360066
0.8510769890720762
0.8510418327588275
0.8510046986319193
0.8509703667752121
0.8509407328802503
0.850901497343988
0.8508594112365395
0.8432089691749549
0.9719577893018304
0.9716199297126035
0.97135481751011
0.993694540671795
0.8649437594301678
0.8653711560350169
0.8657506097771209
0.8929430082286918
0.8910010660752783
0.8895710390877611
0.8895606699744545
0.9042319237661894
0.9042731308978239
0.904357516257942
0.904463972507725
0.8898760181241722
0.7930247889446448
0.7930467366922587
0.7930671611248965
0.7857627844763109
0.7857950107450304
0.7858268314653443
0.7858501650508203
0.7784912030849201
0.7783484441676434
0.7782548085364784
0.7782214210471623
0.7635397502991469
0.7635403454401083
0.7635368753666837
0.7635291282725717
0.7415141216746792
0.7415215094546274
0.7415321353773932
0.74153957002849
0.7342450938518631
0.8312817944051794
0.8313683315919709
0.8313997035402528
0.8240761604142184
0.727113112159919
0.7270461438877472
0.7270215621473739
0.7196876144543802
0.7196963113024635
0.7197031206615193
0.7197085970475837
0.7123785938592283
0.7123885535793035
0.7124015089369704
0.712415835614331
0.7050951287559435
0.7051088215278443
0.7051202959619065
0.7051307913359961
0.705141371620426
0.7051438228091035
0.705146153351675
0.7051529409406047
0.7198322719379333
0.7198103860967296
0.7197832901203
0.7197638101240816
0.7344246543675431
0.7344083843668485
0.7343892016720465
0.7343720854142994
0.7416933299748427
0.7416819343300238
0.7416727492781932
0.7416652053044586
0.7416588385386551
0.7416550729009922
0.7416495868237024
0.741641981825386
0.7342963556422445
0.7342906494178404
0.7342851253568862
0.7342794404021237
0.7342733607468154
0.8311534428369906
0.8311511744459805
0.831146668521498
0.8458140607744753
0.8458099703169802
0.84580607900614
0.8458016150696703
0.8457964834289023
0.8457924793358125
0.845787711705011
0.8457823444840061
0.8457756297667745
0.845769938930809
0.8457653388874743
0.8457608551091798
0.8384181969537032
0.9676313606118542
0.9676524012090215
0.9676512381457043
0.989646848249315
0.8604181165697317
0.8603807531572787
0.8603623607374006
0.8897016056627436
0.8896864587968524
0.8896686385867058
0.8896550791040437
0.9043195788147945
0.9043145302608244
0.9043193252197019
0.9043362535106487
0.8896877400431669
0.7928358169115549
0.7928650381459729
0.7928941675486326
0.7855867684559172
0.7856195622793111
0.7856537872549293
0.7856850985001437
0.7783759395789354
0.7783950189357245
0.778401810280848
0.778401038679736
0.763722646787286
0.7637317089622201
0.7637517666072312
0.7637753995001322
0.741790738407963
0.7418179310445128
0.74183767388064
0.7418505793297834
0.734571069094346
0.8316544227852803
0.8317765149539684
0.8318299104009059
0.8245294261756916
0.7276395728147858
0.7275644506143645
0.7275046005865491
0.7201510844469096
0.7201628337583444
0.7201829769105232
0.7202036479139643
0.7128874462930528
0.7129120119842147
0.712941381898588
0.7129734688481886
0.7056706856177919
0.705698406509456
0.7057198798790651
0.7057387341396868
0.7057567388603915
0.7057684046236222
0.7057830247958599
0.7058025036825049
0.7204969295085787
0.7204886223372661
0.7204754010973579
0.7204710362963866
0.7351468205294694
0.7351535612312886
0.7351653111572004
0.7351810635793238
0.742534184321847
0.7425516259539992
0.7426266127110328
0.7427198340244087
0.7427815692842181
0.7427990660454109
0.7428254019531472
0.7428404764075465
0.7355143326179961
0.7355350638278849
0.7355588756805002
0.735579168459393
0.7355972681866916
0.8325668285516096
0.8326411747006103
0.8326769456067963
0.8473730791742218
0.8474039411461376
0.8474388577486683
0.847472194249235
0.8475063181162948
0.8475462390429614
0.8475889066800608
0.8476310302743079
0.847671751104128
0.8477033386404487
0.8477271580820545
0.8477479614663925
0.8404293680245977
0.9696973183288189
0.9697650508635687
0.9697974056934654
0.9918263585737872
0.8625978978318807
0.8625734417627147
0.8625869576552322
0.8919614685407504
0.8919747701551639
0.8919851747731903
0.8920007585623272
0.9066928876447159
0.90669924640594
0.9066992035342213
0.9067009149782725
0.823257164785444
0.7740518017690502
0.669426464897358
0.5971605204600713
0.5548788367656775
0.5549119406987819
0.5462288451354754
0.5470050675746055
0.5332630276090329
0.5324717275079872
0.5057018465717553
0.49991880849440845
0.4944202132663683
0.48934066817352256
0.4809834341902283
0.4827886776926055
0.4154115573125018
0.4028509174900214
0.4058359376764701
0.39884237467196215
0.327061542898199
0.42514936312565327
0.42443966187466337
0.42480368852647177
0.5542940089281355
0.4558522293318732
0.4545709417379661
0.4507774860039158
0.44516841988905226
0.4457013381207527
0.4462961821003042
0.4467946549752329
0.4275514690850667
0.4287381143102882
0.42977472824121427
0.4309821190992891
0.4238665965863368
0.4243447342132731
0.42464395501667496
0.425027387978755
0.42369603417443624
0.4237273694443224
0.42369519493733276
0.4234451733359205
0.4347049494814521
0.4447899950597231
0.4794199226958775
0.46243108182549386
0.47474596855799467
0.47413122797221796
0.4673162142399256
0.46512104982926833
0.4706421536294209
0.47106015213499347
0.47237814065634276
0.47397558137582196
0.47442379425328424
0.4785095997516114
0.48704939873195063
0.49857770589854605
0.49934458899862955
0.4911886746054124
0.4925822821662236
0.49075199073764497
0.7363402671819941
0.8334140082109752
0.8334567750838043
0.8334797567417994
0.8481598367804792
0.8481599278775623
0.8481558837597605
0.8481499856605683
0.8481409002088061
0.8481341180051957
0.8481288400433331
0.8481235722366408
0.8481174533461444
0.8481117876517758
0.8481079277594089
0.8481034758658125
0.8407610808829182
0.9700035342168967
0.9700566387336028
0.9700733866301486
0.9920773746220442
0.8628138447463197
0.8627361021808381
0.8626912630718709
0.8920159883640257
0.8919866989087466
0.8919546307232663
0.8919285695176775
0.9065814768709667
0.906564557173203
0.9065574780976245
0.9065633406719908
0.7714821490299149
0.6944119409002506
0.6808393693723978
0.6799246844174551
0.6696728381579292
0.6682389798671255
0.667139350831395
0.6661293140767369
0.6196513397159035
0.5936383864975973
0.5955500194859604
0.5945325077390254
0.5541849348368558
0.5525944583506867
0.5514475063328599
0.5506033509169355
0.5017355011586572
0.4983504946222469
0.4924207205067183
0.4901989761395626
0.4629135994422576
0.5598274700083756
0.5598169429481008
0.55988815453007
0.5772177493923722
0.475108907256014
0.47768600290412755
0.4638839747449238
0.45515911778652574
0.4524929588938563
0.45739051316311996
0.47630734832089233
0.44223661366236133
0.44271862845436777
0.44395001331428413
0.43420420533144954
0.4257701846747872
0.4247888095628861
0.42618495985649385
0.4321992095337503
0.42537540178127276
0.4270849142618856
0.42645525650420624
0.4267195480542032
0.44699919549550243
0.4479869972378649
0.44983583709694386
0.45679769575382023
0.4790787148969164
0.48832600327099646
0.5021680534558531
0.5336860695306231
0.5503767762495582
0.5764237616026198
0.5742305909687527
0.5758144525360722
0.581478456314921
0.5740221822574311
0.582473545603825
0.5974064513348385
0.5653869100502394
0.5627249367991246
0.5625335261205995
0.5655844129126129
0.7395295580740525
0.8365943941983064
0.8366006351935419
0.8365910336933347
0.8514183173739337
0.8514082469626876
0.8513913097904264
0.8513667823481205
0.851340041683284
0.851314203202677
0.8512842653845162
0.8512538877466092
0.8512259588477608
0.8511938739653707
0.8511691219960708
0.8511478464856036
0.8437094291500383
0.9728441948432792
0.9728129399085375
0.9728133189527236
0.9950833467855766
0.8658914364623823
0.865865814378099
0.8658342348485676
0.8954747606043766
0.8954433061046385
0.8954186977691989
0.8954261064330924
0.9102936341335002
0.9103396144964386
0.9103715627495441
0.910385895069439
0.8955577154843288
0.7986825066585558
0.7986855419234521
0.7986862676731494
0.7912684670713563
0.7912804524244861
0.791299655157106
0.7913176124222734
0.7839137420719313
0.783927290036211
0.7839356505830012
0.7839381755328242
0.7691043690884867
0.7691120169441528
0.7691203838822599
0.7691256468366425
0.7468762075717821
0.7468916966634662
0.7469060488544539
0.7469137654218808
0.7395455499990212
0.7889710041297754
0.7603059292997465
0.7721660374089753
0.8292992781969891
0.7322819511812914
0.7322097832391845
0.732193669950544
0.7247861386401566
0.7248012892988674
0.724810988454522
0.724818510430991
0.7174084685751512
0.7174192322860484
0.7174328068971434
0.7174474742627575
0.7100448926142022
0.710058352879899
0.6991164723437614
0.6987015533532108
0.699739471046943
0.6990599591720227
0.6984788137179223
0.698565330254557
0.7249676549644022
0.7249218969085238
0.7248818918780054
0.7248515807193346
0.7396657619959834
0.7396398787573649
0.7396099139111142
0.739580799962349
0.746972650028294
0.7469506768157571
0.7469293608134189
0.746912735702632
0.7468952751970523
0.7468836799810964
0.7468707266860439
0.7468564776564353
0.7394253381490095
0.7394141025668293
0.7394026664172045
0.7393908803666386
0.7393809532056815
0.8362537812240415
0.836238691986144
0.8362201372602499
0.8510376386140983
0.8525978237485363
0.8554139155705411
0.8585822944003251
0.858503450625179
0.8584444174333035
0.8563128505708176
0.8555072633058666
0.8546850157797123
0.8538897831560858
0.853121383076749
0.8523796394790718
0.8446009605845994
0.9734329785018648
0.9730852308521929
0.9727440437072906
0.9940129003253599
0.8639005185328602
0.8634198300957581
0.8634198300957581
0.8930908297781498
0.8930908297781498
0.8930908297781498
0.8930908297781498
0.9079263296193455
0.9079263296193455
0.9079263296193455
0.9079263296193455
0.8930908297781498
0.7962118588262148
0.7962118588262148
0.7962118588262148
0.7887941089056171
0.7887941089056171
0.7887941089056171
0.7887941089056171
0.781376358985019
0.781376358985019
0.781376358985019
0.781376358985019
0.7665408591438231
0.7665408591438231
0.7665408591438231
0.7665408591438231
0.7442876093820293
0.7442876093820293
0.7442876093820293
0.7442876093820293
0.7368698594614315
0.8337596190059817
0.8337596190059817
0.8337596190059817
0.8263418690853839
0.7294521095408336
0.7294521095408336
0.7294521095408336
0.7220343596202358
0.7220343596202358
0.7220343596202358
0.7220343596202358
0.7146166096996378
0.7146166096996378
0.7146166096996378
0.7146166096996378
0.70719885977904
0.70719885977904
0.70719885977904
0.70719885977904
0.70719885977904
0.70719885977904
0.70719885977904
0.70719885977904
0.7220343596202358
0.7220343596202358
0.7220343596202358
0.7220343596202358
0.7368698594614315
0.7368698594614315
0.7368698594614315
0.7368698594614315
0.7442876093820293
0.7442876093820293
0.7442876093820293
0.7442876093820293
0.7442876093820293
0.7442876093820293
0.7442876093820293
0.7442876093820293
0.7368698594614315
0.7368698594614315
0.7368698594614315
0.7368698594614315
0.7368698594614315
0.8337488304133664
0.8337488304133664
0.8337488304133664
0.8485843302545624
0.8485843302545624
0.8485843302545624
0.8485843302545624
0.8485843302545624
0.8485843302545624
0.8485843302545624
0.8485843302545624
0.8485843302545624
0.8485843302545624
0.8485843302545624
0.8485843302545624
0.8411665803339643
0.9703529263933647
0.9703529263933647
0.9703529263933647
0.9926061761551584
0.8634198300957581
0.8634198300957581
0.8634198300957581
0.8930908297781498
0.8930908297781498
0.8930908297781498
0.8930908297781498
0.9079263296193455
0.9079263296193455
0.9079263296193455
0.9079263296193455
0.8930908297781498
0.7962118588262148
0.7962118588262148
0.7962118588262148
0.7887941089056171
0.7887941089056171
0.7887941089056171
0.7887941089056171
0.781376358985019
0.781376358985019
0.781376358985019
0.781376358985019
0.7665408591438231
0.7665408591438231
0.7665408591438231
0.7665408591438231
0.7442876093820293
0.7442876093820293
0.7442876093820293
0.7442876093820293
0.7368698594614315
0.8337596190059817
0.8337596190059817
0.8337596190059817
0.8263418690853839
0.7294521095408336
0.7294521095408336
0.7294521095408336
0.7220343596202358
0.7220343596202358
0.7220343596202358
0.7220343596202358
0.7146166096996378
0.7146166096996378
0.7146166096996378
0.7146166096996378
0.70719885977904
0.70719885977904
0.70719885977904
0.70719885977904
0.70719885977904
0.70719885977904
0.70719885977904
0.70719885977904
0.7220343596202358
0.7220343596202358
0.7220343596202358
0.7220343596202358
0.7368698594614315
0.7368698594614315
0.7368698594614315
0.7368698594614315
0.7442876093820293
0.7442876093820293
0.7442876093820293
0.7442876093820293
0.7442876093820293
0.7442876093820293
0.7442876093820293
0.7442876093820293
0.7368698594614315
0.7368698594614315
0.7368698594614315
0.7368698594614315
0.7368698594614315
0.8337488304133664
0.8337488304133664
0.8337488304133664
0.8485843302545624
0.8485843302545624
0.8485843302545624
0.8485843302545624
0.8485843302545624
0.8485843302545624
0.8485843302545624
0.8485843302545624
0.8485843302545624
0.8485843302545624
0.8485843302545624
0.8485843302545624
0.8411665803339643
0.9703529263933647
0.9703529263933647
0.9703529263933647
0.9926061761551584
0.8634198300957581
0.8634198300957581
0.8634198300957581
0.8930908297781498
0.8930908297781498
0.8930908297781498
0.8930908297781498
0.9079263296193455
0.9079263296193455
0.9079263296193455
0.9079263296193455
0.8930908297781498
0.7962118588262148
0.7962118588262148
0.7962118588262148
0.7887941089056171
0.7887941089056171
0.7887941089056171
0.7887941089056171
0.781376358985019
0.781376358985019
0.781376358985019
0.781376358985019
0.7665408591438231
0.7665408591438231
0.7665408591438231
0.7665408591438231
0.7442876093820293
0.7442876093820293
0.7442876093820293
0.7442876093820293
0.7368698594614315
0.8337596190059817
0.8232546337829425
0.797144007475907
0.8263418690853839
0.7294521095408336
0.7294521095408336
0.7294521095408336
0.7220343596202358
0.7220343596202358
0.7220343596202358
0.7220343596202358
0.7146166096996378
0.7146166096996378
0.7146166096996378
0.7146166096996378
0.7066870209674334
0.6953293591408372
0.682635582460442
0.6794667636703748
0.683388405959044
0.6773493091840471
0.6366752843236508
0.585335984074396
0.6680518361043929
0.7094560438125364
0.7220343596202358
0.7220343596202358
0.7368698594614315
0.7368698594614315
0.7368698594614315
0.7228250884368348
0.7171732792868283
0.7180035138989995
0.7178625953832795
0.719109056658291
0.7177105042959178
0.7184248728238761
0.7193345068670159
0.7210610238745994
0.7121117341366187
0.7121071459791442
0.7129133674966596
0.7248164543576108
0.7368698594614315
0.8337488304133664
0.8337488304133664
0.8337488304133664
0.8485843302545624
0.8485843302545624
0.8485843302545624
0.8485843302545624
0.8485843302545624
0.8485843302545624
0.8485843302545624
0.8485843302545624
0.8485843302545624
0.8485843302545624
0.8485843302545624
0.8485843302545624
0.8411665803339643
0.9703529263933647
0.9703529263933647
0.9703529263933647
0.9926061761551584
0.8634198300957581
0.8634198300957581
0.8634198300957581
0.8930908297781498
0.8930908297781498
0.8930908297781498
0.8930908297781498
0.9079263296193455
0.9079263296193455
0.9079263296193455
0.9079263296193455
0.8930908297781498
0.7962118588262148
0.7962118588262148
0.7962118588262148
0.7887941089056171
0.7887941089056171
0.7887941089056171
0.7887941089056171
0.781376358985019
0.781376358985019
0.781376358985019
0.781376358985019
0.7665408591438231
0.7665408591438231
0.7665408591438231
0.7665408591438231
0.7442876093820293
0.7442876093820293
0.7442876093820293
0.7442876093820293
0.6762778439948949
0.5900673261391792
0.5579324626850598
0.5728257243069315
0.7972083775681574
0.6758822909199517
0.6619078587928428
0.655422663840623
0.6262032612475116
0.5832550520737552
0.5614859326899845
0.5294914083257929
0.4947134928525374
0.4873868806292677
0.4796520812781264
0.46943104840584715
0.4633279045382759
0.4637233030620827
0.46406718705860983
0.46312724367286573
0.4700676886383319
0.4664217470173033
0.45824330865294727
0.4586414890115023
0.4977986715726634
0.49192958060357395
0.48488256525554585
0.47703539014743596
0.4960610183338447
0.48905207814391516
0.48903278522884097
0.4910120768154393
0.49656827892987204
0.49623830278781295
0.502856753630066
0.5107525225411177
0.5099407479015924
0.5129345210207727
0.5166713455892316
0.5196286924575724
0.5114078686155745
0.5221735924669704
0.5336191562359304
0.5389364667430041
0.7397010970831339
0.8363992833749934
0.8364135520226229
0.8364150914348015
0.8512436706159758
0.8512370304596596
0.8512304327344703
0.851220713324268
0.8512102878778128
0.8512025589507229
0.8511933575507956
0.8511825653817792
0.8511703867949558
0.8511588344186953
0.8511470718115298
0.8511344226554545
0.8437047221292758
0.9729302314848078
0.972957237584256
0.9729445840015525
0.9951630464465675
0.8659082831704898
0.8658482851719165
0.8658155209710667
0.8954719866464117
0.8954465347512441
0.8954172618165848
0.8953941555277459
0.9102133433823903
0.9101890809149258
0.9101663343352485
0.9101505230396288
0.8953034170479192
0.7984206576389842
0.798426792625249
0.7984355983908173
0.7910251378380566
0.7910368445147481
0.7910527284215852
0.7910673156165047
0.7836599152183774
0.7836763660152561
0.7836941593257837
0.7728288194022448
0.7453576431539387
0.6827014368299589
0.6769192759160229
0.6779936219324343
0.6470584211029418
0.6451995509210253
0.6450541908476738
0.6439277364527501
0.47338350862111184
0.5603228095456821
0.5601328212987866
0.5629853361755238
0.6026942778900944
0.4999108563067661
0.4922724765753164
0.48208482866854935
0.47066837750874035
0.47366650430172125
0.46751194557269177
0.46961540052997824
0.45122498768661223
0.4596321310269591
0.46200446946268964
0.4626116532917311
0.45705267552032874
0.45751812232594863
0.45868856239815153
0.4587129699508126
0.4592693890728763
0.4558339285390711
0.4575094348840457
0.4471003549402722
0.4895005671245391
0.4871036623389108
0.48642373941611416
0.4875395703078215
0.5064996123992352
0.5046472761955837
0.5038218004446999
0.505842372540445
0.5167978529788954
0.5216068023669086
0.5259974893641001
0.5328170195730841
0.5309789970157954
0.5493541922490475
0.5548575429994076
0.5603850920754604
0.5530862120028356
0.5767169407927111
0.5794463684750077
0.5813422411380784
0.7394350997856204
0.8361644064270103
0.8361631205517501
0.8361561546913632
0.8509815099205088
0.8509738274599822
0.8509661174115077
0.8509556546261328
0.8509433062890372
0.8509326750542021
0.8509202742888904
0.8509065391742
0.85089269834891
0.8508819402861947
0.8508730601743613
0.8508652360422521
0.8434412024084958
0.9726540994122481
0.9726801744811775
0.9726898974824303
0.9949412265462159
0.8657049084358487
0.8656474377718458
0.8656081831386824
0.895254439620886
0.8952215388196236
0.8951894139174282
0.8951647628474386
0.9099815663255889
0.9099591831458219
0.9099411176808206
0.9099317987237413
0.8950934189217546
0.7982183459874713
0.7982312328979166
0.7982487297506279
0.7908490986662978
0.7908668024618867
0.7908825495883693
0.7908941201520271
0.7834807814253414
0.7834823740270184
0.7834774492874423
0.7834672906083208
0.7686211150286069
0.7686233801046438
0.7686372695674212
0.768657336084913
0.7464269540951837
0.7464562622458447
0.7464792475815218
0.7464915453588867
0.6793561280754078
0.7043123474614535
0.609249061397051
0.600922073724307
0.7456325234970531
0.6330535292833667
0.6248225360564077
0.6133440691313793
0.5570295492713057
0.561543087383145
0.5759218871033224
0.5889571923648786
0.5570711713186389
0.5447120462605007
0.5406854045995708
0.525367658499987
0.5116954597915672
0.5071066673440934
0.4852184109098631
0.4791499097710345
0.4863291241548267
0.48270492555584144
0.47756666019648447
0.47516600484552757
0.5382133154627282
0.5372836987893581
0.5374806132738726
0.5300568135470428
0.5774866575071641
0.5824800460496989
0.5980659930931134
0.6229379812324491
0.6723232591213567
0.6760222873240621
0.699680639435494
0.7003497794103949
0.6999458290776098
0.700004231314716
0.7002514557047398
0.700557385636789
0.6929116426256164
0.6932399465088657
0.6935954575883087
0.6943354260422033
0.7392694380981558
0.8360996043377064
0.8360820655005873
0.836063824887654
0.850882839131331
0.8508722483577169
0.8508644874314818
0.8508552782803102
0.850845896919082
0.8508309654061973
0.8508082032671963
0.8507753112470108
0.8507372621043979
0.8507008085251975
0.8506676933052173
0.8506364617392654
0.8431882039062851
0.9723490722692576
0.9723595657086463
0.9723838005369985
0.9946529754536343
0.8654268488003755
0.8653777288721175
0.8653553469313238
0.8950233371260371
0.8950060604428886
0.8949817230587633
0.8949630037086382
0.9097847417849142
0.9097517664701197
0.9096909080635908
0.9096425177854573
0.8947845815135557
0.7978921095588151
0.7978903840375848
0.7978915917750226
0.7904754500348432
0.7904832897538717
0.7904954095772765
0.7905061457195084
0.7831001945884758
0.7831103963211936
0.7831106563151232
0.7831018405625239
0.7682549155483723
0.7682490234011987
0.7682466010649349
0.7682436138463703
0.7459874444214522
0.7459994903246832
0.7460167370924473
0.7460306399179286
0.7232671184038314
0.7056812011362105
0.6133509986450888
0.6318791494697623
0.8286199381476994
0.7314168860157283
0.7313408875245618
0.7313115104120139
0.7238910766193538
0.7238946266967753
0.7238968564538742
0.7238990305479927
0.7164842679942142
0.7164891946546244
0.7164947982035338
0.7165001123816258
0.7090875166371995
0.7090928692331296
0.6641393808530512
0.6297336899312767
0.6382892819228564
0.6017360133400623
0.5752386262790127
0.5656505040078774
0.679399809883031
0.6995830606248098
0.7239740719328716
0.7239199128542312
0.7387382934895459
0.7387261874609995
0.7387168914392868
0.7387109861852775
0.7461237457154097
0.7461169335566127
0.7461066543591967
0.7460949334098986
0.7460841112019903
0.7460765573290475
0.7460656486257677
0.7460520236042125
0.7386198773594321
0.7386132136218357
0.7386112745798146
0.7386100091701829
0.7386098632109452
0.83549160960228
0.8354866262144075
0.8354771193627724
0.8503031797686065
0.8502937314469842
0.850282853326871
0.8502705226828364
0.8502572310054489
0.8502506762346138
0.8502499602428428
0.8502525901695175
0.8502562314749091
0.850254429993702
0.8502458296585943
0.8502345184806541
0.8428014712102685
0.9720134704476304
0.9720573308801801
0.9720999399841119
0.9943905593431965
0.8651795580938334
0.865140921282606
0.8651182230893483
0.8947813955432533
0.8947680432764078
0.8947550450316223
0.8947473174813418
0.909580170674809
0.9095748231980048
0.9095734926774418
0.9095775909302098
0.8947502115047665
0.797883825194392
0.7979021300001664
0.7979200753879779
0.7905196130298091
0.7905455524885654
0.7905786526431768
0.7906121118235903
0.7832244868888917
0.7832461197915983
0.7832529411796175
0.7832498181671844
0.7684065246239825
0.7684112350069995
0.768423744208063
0.7684381299877617
0.746200559725834
0.7462276886849032
0.7462537676637769
0.7462739547238434
0.6131676770295559
0.5692120345101689
0.5751591320515557
0.5528664053070621
0.7451022885020064
0.6208078632673915
0.5965034693223852
0.5797433256178413
0.5585704255840884
0.5540625840712156
0.5375478675772503
0.5258707586863396
0.5103863123162331
0.49623582158687435
0.48845146235164744
0.4817387114249627
0.47120535445618483
0.46816341000802575
0.4636547851076179
0.4612386187799461
0.4683906900823582
0.4651182629024708
0.46019264002373605
0.45888861717528745
0.5079021493077245
0.5089023703725251
0.5119132409200212
0.5225632969525786
0.557003003151757
0.5842937473479409
0.5959406409513093
0.6195062467788304
0.6390688935526279
0.665678672955979
0.6670539761196553
0.6687499675215353
0.6659326460840546
0.6671955218311497
0.6687884900964922
0.6689806198229991
0.6598292075695327
0.6613122879296576
0.6648329767787095
0.668080597312213
0.7391963765128552
0.8359861616026868
0.8359690362703185
0.835955570815363
0.8507835628091311
0.8507802110485473
0.8507766585588223
0.8507708792993752
0.8507649573495584
0.8507615314349498
0.8507595054706778
0.8507577384014435
0.8507565580265851
0.850753131281495
0.8507480164097987
0.8507422262033355
0.8433169551887321
0.9725251515124848
0.9725545534907559
0.9725762937377384
0.9948434120190405
0.8656191483624447
0.8655701384993949
0.8655381763325842
0.8951900218388603
0.8951635989111651
0.8951382232784485
0.8951195597557476
0.909942166802701
0.9099283014826886
0.9099209376477233
0.9099228101104527
0.8950945392181251
0.798229840520764
0.7982528223968854
0.79827729843162
0.7908835206026629
0.7908999606060594
0.7909085176422216
0.7909093190530099
0.7834844722056535
0.7834897555153458
0.7835036412246654
0.783517319840795
0.7686948830199151
0.7687131775541998
0.7687337136637373
0.7687517699239176
0.7465160717349583
0.7465439602238967
0.7465702343683951
0.7465891900988809
0.6896146275020298
0.6372457377606489
0.5862950463881147
0.5876598816321758
0.8292604073539482
0.7320397370869135
0.7320030616095972
0.7320027083476983
0.6563326775290528
0.6387058129490645
0.6389590235145453
0.6359645459864322
0.5682096839408609
0.547733689782433
0.5306555224078107
0.5153543257364958
0.5036712408917215
0.49093303935244964
0.4858171169679358
0.48156359711158836
0.4900566372286629
0.48809256213189056
0.48516988832186436
0.4853025318867496
0.5655151899981303
0.5685312624887047
0.5715579503260185
0.6078528144510804
0.6664892263657602
0.6698955304630115
0.6823214972530642
0.6938281068505308
0.7017333091316037
0.7018103689707655
0.702037014606701
0.7217596382791144
0.71202610370344
0.7117732238294971
0.7172931398133192
0.7232871586858854
0.7148776793593105
0.7156644097659832
0.7392454011811834
0.739216153221489
0.7392003466285704
0.8360677216028746
0.8360468657166434
0.8360228764403287
0.8508395173427993
0.8508263099886673
0.8508068602601822
0.8507854259091694
0.8507620140863149
0.8507415106803473
0.8507204621926153
0.8506971581833522
0.8506727105701926
0.8506513438577916
0.8506323550154578
0.850610204835724
0.8431670556039909
0.972310334293264
0.9722500938296081
0.9721834527809979
0.9943707403643485
0.8651450254874239
0.8651186780611356
0.8650923393080222
0.8947351761964448
0.8946992383202979
0.8946631640634626
0.8946303802468472
0.9094413228450605
0.909439467126013
0.9094569490749774
0.9094630322010431
0.8946201208217706
0.7977333701634751
0.7977332628411695
0.7977368240474795
0.7903234615176248
0.7903290686067903
0.7903360142870292
0.7903413622654721
0.7829264183838099
0.7829347818605292
0.7829427669988134
0.7829483035311152
0.7681164870343397
0.7680885041474952
0.7680450444205197
0.7680134268958119
0.7457474210191188
0.7457552258243181
0.745766863954067
0.7457745016188241
0.7383971861327671
0.8354352290603767
0.8355255948814883
0.8355558765350282
0.8281464556173738
0.7311737806307858
0.7310960158453537
0.7310651840103621
0.7236463691295432
0.7236543690080478
0.7236631697596
0.7236713741155614
0.7162628235319703
0.716271883776869
0.7162802878918495
0.716288098713454
0.7088780440163489
0.7088861619707372
0.7088966258582111
0.7089080233872948
0.7089195873712256
0.7089216454586601
0.7089222473109383
0.708925812323549
0.7237647209846946
0.7237366798076398
0.7237004888212037
0.7236742502481849
0.738493059150055
0.7384742691787521
0.7384535534449711
0.7384347180542832
0.7458373187571663
0.7458274999978141
0.7458207998128004
0.7458138406283966
0.7458065663376648
0.7458015007828553
0.7457937968657897
0.7457819217201307
0.7383484773212605
0.7383369212555189
0.738321414735736
0.7383086262651231
0.7382982830007441
0.8351683173247163
0.8351509586102025
0.8351303556018252
0.8499480496400289
0.8499335169204811
0.8499129428665114
0.8498909101655112
0.8498693635960308
0.8498518937329552
0.8498360191397617
0.8498196851414598
0.8498029624749543
0.8497853492894784
0.8497676038342169
0.8497512352367056
0.8423179140149442
0.971487462669602
0.9714656388891868
0.971439103837578
0.9936645188939386
0.8644420016827824
0.86440785796239
0.8643811532434327
0.894029615391171
0.893998968155605
0.893968906399816
0.8939441867919286
0.908759501780513
0.9087371023768609
0.9087180763809768
0.90870618776116
0.8938637278353094
0.7969848131115789
0.7969946517840615
0.7970092842782008
0.7896099740313426
0.7896314955572564
0.7896531401585966
0.7896726433608092
0.7822705407813991
0.7822813870162028
0.7822836747698747
0.7822796572358933
0.7674378617422849
0.7674429212563147
0.7674562307277186
0.7674730120415032
0.7452377432609546
0.7452627764845154
0.7452847791491077
0.7453006187003237
0.7379354204768835
0.8349907013379639
0.8350954838650967
0.8351388354930833
0.8277468764645027
0.7307765639142901
0.7307031802715681
0.7306810407940646
0.7232746851471611
0.7232918704117828
0.7233042501907044
0.7233141186208666
0.7159057608607885
0.7159161296275738
0.7159264096835176
0.7159808708426088
0.7086124423318098
0.7086389908431638
0.7086543172956974
0.7086696152610876
0.7086863436129188
0.7086949594093231
0.7087033797176272
0.708698966585014
0.7235201168630502
0.7234827540581681
0.7234713443785751
0.7234847761721445
0.7383303940239981
0.7383183499519358
0.7382942270093957
0.7382689287897485
0.7456636264020513
0.7456458612708045
0.7456339562335722
0.7456269293262346
0.745624589458193
0.7456217924015508
0.7456143871305169
0.7456033371148559
0.7381733508951539
0.7381535723131094
0.7381252804130106
0.7380990799179598
0.7380786978652734
0.8349472404450923
0.8349324628549141
0.834916532174187
0.8497389830469934
0.849730312906433
0.8497227834129482
0.8497135333263626
0.8497092392295131
0.8497008003248633
0.8496876562603197
0.8496700943946959
0.8496481508570938
0.8496316922681939
0.8496221351423949
0.8496152758115956
0.8421956008948157
0.9713857763351453
0.9713862883567796
0.9713834338455544
0.9936315927509424
0.8644336416033218
0.864433443490171
0.8644448676918406
0.8941280537852675
0.894116294260396
0.8940944895186504
0.8940759970293901
0.9088974065503191
0.9088823291540448
0.908872605581664
0.908869702395135
0.8940360244084576
0.797175224606337
0.7972061908857476
0.7972388003728139
0.7898523796252305
0.7898819907964255
0.7899108424445983
0.7899369575390184
0.7825425003459159
0.7825682871501047
0.7825667620122494
0.7824838638600267
0.767612977673078
0.767598624083682
0.7676042341478375
0.7676112098286786
0.7453623610054825
0.7453780969854484
0.7453964682713656
0.7454115377147458
0.7380398625214812
0.8350627635351814
0.8351460048568485
0.8351813382545502
0.827756698851045
0.730758270218662
0.7306953526871096
0.7306824901634021
0.7232748723026152
0.7232899575175932
0.7233007686114161
0.7233093150574778
0.7159017309047727
0.7159136937402164
0.7159256974891799
0.7159380851439306
0.7085331699173527
0.7085464383418346
0.7085598291127464
0.7085736299930712
0.7085878372146686
0.7085922645071651
0.7085953068367191
0.7086024194948322
0.723446022457087
0.7234244702519949
0.723397761735457
0.7233818039497693
0.7382106617933198
0.7382063077611984
0.73820487243518
0.7382069325439745
0.745629739472389
0.7456313465114947
0.7456284523599364
0.7456237073841682
0.7456183912446318
0.7456201618881537
0.7456260204805288
0.7456316857705808
0.7382174641376424
0.7382156787119889
0.7382070717933519
0.7381940326111244
0.7381804214029087
0.8350543766365046
0.8350406976959321
0.8350267468412265
0.849851571679989
0.8498429811645439
0.8498335139542932
0.8498225567247356
0.8498120434262394
0.8498031966716924
0.8497927502385553
0.8497790466476155
0.8497632559272791
0.8497474906034694
0.8497310905078999
0.8497138848854996
0.8422646377896691
0.9713762435011754
0.9713298235524502
0.9713100266755829
0.9935509497285633
0.8643750151527689
0.8643753197555335
0.8643561441461687
0.8939951647888517
0.8939575544231719
0.8939268054040824
0.8939033566401074
0.9087183881246899
0.9086943650442375
0.9086729105359254
0.9086584313986997
0.8938148123476719
0.7969327758777524
0.7969358323145301
0.7969403499931248
0.7895264040607861
0.7895388267929605
0.7895549919326347
0.7895748122378571
0.7821737367308702
0.7821869128676329
0.782192465667172
0.7821918582837033
0.7673544227621569
0.7673586415162703
0.7673655983080448
0.7673711721086803
0.7451226171389369
0.7451382106248702
0.7451546902583818
0.7451657126158671
0.7378000723284125
0.8348727448858603
0.8349866349070051
0.8350326223595579
0.8276416509338348
0.730692129465405
0.7306491408377584
0.7306554666769317
0.7232685472127809
0.7232965042643463
0.7233152308923314
0.7233307960150377
0.7159305270868576
0.7159043917361081
0.7158761769319716
0.7158682012412804
0.7084583032643353
0.7084699077952561
0.7084814241144339
0.7084937803917307
0.7085065353304272
0.7085109709276411
0.7085147624796087
0.7085215731807474
0.7233648850046097
0.7233448657753904
0.7233207308760317
0.7233071346337508
0.7381371270577765
0.7381298677979438
0.7381588222642615
0.738190860901126
0.7456237212838384
0.7456293248058431
0.7456335419800063
0.7456407762191557
0.7456505870874204
0.7456691932996885
0.74568915329001
0.7457075191516048
0.7383067463209018
0.7383219555149557
0.7383332418523101
0.7383408521052456
0.7383464017279135
0.835239406376732
0.8352493780144125
0.8352572976547316
0.850101572932207
0.8501110590126469
0.8501197198923566
0.8501264570570123
0.850132929000439
0.8501415150454279
0.8501498106272619
0.8501552360586271
0.8501570296126922
0.8501584363908208
0.85016215514176
0.8501677562800922
0.8427567561170543
0.9719969207727429
0.9720363398921377
0.9720427586175447
0.9942876423372311
0.8650400763743883
0.8649897934933588
0.8649726938595124
0.8946417690191127
0.8946302811237181
0.8946185842196364
0.894613530904399
0.9094480290942908
0.9094398933130253
0.9094306297221344
0.9094261088945487
0.8945888074459323
0.7977140575768451
0.7977247219260557
0.7977379968546219
0.7903349887365734
0.7903517861766706
0.7903666716378046
0.7903776751578424
0.7829676511994088
0.7829748184837926
0.7829762170828013
0.7829710712660786
0.7681301956005507
0.7681335404691432
0.7681404711970131
0.7681470848694393
0.7458987848273986
0.7459156619203295
0.7459331963962217
0.7459201507582764
0.7385295187046422
0.835583927322149
0.8356856928189437
0.8357228277650132
0.8282921546372551
0.7312995842133146
0.7312486450016485
0.7312218586834529
0.7238081349509945
0.7238192055411505
0.7238302139540725
0.7238415741002618
0.7164367131787985
0.7164504255118054
0.7164616244780561
0.7164721612154721
0.7090647922565124
0.7090746651593405
0.7090850807614036
0.7090955438654801
0.7091066266650773
0.7091062454280462
0.7091045665315695
0.7091068461133518
0.7239449669291268
0.7239180154791927
0.72388721894866
0.723868407149015
0.7386934239806914
0.738678871209464
0.7386618285264501
0.7386453907119255
0.7460488025412277
0.7460351071387856
0.7460207008241563
0.7460064969326881
0.7459909943809978
0.745980110257445
0.7459677086947415
0.7459545491093504
0.738523406992504
0.7385164535478436
0.7385095737711174
0.7385009885125154
0.7384947139299146
0.8353714002481354
0.8353603919051139
0.8353470193743842
0.8501715515089099
0.8501605847261995
0.8501467637366268
0.850130602408968
0.85011295918386
0.850098533000593
0.8500854182890292
0.8500672169193056
0.8500478107173176
0.8500293147808017
0.8500125299516047
0.8499954609682809
0.8425621855758549
0.971731931056554
0.9717092294264016
0.9716819097778759
0.9939047754439326
0.86468039037163
0.8646487370149999
0.8646277346511758
0.8942850010901976
0.8942595128805627
0.894228617200691
0.8942008715262547
0.9090121928045126
0.9089885587718648
0.9089702701144721
0.9089593491139183
0.8941183242782786
0.7972394017164809
0.7972472605319931
0.797258746924529
0.7898546114750591
0.7898698524665358
0.7898838582297526
0.7898954172814301
0.7824856852283265
0.7825004306894637
0.7825178136266645
0.7825342843587656
0.7677148710148964
0.7677271492069312
0.7677309225982235
0.7677295315547985
0.7454734270740189
0.7454847982459822
0.7455006709470584
0.745513674493444
0.7381512139865103
0.8352263718543715
0.8353416649052591
0.8353849046553038
0.8279569314230287
0.730959793111177
0.7309097788005582
0.7308846062295502
0.7234722508288842
0.7234833809868756
0.723491595289398
0.723498355975339
0.7160885174341745
0.7160990862387789
0.7161121332786267
0.7161258509013886
0.7087211735056691
0.7087315379412887
0.7087410896609384
0.7087505806973089
0.7087598773535642
0.708760698294955
0.7087621800517179
0.7087686178322303
0.723612835078973
0.7235927242084058
0.7235693218818396
0.7235560895638176
0.7383873204765872
0.7383832372480283
0.7383803839260973
0.7383811292325416
0.7458011157307263
0.7457986412116218
0.7457902579750922
0.7457785759948898
0.7457664135324324
0.7457621216046424
0.7457621251744277
0.7457620133112339
0.7383411625492305
0.7383419456792092
0.7383435445864813
0.7383418838981354
0.7383389905508801
0.8352186919199976
0.835212791703862
0.8352020496549581
0.8500268862427888
0.8500153705471775
0.850002659904302
0.8499862295240727
0.8499718307463799
0.8499619084039687
0.8499523032993241
0.8499418648757979
0.8499306326573671
0.8499163601442755
0.8499005954703492
0.8498867339725096
0.8424557892550483
0.9716005615690975
0.9715586207648729
0.9715261394857602
0.9937535601663531
0.8645523251097113
0.864536624588379
0.8645165946090155
0.8941649738274107
0.8941315999591438
0.8940976526118972
0.8940677853296088
0.9088772154836711
0.9088463821316756
0.9088157108873349
0.9087898727904602
0.8939328855700178
0.7970378507052492
0.7970286175863222
0.7970222277880963
0.789598164545073
0.7895985465220511
0.7896059363147501
0.7896158380907644
0.7822099612072345
0.7822201797511691
0.7822269739147432
0.7822274543741393
0.7673909148844804
0.7673940161136723
0.7673974955495074
0.767399266904642
0.7451473964606299
0.745159659427926
0.745172034056434
0.7451792290803371
0.7378013464908688
0.8348374182005533
0.8349236253949314
0.834950582729505
0.8275130081066585
0.7305278399216959
0.7304840617570424
0.7304608181305234
0.7230475343040359
0.7230579984962643
0.72306508480422
0.7230699147095625
0.7156577806116553
0.7156657783983296
0.715673843655084
0.71568280055989
0.7082746908349836
0.7082827647409872
0.7082898810658599
0.7082973921544572
0.7083047318949227
0.7083040599602134
0.7083027481242313
0.7083063386802998
0.7231478165452052
0.7231283274306979
0.7231059692018907
0.7230961365783626
0.7379330358442115
0.7379315413193359
0.7379737321547043
0.7380140250173501
0.7454452606387882
0.7454440005905786
0.7454405111185014
0.7454379494119302
0.7454352569184621
0.7454358888271256
0.7454370531898166
0.7454358513231474
0.7380126476521839
0.7380097138779365
0.7380073348083914
0.7380032201473384
0.737996389950351
0.8348670252242728
0.8348467154614132
0.8348190702261508
0.8496246993621759
0.849590164014979
0.8495499622273954
0.8495092448426679
0.8494733035664791
0.8494558739966309
0.8494598907922536
0.8494792746361637
0.8495077330864625
0.8495168154274341
0.8495078796518626
0.8494934884902485
0.8420624242974148
0.9712569296827424
0.9712646184340662
0.9712638951766734
0.9935136366452892
0.8643210787530415
0.8643342545126894
0.8643502722223958
0.8940297515929662
0.894025221556809
0.8940203575779543
0.8940190568738748
0.9088540190950002
0.9088501408283236
0.9088501475299029
0.9088552487571702
0.8940032274455386
0.7970330030796052
0.7969771110506582
0.7969642067102859
0.7895539280547116
0.7895623566320156
0.789565613979304
0.7895640382711177
0.782141710901021
0.782147654970009
0.7821599855221998
0.7821730628206858
0.7673500146062253
0.7673620080069526
0.7673708897523274
0.767375276003582
0.7451261830342147
0.7451431957032794
0.745162527960709
0.7451776931691056
0.7378152803935467
0.8348842270242258
0.8349973791420613
0.8350446830312256
0.8276263288828759
0.7306313878731453
0.7305805197911409
0.7305529747948329
0.7231362718115247
0.7231460081233868
0.723155504157753
0.7231651132611203
0.7157584952334697
0.7157712449823638
0.7157846322095667
0.7157974707936924
0.7083925210191101
0.7084046551278284
0.7084149712215502
0.7084259241146763
0.7084379091591
0.7084415053542865
0.708444768790882
0.7084516205521257
0.7232962253418306
0.7232802439849121
0.7232620429383121
0.7232565341762954
0.7380963980186145
0.7381001594876979
0.7381029506661121
0.738106973628204
0.7455307225572888
0.7455366310989534
0.7455427645780527
0.7455491433164991
0.7455550235714961
0.7455654700421097
0.7455754165751931
0.745583285394437
0.7381716013140335
0.7381785033632279
0.7381844822545617
0.7381875627012598
0.7381882669700982
0.8350733129161809
0.8350743178935651
0.8350716695753806
0.8499043777666522
0.8499047055062887
0.8499058420469277
0.8499048128901185
0.8499014739561512
0.8498994425389221
0.8498978854217489
0.8498948756403409
0.8498909589881776
0.8498866139129279
0.8498815540723076
0.849876275050918
0.8424509620912328
0.9716764893785287
0.9717198299514122
0.9717417339281857
0.9940032311600561
0.8647667315143864
0.8647077250451203
0.8646698027652061
0.8943188493198848
0.894293134683439
0.894268031667645
0.8942489274082681
0.9090701856749104
0.9090550994337391
0.909043175860848
0.9090379800751185
0.8942061294136062
0.7973301099067874
0.7973325872636385
0.7973355327563766
0.7899188260561764
0.789923321862944
0.7899289568226665
0.7899326893170884
0.7825146481410759
0.7825220899051423
0.7825343930248223
0.7825472000522484
0.767723929732835
0.7677389680950681
0.7677540587885421
0.7677680444221098
0.7455278833739823
0.7455506209648685
0.745572348205878
0.7455876321762255
0.646024766267952
0.6747659907316027
0.6350014984439366
0.6483069479561804
0.751653406465482
0.6547538824634267
0.6466766388066781
0.6457781780379649
0.6271807858873154
0.6235748948797338
0.6208349667499153
0.590566609337358
0.5552824195426396
0.5530675044384211
0.549676299573766
0.5472979060966798
0.5364196726654161
0.5324098264147836
0.5169525731112875
0.49888281281264224
0.5070570173823794
0.5041209136317912
0.5029952618101449
0.4989568875426034
0.5641202972201584
0.5636930355842321
0.5503805536844482
0.5367072374356068
0.5529293900611941
0.5513583369743918
0.5482966985077248
0.5437825121418958
0.5478736758722085
0.5448302376783593
0.5424501169461213
0.5408602911201212
0.5311807718985039
0.529625962957679
0.5113930607357196
0.5094154591404051
0.5026540957949714
0.5242807715659408
0.5314873358086692
0.5398373066473802
0.7388250858248385
0.8354641394014516
0.8354678992902681
0.8354689582783352
0.8503011176069304
0.8503030419824612
0.850309514785203
0.8503164232265925
0.850320803702769
0.8503228556072963
0.8503222311549175
0.850318924657751
0.8503138658107837
0.8503095435819802
0.8503061035464147
0.8503022135292193
0.8428795078292889
0.9721011654396471
0.9721374129185081
0.9721539694435231
0.9944104269402222
0.865184144517257
0.8651432432095847
0.8651217136274643
0.8947872179839368
0.894772907276966
0.8947543356179983
0.8947379379818868
0.9095594326546995
0.9095424908840319
0.9095300778155992
0.9095249259771315
0.8946879197275136
0.7977966285843529
0.7977781855297797
0.7977721253484199
0.7903529423428716
0.7903607412663533
0.7903732438237406
0.7671816528739791
0.7130299802184207
0.6949151264655516
0.6954382947822519
0.7022055422868939
0.6774693510313617
0.6762122656797386
0.6752083252449491
0.6763653454369176
0.6456797351214626
0.6444001350662579
0.6433017350109282
0.6428223871636817
0.5101147248188589
0.5631251351264589
0.5584216520169367
0.5541249567083653
0.627625700363305
0.5309017496606281
0.5292277838081545
0.5270127720575067
0.5103428071499555
0.4908875017972684
0.4866340084790065
0.48711505085117146
0.4751191607159233
0.47750794432734733
0.48488962360484
0.47824035345703886
0.45618959795162245
0.4524787744499564
0.44922056531094084
0.44627087924568504
0.45059338852129144
0.4480558666616254
0.44411879850167063
0.4408221658769891
0.48517143387817135
0.4810291107908104
0.48346764770477396
0.46927068023242635
0.4963041169638117
0.4965234255792211
0.4958272301643934
0.5014254107483955
0.5025279332931891
0.5038699912319777
0.5036164421353349
0.5083621583771218
0.5043586309102045
0.5041928657057513
0.5044787502254974
0.5013415724944623
0.49376343510703213
0.49363342482830613
0.4962899795109618
0.5015919106545664
0.7390517868503429
0.8356516003372855
0.8356649952918507
0.8356655108431118
0.8504922775584778
0.8504822790025388
0.8504719240220339
0.8504605276917899
0.8504467053987569
0.8504351089038277
0.8504176652539122
0.850404662742329
0.8503927580638743
0.8503804169942732
0.850371702518269
0.8503651255945551
0.842943599407717
0.9721327558299228
0.9721258516011368
0.9721079104396846
0.9943358999332458
0.8651171817371496
0.8650901423591338
0.8650717509510915
0.8947290352638541
0.8947027279041961
0.8946744343140602
0.8946511486830218
0.909467530545825
0.9094453311771715
0.9094264127877649
0.9094135576206096
0.894568320716901
0.7976802625784007
0.7976764765649029
0.7976739088134776
0.7902545090657972
0.7902606328905549
0.7902748057677556
0.790290875422384
0.7828844167407423
0.7828997488149086
0.7829155379321351
0.7829285371427165
0.7681048193968917
0.7681181725327614
0.768129166357149
0.768136568441551
0.7458868220939799
0.7459023291546996
0.7459204545757845
0.7459337339498717
0.6228171840570647
0.7025241332875132
0.6433067409369944
0.6309209284212356
0.7345706003123843
0.6382432259365941
0.6374933307481445
0.6356829100776802
0.6252390192758405
0.6246159468831792
0.6230451148548809
0.6214478698918494
0.6128826377609315
0.6003340950727586
0.5730119419899856
0.5605287751092941
0.549408567380343
0.5482326420536007
0.5431303630492217
0.5274619977152458
0.5330806128378386
0.5297618947285389
0.5142853024026934
0.5110557223023843
0.5790151394865043
0.5885497516649552
0.5981928199978972
0.6015235575641396
0.6246445594810025
0.6484076840749408
0.6895098157478682
0.738782270970341
0.7461268427773107
0.7460960413215184
0.7460746278887481
0.7460605494352974
0.7460492347089988
0.7460393739585912
0.7460270257114039
0.7460101891419093
0.7385781783302297
0.738564222744831
0.7385519162849512
0.738539690174132
0.7385296230235889
0.8354018464688922
0.8353869272397493
0.8353688471674683
0.8501857585549679
0.8501598184626281
0.8505189215860282
0.8520265246304454
0.8520635111794905
0.8521102701707984
0.8521642265263983
0.8522244801541805
0.8521160213764111
0.8520071573459527
0.8518983712051711
0.8517896274526505
0.8435943170000539
0.9719603917083174
0.9714062004161729
0.971381018228439
0.9936324359310088
0.8644685092640381
0.8644778866372496
0.8644686826862601
0.8941234652430516
0.894097580507948
0.8940711296591426
0.8940483919242111
0.9088642304696585
0.908862696997597
0.9088951477566672
0.9089506498497125
0.8941735631639514
0.7973239687010415
0.7973315439479425
0.7973336741685162
0.7899199825839471
0.7899292275905041
0.7899415094256409
0.7899517190094306
0.7825404200130679
0.7825528053686861
0.7825644163258464
0.7825735754499564
0.7677470401900766
0.767756048476547
0.7677618559574546
0.7677645632412028
0.7455135326086546
0.7455290349222582
0.7455444214501035
0.7455551928901886
0.738175657082657
0.8351848504771845
0.8352326924690888
0.8352698865060999
0.8278448487598761
0.730847866339014
0.7307808863901966
0.7307635702234287
0.7233498683536342
0.7233581617460962
0.7233624083647108
0.7233652415851475
0.7159523620863121
0.7159565585070723
0.715960895403847
0.7159660284789953
0.7085535067066703
0.7085591785462938
0.7085656557167542
0.7085741542449683
0.7085853771342885
0.7085854887813479
0.7085839355757604
0.7085868744613771
0.7234260300713102
0.7233986893812502
0.723362938235699
0.7233367644378417
0.7381546242665797
0.7381307802429192
0.7381037007132908
0.7380788017695824
0.7454740162218949
0.7454542395548169
0.7454346416013077
0.7454185807244876
0.7454007671486444
0.745388883963127
0.7453769690001836
0.7453631632781721
0.7379324083791481
0.7379232622410606
0.7379133059176415
0.7379014721301033
0.7378900648648058
0.8352663229491254
0.8362204519428511
0.8372241653275121
0.8537041370701207
0.8554748297926362
0.8573697772254433
0.8593924020265861
0.857689035043752
0.8561016473655831
0.8546180579563843
0.8532258894834828
0.8530374990454808
0.8528453226516838
0.8526503214502271
0.8524553728474985
0.8460812283026454
0.9762451260939159
0.9773249865776061
0.9785126799694842
1.0
0.8702289758019407
0.8696565610272933
0.8690351514681816
0.8981896040608691
0.8976711632991647
0.8971713318680122
0.8966914680323046
0.9101865178390001
0.9089443694553151
0.9079734108110676
0.9079623413144499
0.8931180782093859
0.7962324837409164
0.7962307266904682
0.7962330496944326
0.7888203507782263
0.7888285375836502
0.7888386355522796
0.7888454743403667
0.7814335636310492
0.78143346336603
0.781425644139656
0.7814130267593746
0.766565226241411
0.7665615434358183
0.7665629208140209
0.7665650158276531
0.7443138692174314
0.7443252151477898
0.7443366257324285
0.744342246561276
0.7369536125382586
0.8339529339890429
0.8340170687720958
0.8340379370051394
0.8266280890366564
0.7296735801349218
0.7296163352782412
0.7295988282548489
0.72218852222546
0.7222009246326078
0.7222095487242662
0.7222156204349637
0.7148036857252886
0.7148104208986861
0.714817603507303
0.714824843360479
0.7074136613629112
0.7074192916843673
0.7074246349111406
0.7074305347800057
0.707436562798794
0.7074360822166362
0.7074365175436186
0.7074410808613523
0.7222816720775689
0.7222603503003634
0.7222355229699112
0.7222187112340619
0.7370444894748717
0.7370317087241564
0.7370166946916916
0.7370024602107861
0.7444067875192409
0.7443936854732432
0.7443818924768706
0.7443712321594985
0.744362071908256
0.7443553183901587
0.7443481736247471
0.7443384535029401
0.7369125814579739
0.7369037104071021
0.7368962076390065
0.7368924527247513
0.7368913978874461
0.8337684795896526
0.8337595091129054
0.8337513746346423
0.8485843302545624
0.8485843302545624
0.8485843302545624
0.8485843302545624
0.8485843302545624
0.8485843302545624
0.8485843302545624
0.8485843302545624
0.8490650186916645
0.8496759162308696
0.8503126765615824
0.8509754475684883
0.8432230513651985
0.9720812727003847
0.9717596505635662
0.9714445123696719
0.993528594906802
0.864175002338535
0.8640096736390617
0.8638462598699059
0.8933691433740295
0.8932226316953749
0.8930908297781498
0.8930908297781498
0.9079263296193455
0.9079263296193455
0.9079263296193455
0.9079263296193455
0.8930908297781498
0.7962118588262148
0.7962118588262148
0.7962118588262148
0.7887941089056171
0.7887941089056171
0.7887941089056171
0.7887941089056171
0.781376358985019
0.781376358985019
0.781376358985019
0.781376358985019
0.7665408591438231
0.7665408591438231
0.7665408591438231
0.7665408591438231
0.7442876093820293
0.7442876093820293
0.7442876093820293
0.7442876093820293
0.7368698594614315
0.8337596190059817
0.8337596190059817
0.8337596190059817
0.8263418690853839
0.7294521095408336
0.7294521095408336
0.7294521095408336
0.7220343596202358
0.7220343596202358
0.7220343596202358
0.7220343596202358
0.7146166096996378
0.7146166096996378
0.7146166096996378
0.7146166096996378
0.70719885977904
0.70719885977904
0.70719885977904
0.70719885977904
0.70719885977904
0.70719885977904
0.70719885977904
0.70719885977904
0.7220343596202358
0.7220343596202358
0.7220343596202358
0.7220343596202358
0.7368698594614315
0.7368698594614315
0.7368698594614315
0.7368698594614315
0.744334175967574
0.7444058985460137
0.7444150611335518
0.7443945242726177
0.7443761848287614
0.7443699161585606
0.7443644012913432
0.7443515336308403
0.7369074705079643
0.7368830762044546
0.736872636367018
0.7368698594614315
0.7368698594614315
0.8337488304133664
0.8337488304133664
0.8337488304133664
0.8485843302545624
0.8485843302545624
0.8485843302545624
0.8485843302545624
0.8485843302545624
0.8485843302545624
0.8485843302545624
0.8485843302545624
0.8485843302545624
0.8485843302545624
0.8487161321717874
0.8490107600287102
0.8411665803339643
0.9703529263933647
0.9703529263933647
0.9703529263933647
0.9926061761551584
0.8634198300957581
0.8634198300957581
0.8634198300957581
0.8930908297781498
0.8930908297781498
0.8930908297781498
0.8930908297781498
0.9079263296193455
0.9079263296193455
0.9079263296193455
0.9079263296193455
0.8930908297781498
0.7962118588262148
0.7962118588262148
0.7962118588262148
0.7888161736789434
0.7888470215866014
0.7888746301240969
0.788896650288709
0.781496296409124
0.7815150824979146
0.7815310344909262
0.7815427488687708
0.7667169448331781
0.7667356860970911
0.7667589986044673
0.7667810153816519
0.744548419174478
0.7445772010584228
0.7446047506203969
0.744627675932656
0.7372640701788121
0.8342870227178439
0.8343327720561396
0.8343666329481901
0.8269291636621318
0.7298984393437008
0.7298172874429121
0.7297963277810243
0.7223846925133987
0.7223951214004085
0.7224006037356622
0.7224036938688597
0.7149895261223512
0.7149968304659671
0.715006476508096
0.7150175712229908
0.7076111865431619
0.7076231082602711
0.7076361439595161
0.7076492331096378
0.7076628985057981
0.7076690158885974
0.7076743561428877
0.7076832985459378
0.7225276873858213
0.7225117235310633
0.7224932261135488
0.7224837912551958
0.7373168925739062
0.7373138792291751
0.7373107742500064
0.7373097130166315
0.7447286448874685
0.7447329472123256
0.7447391968201541
0.7447439404012351
0.7447463334466489
0.7447488627664778
0.7447482581969607
0.7447444671342881
0.7373204288392672
0.737319200337239
0.7373209225177147
0.7373215595056056
0.7373207037154512
0.8342023341346855
0.8341987935570412
0.8341913324839803
0.849018695100959
0.8490122940923241
0.8490060821131545
0.8489983267373248
0.8489876070625634
0.8489811528172452
0.8489777434066522
0.8489750532193988
0.8489716625046194
0.8489669937718862
0.8489613450956724
0.8489547133412078
0.8415283741652727
0.9707319241208365
0.9707449289096166
0.9707403573608179
0.9929758009378271
0.8637493209111794
0.8637127313962079
0.8636894791970458
0.8933448762145082
0.8933217134153228
0.8932981110731211
0.8932789792177029
0.9080993438158022
0.9080831225596172
0.9080715846867565
0.9080675405014694
0.8932328521619367
0.7963590838528088
0.7963706369731094
0.7963832408119368
0.7889769035026545
0.788992099975483
0.78901029447517
0.7890281828875038
0.78162422398292
0.7816362882657746
0.7816444172417512
0.7816481352715673
0.7668144850984134
0.7668214333600962
0.7668304520235364
0.7668385309958015
0.7445917670411509
0.7446070479109257
0.7446232638284942
0.7446357948439372
0.7372660029097303
0.834315005147053
0.8344166259894625
0.8344580784200822
0.8270630003793149
0.7301539307789946
0.7301388053240837
0.7301415608477454
0.7227339435126358
0.7227546144376233
0.722782144914608
0.722811724039076
0.7154230065682442
0.7154457726253288
0.7154630123479824
0.7154786123459851
0.7080749386787843
0.7080882311641149
0.7081007199033637
0.7081127428879627
0.7081234630620337
0.7081274453851538
0.7081334514854546
0.70814451072458
0.7229903188480317
0.722971778443273
0.7229500831200198
0.7229403217154868
0.7377748700899665
0.7377718401873699
0.7377690127316878
0.7377699199833435
0.7451929066818662
0.7451972339425365
0.7451977404318864
0.7451942829090539
0.7451858438500399
0.7451840210013324
0.7451864171074732
0.7451828690550516
0.7377530776404891
0.7377409375126681
0.7377269928129283
0.7377090529343604
0.7376875502291943
0.8345611859850092
0.8345653231632735
0.8345735809698939
0.8494203222778449
0.8494211566073375
0.8494099025128967
0.849391772807985
0.8493726775397964
0.8493571938207802
0.8493457564461239
0.8493352049432349
0.8493239750043415
0.8493184193751195
0.8493317591041366
0.8493668245146291
0.8419983647730592
0.9712204509952823
0.9712209004168297
0.9711992949519915
0.9934221656084694
0.8642455746150777
0.8643019513132981
0.8643744293594166
0.8940852837101284
0.894088225643367
0.894084185817436
0.894085594301977
0.908926354886797
0.9089249460678817
0.9089225097777979
0.9089216241619416
0.8940865381850566
0.7972087457051323
0.7972131587863222
0.7972174540939471
0.7898047164560775
0.7898151766270408
0.7898294350617551
0.7898400693121185
0.7824285663031846
0.7824353953286038
0.7824397009142936
0.7824403994404283
0.7676044113795836
0.7676127001030346
0.767627678555148
0.7676432585173335
0.7454040355839491
0.745421925938118
0.7454323784053865
0.7454362784047195
0.7380476351780733
0.8350483496767073
0.8350915258673577
0.8351208985602776
0.8276923588860192
0.7307109610543352
0.7306542964840655
0.7306426974764954
0.7232359629098257
0.7232496373777549
0.723257641982464
0.7232627811171592
0.7158499649261265
0.7158565110797509
0.715864235596955
0.7158729652149074
0.7084648923227993
0.7084731907809017
0.7084812398852444
0.7084896245362456
0.7084977604116567
0.708496082701838
0.7084938479990188
0.7084961618265145
0.7233352271923816
0.7233128379816979
0.7232900864466407
0.723280987731405
0.7381166373934273
0.7381097724149472
0.7380975213764844
0.7380842290559964
0.74549045459789
0.7454780803021903
0.7454643981045395
0.7454500772843641
0.7454348448642595
0.7454243067901147
0.745415660167038
0.7454062147181467
0.7379776008653192
0.7379718303511781
0.7379688698368645
0.7379663035197096
0.7379631988937919
0.8348442961808172
0.8348416781048155
0.8348356114066162
0.8496640086078794
0.8496589774628001
0.849653758926607
0.8496470549454666
0.8496382921042211
0.849631019500444
0.8496244855442817
0.8496170779763323
0.8496078455956587
0.8495981346245199
0.8495882938595536
0.8495775230090057
0.8421457414795157
0.9713313903378996
0.971331424417448
0.971326134005081
0.9935697564330341
0.8643528136659627
0.8643221485227107
0.8643008922379134
0.8939564903386265
0.8939333438148329
0.8939094838501667
0.8938910520460467
0.9087126574611634
0.9086968883304785
0.9086851074748398
0.9086793649378723
0.8938418289345488
0.7969647895753063
0.7969722128311979
0.7969818052328677
0.7895732278037733
0.7895818605119084
0.7895885680108837
0.7895913245491579
0.7821717631974793
0.782177518549088
0.7821876368988383
0.782197247719332
0.7673700541607299
0.767381542505555
0.767392381391504
0.7674002469531939
0.7451528784124252
0.745170823672254
0.7451916767381516
0.7452083630557398
0.7378432805741229
0.8348958103342232
0.8350005822665
0.8350438099914227
0.8276504320520954
0.7307186407759971
0.7306914022204731
0.7307019431951044
0.7233119086778348
0.7233379191364185
0.7233577246569958
0.7233741068593504
0.7159723631419603
0.7159863910698165
0.7159968206865712
0.7160054170910025
0.7085959203605072
0.7086098139973982
0.708628730112188
0.7086480376799229
0.7086676157466306
0.7086751507016614
0.7086788450453309
0.708685116794537
0.723527864544488
0.7235076092904221
0.7234858173040738
0.7234736138366011
0.7383020767376223
0.7382837718520555
0.7382563368883343
0.7382276770298994
0.7456193120575499
0.7455980896256723
0.7455817082818565
0.7455688809288209
0.7455594051173621
0.7455382274390961
0.7455078576067041
0.7454739938760669
0.738023723730135
0.7379969629074431
0.7379754888910814
0.7379577908706263
0.7379430949426931
0.8348099985833449
0.8347901091491644
0.8347682580120778
0.8500926585077341
0.8507130513119594
0.8513566891387635
0.8520270179454851
0.8516401382908272
0.8512680869659045
0.8509102262191722
0.850562303319426
0.8500480574807744
0.8495500343434178
0.8493669535274427
0.8493510867957793
0.8419215335772949
0.9710599611576722
0.9711381519918152
0.971392838512464
0.9931624825098547
0.8639750782533285
0.8639831859134075
0.8639820367046869
0.8936462908768745
0.8936308133003615
0.8936319142594794
0.8936517349535611
0.9085188409651882
0.9085568189848873
0.9085997673495649
0.9086443203429682
0.8938529364711557
0.7970304112251914
0.7970982394995603
0.7971613529357854
0.7897866826026531
0.789815586593038
0.7898389226902034
0.7898574851695559
0.7824534019501119
0.782463207072536
0.7824646920537284
0.7824593777434651
0.7676160028920098
0.7676157979677322
0.7676183732441932
0.7676185255742675
0.7453644536227383
0.745376037235456
0.7453886856196997
0.745396285201132
0.7379841002617088
0.834956979114921
0.8350271900402735
0.8350558067561763
0.82761768712529
0.7306024871125474
0.7305221949968909
0.7304990085510213
0.7230821619436957
0.7230885853027474
0.7230915739928403
0.7230924498201806
0.7156761752552631
0.71567996878009
0.7156849731971906
0.7156904851230075
0.7082803723166545
0.7082866091475142
0.7082913800929789
0.7082950268993294
0.7082994347713345
0.7082964724214366
0.7082935831338211
0.708294955779703
0.7231350660551317
0.7231104028227121
0.7230778952666106
0.7230532466420546
0.7378722922172322
0.7378499628921327
0.7378225750282662
0.7377957433904987
0.7451896028089572
0.7451692211337697
0.745149040845112
0.7451315344010918
0.7451130638566268
0.7451010110449267
0.7450880832927443
0.7450738890656613
0.7376433117371316
0.7376327707508301
0.7377578587775618
0.7380502124569461
0.7382067198988735
0.8352477056406916
0.8354040642888676
0.8355600857063339
0.8519146260695546
0.853560569120255
0.8553318198117786
0.857230999456855
0.8583311664500833
0.8594733716484961
0.8606531590002635
0.861870449659637
0.86088725307182
0.8599446038559907
0.8590399621885335
0.8581511982075892
0.8497349643279889
0.9783617261979134
0.9778132596313361
0.9772758594446689
0.9979116290566818
0.8672151393202675
0.865810947409684
0.8645114160720654
0.8940975918699254
0.8940132485297935
0.8939293853681792
0.8938460020209268
0.9084614892776232
0.9082448793213905
0.9080316652648623
0.9079263296193455
0.8930908297781498
0.7962118588262148
0.7962118588262148
0.7962118588262148
0.7887941089056171
0.7887941089056171
0.7887941089056171
0.7887941089056171
0.781376358985019
0.781376358985019
0.781376358985019
0.781376358985019
0.7665408591438231
0.7665408591438231
0.7665408591438231
0.7665408591438231
0.7442876093820293
0.7442876093820293
0.7442876093820293
0.7442876093820293
0.7368698594614315
0.8337596190059817
0.8337596190059817
0.8337596190059817
0.8263418690853839
0.7294521095408336
0.7294521095408336
0.7294521095408336
0.7220343596202358
0.7220343596202358
0.7220343596202358
0.7220343596202358
0.7146166096996378
0.7146166096996378
0.7146166096996378
0.7146166096996378
0.70719885977904
0.70719885977904
0.70719885977904
0.70719885977904
0.70719885977904
0.70719885977904
0.70719885977904
0.70719885977904
0.7220343596202358
0.7220343596202358
0.7220343596202358
0.7220343596202358
0.7368698594614315
0.7368698594614315
0.7368698594614315
0.7368698594614315
0.7442876093820293
0.7442876093820293
0.7442876093820293
0.7442876093820293
0.7442876093820293
0.7442876093820293
0.7442876093820293
0.7442876093820293
0.7368698594614315
0.7368698594614315
0.7368698594614315
0.7368698594614315
0.7368698594614315
0.8337488304133664
0.8337488304133664
0.8337488304133664
0.8485843302545624
0.8485843302545624
0.8485843302545624
0.8485843302545624
0.8485843302545624
0.8485843302545624
0.8485843302545624
0.8485843302545624
0.8485843302545624
0.8487426514134087
0.849201595522423
0.8496759162308696
0.8424292571847349
0.9717886207302749
0.9719635678181203
0.9721404475261335
0.994393697287927
0.8652073512285268
0.8652073512285268
0.8652073512285268
0.8947014712029054
0.8945265241150601
0.8943535066289202
0.894182415754457
0.9084070180564476
0.9079263296193455
0.9079263296193455
0.9079263296193455
0.8930908297781498
0.7962118588262148
0.7962118588262148
0.7962118588262148
0.7887941089056171
0.7887941089056171
0.7887941089056171
0.7887941089056171
0.781376358985019
0.781376358985019
0.781376358985019
0.781376358985019
0.7665408591438231
0.7665408591438231
0.7665408591438231
0.7665408591438231
0.7442876093820293
0.7442876093820293
0.7442876093820293
0.7442876093820293
0.7368698594614315
0.8337596190059817
0.8337596190059817
0.8337596190059817
0.8263418690853839
0.7294521095408336
0.7294521095408336
0.7294521095408336
0.7220343596202358
0.7220343596202358
0.7220343596202358
0.7220343596202358
0.7146166096996378
0.7146166096996378
0.7146166096996378
0.7146166096996378
0.70719885977904
0.70719885977904
0.70719885977904
0.70719885977904
0.70719885977904
0.70719885977904
0.70719885977904
0.70719885977904
0.7220343596202358
0.7220343596202358
0.7220343596202358
0.7220343596202358
0.7368698594614315
0.7368698594614315
0.7368698594614315
0.7368698594614315
0.7442876093820293
0.7442876093820293
0.7442876093820293
0.7442876093820293
0.7442876093820293
0.7442876093820293
0.7442876093820293
0.7442876093820293
0.7368698594614315
0.7368698594614315
0.7368698594614315
0.7368698594614315
0.7368698594614315
0.8337488304133664
0.8337488304133664
0.8337488304133664
0.8485843302545624
0.8485843302545624
0.8485843302545624
0.8485843302545624
0.8485843302545624
0.8485843302545624
0.8485843302545624
0.8490107600287102
0.8490107600287102
0.8490107600287102
0.8490107600287102
0.8490107600287102
0.8412983822511895
0.9703529263933647
0.9703529263933647
0.9703529263933647
0.9926061761551584
0.8634198300957581
0.8634198300957581
0.8634198300957581
0.8930908297781498
0.8930908297781498
0.8930908297781498
0.8930908297781498
0.9079263296193455
0.9079263296193455
0.9079263296193455
0.9079263296193455
0.8930908297781498
0.7962118588262148
0.7962118588262148
0.7962118588262148
0.7887941089056171
0.7887941089056171
0.7887941089056171
0.7887941089056171
0.781376358985019
0.781376358985019
0.781376358985019
0.781376358985019
0.7665408591438231
0.7665408591438231
0.7665408591438231
0.7665408591438231
0.7442876093820293
0.7442876093820293
0.7442876093820293
0.7442876093820293
0.7368698594614315
0.8337596190059817
0.8337596190059817
0.8337596190059817
0.8263418690853839
0.7294521095408336
0.7294521095408336
0.7294521095408336
0.7220343596202358
0.7220343596202358
0.7220343596202358
0.7220343596202358
0.7146166096996378
0.7146166096996378
0.7146166096996378
0.7146166096996378
0.70719885977904
0.70719885977904
0.70719885977904
0.70719885977904
0.70719885977904
0.70719885977904
0.70719885977904
0.70719885977904
0.7220343596202358
0.7220343596202358
0.7220343596202358
0.7220343596202358
0.7368698594614315
0.7368698594614315
0.7368698594614315
0.7368698594614315
0.7442876093820293
0.7442876093820293
0.7442876093820293
0.7442876093820293
0.7442876093820293
0.7442876093820293
0.7442876093820293
0.7442876093820293
0.7368698594614315
0.7368698594614315
0.7368698594614315
0.7368698594614315
0.7368698594614315
0.8337488304133664
0.8337488304133664
0.8337488304133664
0.8485843302545624
0.8485843302545624
0.8485843302545624
0.8485843302545624
0.8485843302545624
0.8485843302545624
0.8485843302545624
0.8485843302545624
0.8485843302545624
0.8485843302545624
0.8485843302545624
0.8485843302545624
0.8411665803339643
0.9703529263933647
0.9703529263933647
0.9703529263933647
0.9926061761551584
0.8634198300957581
0.8634198300957581
0.8634198300957581
0.8930908297781498
0.8930908297781498
0.8930908297781498
0.8930908297781498
0.9079263296193455
0.9079263296193455
0.9079263296193455
0.9079263296193455
0.8930908297781498
0.7962118588262148
0.7962118588262148
0.7962118588262148
0.7887941089056171
0.7887941089056171
0.7887941089056171
0.7887941089056171
0.781376358985019
0.781376358985019
0.781376358985019
0.781376358985019
0.7665408591438231
0.7665408591438231
0.7665408591438231
0.7665408591438231
0.7442876093820293
0.7442876093820293
0.7442876093820293
0.7442876093820293
0.7368698594614315
0.8337596190059817
0.8337596190059817
0.8337596190059817
0.8263418690853839
0.7294521095408336
0.7294521095408336
0.7294521095408336
0.7220343596202358
0.7220343596202358
0.7220343596202358
0.7220343596202358
0.7146166096996378
0.7146166096996378
0.7146166096996378
0.7146166096996378
0.70719885977904
0.70719885977904
0.70719885977904
0.70719885977904
0.70719885977904
0.70719885977904
0.70719885977904
0.70719885977904
0.7220343596202358
0.7220343596202358
0.7220343596202358
0.7220343596202358
0.7368698594614315
0.7368698594614315
0.7368698594614315
0.7368698594614315
0.7442876093820293
0.7442876093820293
0.7442876093820293
0.7442876093820293
0.7442876093820293
0.7442876093820293
0.7442876093820293
0.7442876093820293
0.7368698594614315
0.7368698594614315
0.7368698594614315
0.7368698594614315
0.7368698594614315
0.8337488304133664
0.8337488304133664
0.8337488304133664
0.8485843302545624
0.8485843302545624
0.8485843302545624
0.8485843302545624
0.8485843302545624
0.8485843302545624
0.8485843302545624
0.8485843302545624
0.8485843302545624
0.8485843302545624
0.8485843302545624
0.8485843302545624
0.8411665803339643
0.9703529263933647
0.9703529263933647
0.9703529263933647
0.992632430676071
0.8635781512546045
0.8637115424645392
0.8638462598699059
0.8934497349732212
0.8933825421469307
0.893315680869298
0.8932491509369962
0.9079263296193455
0.9079263296193455
0.9079263296193455
0.9079263296193455
0.8930908297781498
0.7962118588262148
0.7962118588262148
0.7962118588262148
0.7887941089056171
0.7887941089056171
0.7887941089056171
0.7887941089056171
0.781376358985019
0.781376358985019
0.781376358985019
0.781376358985019
0.7665408591438231
0.7665408591438231
0.7665408591438231
0.7665408591438231
0.7442876093820293
0.7442876093820293
0.7442876093820293
0.7442876093820293
0.7368698594614315
0.8337596190059817
0.8337596190059817
0.8337596190059817
0.8263418690853839
0.7294521095408336
0.7294521095408336
0.7294521095408336
0.7220343596202358
0.7220343596202358
0.7220343596202358
0.7220343596202358
0.7146166096996378
0.7146166096996378
0.7146166096996378
0.7146166096996378
0.70719885977904
0.70719885977904
0.70719885977904
0.70719885977904
0.70719885977904
0.70719885977904
0.70719885977904
0.70719885977904
0.7220343596202358
0.7220343596202358
0.7220343596202358
0.7220343596202358
0.7368698594614315
0.7368698594614315
0.7368698594614315
0.7368698594614315
0.7442876093820293
0.7442876093820293
0.7442876093820293
0.7442876093820293
0.7442876093820293
0.7442876093820293
0.7442876093820293
0.7442876093820293
0.7368698594614315
0.7368698594614315
0.7368698594614315
0.7368698594614315
0.7368698594614315
0.8337488304133664
0.8337488304133664
0.8337488304133664
0.8485843302545624
0.8485843302545624
0.8485843302545624
0.8485843302545624
0.8485843302545624
0.8485843302545624
0.8485843302545624
0.8485843302545624
0.8485843302545624
0.8485843302545624
0.8485843302545624
0.8485843302545624
0.8411665803339643
0.9703529263933647
0.9703529263933647
0.9707793561675127
0.9928978885239395
0.8635781512546045
0.8634460846166707
0.8634198300957581
0.8930908297781498
0.8930908297781498
0.8930908297781498
0.8930908297781498
0.9079263296193455
0.9079263296193455
0.9079263296193455
0.9079263296193455
0.8930908297781498
0.7962118588262148
0.7962118588262148
0.7962118588262148
0.7887941089056171
0.7887941089056171
0.7887941089056171
0.7887941089056171
0.781376358985019
0.781376358985019
0.781376358985019
0.781376358985019
0.7665408591438231
0.7665408591438231
0.7665408591438231
0.7665408591438231
0.7442876093820293
0.7442876093820293
0.7442876093820293
0.7442876093820293
0.7368698594614315
0.8337596190059817
0.8337596190059817
0.8337596190059817
0.8263418690853839
0.7294521095408336
0.7294521095408336
0.7294521095408336
0.7220343596202358
0.7220343596202358
0.7220343596202358
0.7220343596202358
0.7146166096996378
0.7146166096996378
0.7146166096996378
0.7146166096996378
0.70719885977904
0.70719885977904
0.70719885977904
0.70719885977904
0.70719885977904
0.70719885977904
0.70719885977904
0.70719885977904
0.7220343596202358
0.7220343596202358
0.7220343596202358
0.7220343596202358
0.7368698594614315
0.7368698594614315
0.7368698594614315
0.7368698594614315
0.7442876093820293
0.7442876093820293
0.7442876093820293
0.7442876093820293
0.7442876093820293
0.7442876093820293
0.7442876093820293
0.7442876093820293
0.7368698594614315
0.7368698594614315
0.7368698594614315
0.7368698594614315
0.7370547528447386
0.8342295188504686
0.8345317438149288
0.8348404163896739
0.8504908463741344
0.8513479767430029
0.8522476275484397
0.853190133520503
0.8529845429515738
0.8527809327295486
0.8525792993844016
0.8523796394790718
0.8527471899821357
0.853121383076749
0.8535022401970683
0.8538897831560858
0.8466862462252182
0.9760888046989821
0.9763070202248268
0.9765272425845487
0.9983782845100336
0.8687964653950305
0.8684077044553855
0.8680256333616988
0.8977828810902859
0.8978694738096651
0.8979564114583896
0.8980436942936431
0.9116390288449396
0.9104717199757689
0.9093765291387345
0.9083527593934935
0.8935172595522978
0.7966382886003628
0.7966382886003628
0.7966382886003628
0.7898573668372685
0.790522455212637
0.7912159726564472
0.7919380942633237
0.7852380024510319
0.7859821622509595
0.7867529942842915
0.7875506751762029
0.7689627228946533
0.7665408591438231
0.7665408591438231
0.7665408591438231
0.7442876093820293
0.7442876093820293
0.7442876093820293
0.7442876093820293
0.7368698594614315
0.8337596190059817
0.8337596190059817
0.8337596190059817
0.8263418690853839
0.7294521095408336
0.7294521095408336
0.7294521095408336
0.7220343596202358
0.7220343596202358
0.7220343596202358
0.7220343596202358
0.7146166096996378
0.7146166096996378
0.7146166096996378
0.7146166096996378
0.70719885977904
0.70719885977904
0.70719885977904
0.70719885977904
0.70719885977904
0.70719885977904
0.70719885977904
0.70719885977904
0.7220343596202358
0.7220343596202358
0.7220343596202358
0.7220343596202358
0.7368698594614315
0.7368698594614315
0.7368698594614315
0.7368698594614315
0.7442876093820293
0.7444459305408758
0.74490487464989
0.7453791953583366
0.7461941255016014
0.7470512558704699
0.7479509066759067
0.74889341264797
0.7407315029274445
0.7400138448191383
0.7393225237202878
0.7386573805942003
0.7386573805942003
0.8355363515461353
0.8355363515461353
0.8355363515461353
0.8508530022396199
0.8513479767430029
0.8518568352045838
0.8523796394790718
0.8533282958211726
0.8543202085601797
0.8553557459564303
0.8564352931371148
0.8545384240860244
0.8527809327295486
0.8511607375503726
0.8496759162308696
0.8422581663102716
0.9714445123696719
0.9714445123696719
0.9714445123696719
0.9936977621314657
0.8645114160720654
0.8645114160720654
0.8645114160720654
0.8940975918699254
0.8940132485297935
0.8939293853681792
0.8938460020209268
0.9080052519501612
0.9079263296193455
0.9079263296193455
0.9079263296193455
0.8930908297781498
0.7962118588262148
0.7962118588262148
0.7962118588262148
0.7887941089056171
0.7887941089056171
0.7887941089056171
0.7887941089056171
0.781376358985019
0.781376358985019
0.781376358985019
0.781376358985019
0.7665408591438231
0.7665408591438231
0.7665408591438231
0.7665408591438231
0.7442876093820293
0.7442876093820293
0.7442876093820293
0.7442876093820293
0.7368698594614315
0.8337596190059817
0.8337596190059817
0.8337596190059817
0.8263418690853839
0.7294521095408336
0.7294521095408336
0.7294521095408336
0.7220343596202358
0.7220343596202358
0.7220343596202358
0.7220343596202358
0.7146166096996378
0.7146166096996378
0.7146166096996378
0.7146166096996378
0.70719885977904
0.70719885977904
0.70719885977904
0.70719885977904
0.70719885977904
0.70719885977904
0.70719885977904
0.70719885977904
0.7220343596202358
0.7220343596202358
0.7220343596202358
0.7220343596202358
0.7368698594614315
0.7368698594614315
0.7368698594614315
0.7368698594614315
0.7442876093820293
0.7442876093820293
0.7442876093820293
0.7442876093820293
0.7442876093820293
0.7442876093820293
0.7442876093820293
0.7442876093820293
0.7368698594614315
0.7368698594614315
0.7368698594614315
0.7368698594614315
0.7368698594614315
0.8337488304133664
0.8337488304133664
0.8337488304133664
0.8490650186916645
0.8496759162308696
0.8503126765615824
0.8509754475684883
0.8511607375503726
0.8513479767430029
0.851537168351671
0.851728315612269
0.8490922277258806
0.8485843302545624
0.8485843302545624
0.8485843302545624
0.8411665803339643
0.9703529263933647
0.9703529263933647
0.9703529263933647
0.9926061761551584
0.8634198300957581
0.8634198300957581
0.8634198300957581
0.8930908297781498
0.8930908297781498
0.8930908297781498
0.8930908297781498
0.9079263296193455
0.9079263296193455
0.9079263296193455
0.9079263296193455
0.8930908297781498
0.7962118588262148
0.7962118588262148
0.7962118588262148
0.7887941089056171
0.7887941089056171
0.7887941089056171
0.7887941089056171
0.781376358985019
0.781376358985019
0.781376358985019
0.781376358985019
0.7665408591438231
0.7665408591438231
0.7665408591438231
0.7665408591438231
0.7442876093820293
0.7442876093820293
0.7442876093820293
0.7442876093820293
0.7368698594614315
0.8337596190059817
0.8337596190059817
0.8337596190059817
0.8263418690853839
0.7294521095408336
0.7294521095408336
0.7294521095408336
0.7220343596202358
0.7220343596202358
0.7220343596202358
0.7220343596202358
0.7146166096996378
0.7146166096996378
0.7146166096996378
0.7146166096996378
0.70719885977904
0.70719885977904
0.70719885977904
0.70719885977904
0.70719885977904
0.70719885977904
0.70719885977904
0.70719885977904
0.7220343596202358
0.7220343596202358
0.7220343596202358
0.7220343596202358
0.7368698594614315
0.7368698594614315
0.7368698594614315
0.7368698594614315
0.7442876093820293
0.7442876093820293
0.7442876093820293
0.7442876093820293
0.7442876093820293
0.7442876093820293
0.7442876093820293
0.7442876093820293
0.7368698594614315
0.7368698594614315
0.7368698594614315
0.7368698594614315
0.7368698594614315
0.8337488304133664
0.8337488304133664
0.8337488304133664
0.8485843302545624
0.8485843302545624
0.8485843302545624
0.8485843302545624
0.8485843302545624
0.8485843302545624
0.8487161321717874
0.8490107600287102
0.8497897628927232
0.8506107025669584
0.8514738873478863
0.8523796394790718
0.8455327205640035
0.9753057909088579
0.9759084887389493
0.9765272425845487
0.9989655466878947
0.8699656534081694
0.8701535068378086
0.8703427631470624
0.8995059892084896
0.899008415092811
0.8985209974817407
0.8980436942936431
0.9120386781530583
0.911231100617565
0.910456231805716
0.9097138507521143
0.8943822090037334
0.7970225666723868
0.796557298922349
0.7962118588262148
0.7887941089056171
0.7887941089056171
0.7887941089056171
0.7887941089056171
0.781376358985019
0.781376358985019
0.781376358985019
0.781376358985019
0.7665408591438231
0.7665408591438231
0.7665408591438231
0.7665408591438231
0.7442876093820293
0.7442876093820293
0.7442876093820293
0.7442876093820293
0.7368698594614315
0.8337596190059817
0.8337596190059817
0.8337596190059817
0.8263418690853839
0.7294521095408336
0.7294521095408336
0.7294521095408336
0.7220343596202358
0.7220343596202358
0.7220343596202358
0.7220343596202358
0.7146166096996378
0.7146166096996378
0.7146166096996378
0.7146166096996378
0.70719885977904
0.70719885977904
0.70719885977904
0.70719885977904
0.70719885977904
0.70719885977904
0.70719885977904
0.70719885977904
0.7220343596202358
0.7220343596202358
0.7220343596202358
0.7220343596202358
0.7368698594614315
0.7368698594614315
0.7368698594614315
0.7368698594614315
0.7442876093820293
0.7442876093820293
0.7442876093820293
0.7442876093820293
0.7442876093820293
0.7442876093820293
0.7442876093820293
0.7442876093820293
0.7368698594614315
0.7368698594614315
0.7368698594614315
0.7368698594614315
0.7368698594614315
0.8337488304133664
0.8337488304133664
0.8337488304133664
0.8485843302545624
0.8485843302545624
0.8485843302545624
0.8485843302545624
0.8485843302545624
0.8485843302545624
0.8485843302545624
0.8485843302545624
0.8486105847754749
0.8487426514134087
0.8488760426233435
0.8490107600287102
0.8420609913632532
0.9717307339829436
0.9722296130638173
0.9727440437072906
0.994482862825611
0.864797637685337
0.8643142411250467
0.8638462598699059
0.8933023483817036
0.8930908297781498
0.8930908297781498
0.8930908297781498
0.9079263296193455
0.9079263296193455
0.9079263296193455
0.9079263296193455
0.8930908297781498
0.7962118588262148
0.7962118588262148
0.7962118588262148
0.7887941089056171
0.7887941089056171
0.7887941089056171
0.7887941089056171
0.781376358985019
0.781376358985019
0.781376358985019
0.781376358985019
0.7665408591438231
0.7665408591438231
0.7665408591438231
0.7665408591438231
0.7442876093820293
0.7442876093820293
0.7442876093820293
0.7442876093820293
0.7368698594614315
0.8337596190059817
0.8337596190059817
0.8337596190059817
0.8263418690853839
0.7294521095408336
0.7294521095408336
0.7294521095408336
0.7220343596202358
0.7220343596202358
0.7220343596202358
0.7220343596202358
0.714962049795772
0.7154273175458099
0.7159079889252216
0.7164041308324065
0.7078711281264856
0.70719885977904
0.70719885977904
0.70719885977904
0.70719885977904
0.70719885977904
0.70719885977904
0.70719885977904
0.7220343596202358
0.7220343596202358
0.7220343596202358
0.7220343596202358
0.7368698594614315
0.7368698594614315
0.7368698594614315
0.7368698594614315
0.7442876093820293
0.7442876093820293
0.7442876093820293
0.7442876093820293
0.7442876093820293
0.7442876093820293
0.7442876093820293
0.7442876093820293
0.7368698594614315
0.7368698594614315
0.7368698594614315
0.7368698594614315
0.7368698594614315
0.8337488304133664
0.8337488304133664
0.8337488304133664
0.8485843302545624
0.8485843302545624
0.8485843302545624
0.8485843302545624
0.8485843302545624
0.8485843302545624
0.8485843302545624
0.8485843302545624
0.8485843302545624
0.8485843302545624
0.8485843302545624
0.8485843302545624
0.8411665803339643
0.9703529263933647
0.9703529263933647
0.9703529263933647
0.9926061761551584
0.8634198300957581
0.8634198300957581
0.8634198300957581
0.8930908297781498
0.8930908297781498
0.8930908297781498
0.8930908297781498
0.9079263296193455
0.9079263296193455
0.9079263296193455
0.9079263296193455
0.8930908297781498
0.7962118588262148
0.7962118588262148
0.7962118588262148
0.7887941089056171
0.7887941089056171
0.7887941089056171
0.7887941089056171
0.781376358985019
0.781376358985019
0.781376358985019
0.781376358985019
0.7665408591438231
0.7665408591438231
0.7665408591438231
0.7665408591438231
0.7442876093820293
0.7442876093820293
0.7442876093820293
0.7442876093820293
0.7368698594614315
0.8337596190059817
0.8337596190059817
0.8337596190059817
0.8263418690853839
0.7294521095408336
0.7294521095408336
0.7294521095408336
0.7220343596202358
0.7220343596202358
0.7220343596202358
0.7220343596202358
0.7146166096996378
0.7146166096996378
0.7146166096996378
0.7146166096996378
0.70719885977904
0.70719885977904
0.70719885977904
0.70719885977904
0.70719885977904
0.70719885977904
0.70719885977904
0.70719885977904
0.7220343596202358
0.7220343596202358
0.7220343596202358
0.7220343596202358
0.7368698594614315
0.7368698594614315
0.7368698594614315
0.7368698594614315
0.7442876093820293
0.7442876093820293
0.7442876093820293
0.7442876093820293
0.7442876093820293
0.7442876093820293
0.7442876093820293
0.7442876093820293
0.7368698594614315
0.7368698594614315
0.7368698594614315
0.7368698594614315
0.7368698594614315
0.8337488304133664
0.8337488304133664
0.8337488304133664
0.8485843302545624
0.8485843302545624
0.8485843302545624
0.8485843302545624
0.8485843302545624
0.8485843302545624
0.8485843302545624
0.8485843302545624
0.8485843302545624
0.8485843302545624
0.8485843302545624
0.8485843302545624
0.8411665803339643
0.9703529263933647
0.9703529263933647
0.9703529263933647
0.9926061761551584
0.8634198300957581
0.8634198300957581
0.8634198300957581
0.8930908297781498
0.8930908297781498
0.8930908297781498
0.8930908297781498
0.9079263296193455
0.9079263296193455
0.9079263296193455
0.9079263296193455
0.8930908297781498
0.7962118588262148
0.7962118588262148
0.7962118588262148
0.7887941089056171
0.7887941089056171
0.7887941089056171
0.7887941089056171
0.781376358985019
0.781376358985019
0.781376358985019
0.781376358985019
0.7665408591438231
0.7665408591438231
0.7665408591438231
0.7665408591438231
0.7442876093820293
0.7442876093820293
0.7442876093820293
0.7442876093820293
0.7368698594614315
0.8337596190059817
0.8337596190059817
0.8337596190059817
0.8263418690853839
0.7294521095408336
0.7294521095408336
0.7294521095408336
0.7220343596202358
0.7220343596202358
0.7220343596202358
0.7220343596202358
0.7146166096996378
0.7146166096996378
0.7146166096996378
0.7146166096996378
0.70719885977904
0.70719885977904
0.70719885977904
0.70719885977904
0.70719885977904
0.70719885977904
0.70719885977904
0.70719885977904
0.7220343596202358
0.7220343596202358
0.7220343596202358
0.7220343596202358
0.7368698594614315
0.7368698594614315
0.7368698594614315
0.7368698594614315
0.7442876093820293
0.7442876093820293
0.7442876093820293
0.7442876093820293
0.7442876093820293
0.7442876093820293
0.7442876093820293
0.7442876093820293
0.7368698594614315
0.7368698594614315
0.7368698594614315
0.7368698594614315
0.7368698594614315
0.8337488304133664
0.8337488304133664
0.8337488304133664
0.8485843302545624
0.8485843302545624
0.8485843302545624
0.8485843302545624
0.8485843302545624
0.8485843302545624
0.8485843302545624
0.8485843302545624
0.8485843302545624
0.8485843302545624
0.8485843302545624
0.8485843302545624
0.8411665803339643
0.9703529263933647
0.9703529263933647
0.9703529263933647
0.9926061761551584
0.8634198300957581
0.8634198300957581
0.8634198300957581
0.8930908297781498
0.8930908297781498
0.8930908297781498
0.8930908297781498
0.9079263296193455
0.9079263296193455
0.9079263296193455
0.9079263296193455
0.8930908297781498
0.7962118588262148
0.7962118588262148
0.7962118588262148
0.7887941089056171
0.7887941089056171
0.7887941089056171
0.7887941089056171
0.781376358985019
0.781376358985019
0.781376358985019
0.781376358985019
0.7665408591438231
0.7665408591438231
0.7665408591438231
0.7665408591438231
0.7442876093820293
0.7442876093820293
0.7442876093820293
0.7442876093820293
0.7368698594614315
0.8337596190059817
0.8337596190059817
0.8337596190059817
0.8263418690853839
0.7294521095408336
0.7294521095408336
0.7294521095408336
0.7220343596202358
0.7220343596202358
0.7220343596202358
0.7220343596202358
0.7146166096996378
0.7146166096996378
0.7146166096996378
0.7146166096996378
0.70719885977904
0.70719885977904
0.70719885977904
0.70719885977904
0.70719885977904
0.70719885977904
0.70719885977904
0.70719885977904
0.7220343596202358
0.7220343596202358
0.7220343596202358
0.7220343596202358
0.7368698594614315
0.7368698594614315
0.7368698594614315
0.7368698594614315
0.7442876093820293
0.7442876093820293
0.7442876093820293
0.7442876093820293
0.7442876093820293
0.7442876093820293
0.7442876093820293
0.7442876093820293
0.7368698594614315
0.7368698594614315
0.7368698594614315
0.7368698594614315
0.7368698594614315
0.8337488304133664
0.8337488304133664
0.8337488304133664
0.8485843302545624
0.8485843302545624
0.8485843302545624
0.8485843302545624
0.8485843302545624
0.8485843302545624
0.8485843302545624
0.8485843302545624
0.8485843302545624
0.8485843302545624
0.8485843302545624
0.8485843302545624
0.8411665803339643
0.9703529263933647
0.9703529263933647
0.9703529263933647
0.9926061761551584
0.8634198300957581
0.8634198300957581
0.8634198300957581
0.8930908297781498
0.8930908297781498
0.8930908297781498
0.8930908297781498
0.9079263296193455
0.9079263296193455
0.9079263296193455
0.9079263296193455
0.8930908297781498
0.7962118588262148
0.7962118588262148
0.7962118588262148
0.7887941089056171
0.7887941089056171
0.7887941089056171
0.7887941089056171
0.781376358985019
0.781376358985019
0.781376358985019
0.781376358985019
0.7665408591438231
0.7665408591438231
0.7665408591438231
0.7665408591438231
0.7442876093820293
0.7442876093820293
0.7442876093820293
0.7442876093820293
0.7368698594614315
0.8337596190059817
0.8337596190059817
0.8337596190059817
0.826393663173405
0.7294616282697813
0.7294521095408336
0.7294521095408336
0.7220343596202358
0.7220343596202358
0.7220450115267055
0.7220556809602928
0.7146497896179481
0.7146617180434552
0.7146723090201789
0.7146824775015156
0.7072751660761615
0.7072859810119958
0.7072976159668246
0.7073102695333722
0.7073229131967459
0.7073284528639874
0.7073337933267534
0.7073427722377569
0.7221892487468178
0.7221756444304895
0.722158187810222
0.7221505904453108
0.7369874448103422
0.7369881045066766
0.7369891265422319
0.7369922110094514
0.7444148990656239
0.744420127477317
0.7444257846494403
0.7444311014626004
0.7444367110629208
0.7444457025802692
0.7444551304240516
0.7444625775520521
0.7370484415014349
0.7370533648410448
0.7370564531839053
0.7370566480550375
0.7370539182814556
0.8339355383862449
0.8339354823208923
0.8339324592195946
0.8487645313561761
0.8487615871126384
0.8487575809295826
0.8487521190955094
0.8487453624639356
0.8487398922610438
0.8487344626921527
0.8487272862866754
0.8487195473774752
0.8487127184636286
0.8487080294848186
0.8487046858504907
0.8412841688077386
0.9704841204985422
0.9704892627154945
0.9704773527263016
0.9927081611790621
0.8634973401644445
0.8634804053311927
0.863470575756015
0.893134946487624
0.8931182685439166
0.8930994293143766
0.8930908297781498
0.9079263296193455
0.9079263296193455
0.9079263296193455
0.9079263296193455
0.8930908297781498
0.7962118588262148
0.7962118588262148
0.7962118588262148
0.7887941089056171
0.7887941089056171
0.7888028238325068
0.7888177812593841
0.7814118620205006
0.7814241176536505
0.7814336356366735
0.7814392252701358
0.7666076041851435
0.7666156715811494
0.7666244221138805
0.7666314758324115
0.7443840810833724
0.7443989942456902
0.7444146196864481
0.7444260142075287
0.7370542710284634
0.828218647417562
0.7792798217522502
0.7814456457111328
0.8269105677450523
0.7298529492872878
0.7298073934775613
0.7297908294008678
0.7223871219334076
0.7224025893720925
0.72241066770021
0.7224149093904231
0.7150015029986748
0.715009328419239
0.715019573453949
0.7150309271523598
0.7076250103918764
0.7076353828318697
0.6957883719937077
0.6610244502485685
0.6613306460175518
0.6603888461106825
0.6589866023754273
0.6580745108491207
0.7226127027567878
0.7225240654761406
0.7224917965219788
0.7224733172741205
0.7373010421167294
0.7372919931366944
0.7372821005004505
0.7372750132668371
0.744690026692737
0.7446921567427431
0.7446974653773412
0.7447027642169884
0.7447070926111913
0.744712229148174
0.7447155845319372
0.744715707725034
0.7372957268765239
0.7372989436169023
0.7373145439137163
0.737326094878883
0.7373331231907837
0.8342196629964773
0.834221121306753
0.8342193208809398
0.8490527634332373
0.8490531132546651
0.8490533224053723
0.8490524035660002
0.8490508466667334
0.8490544780609536
0.8490607542489976
0.8490683203015782
0.8490760557541394
0.8490791361711403
0.849072512551184
0.8490579709664382
0.8416225990160737
0.970809415004883
0.9708232626687704
0.9708420321685213
0.9931122166110778
0.8639170475777612
0.8639024921627111
0.863894028693541
0.8935622426910476
0.8935515412065934
0.8935402085398638
0.8935324000269416
0.9083629080975836
0.9083430536271204
0.9082804878885116
0.9082387070244522
0.8933932775586455
0.7965146199132631
0.7965203302644451
0.7965255498298703
0.7891118230807811
0.7891190762818978
0.7891285716410626
0.7891372541515018
0.7817249754369657
0.7817338597867823
0.7817412551859493
0.7817456862571276
0.7669137083075578
0.766922727319042
0.7669337633420712
0.7669442749786791
0.744700591828532
0.744718340927842
0.7447347834532209
0.7447461152495495
0.7128087155157471
0.7307876165931442
0.7219185416022778
0.6921681603445365
0.8272469559972663
0.7301515087790018
0.7300938331207893
0.7300800507111679
0.7226674080578044
0.7226785915240419
0.7226890082238618
0.698491014671429
0.6667651903414568
0.6667514313024374
0.6654897922911397
0.6645754865733383
0.6449915766855769
0.6314930066565833
0.629421410657989
0.6278893841825406
0.6052235642479357
0.5981195867060901
0.5917348639733293
0.5740439036696416
0.6241900573969026
0.6252098640799554
0.6245780191757853
0.6207778386496314
0.635929666873894
0.6327563777127557
0.6221294182980387
0.6129997454803906
0.6182804601245045
0.6185020717829939
0.6178602685340323
0.6182295806286481
0.6137377318338195
0.6150814468626948
0.6162611932700806
0.616929191780171
0.6065684793369659
0.6070227487971162
0.6073775030253394
0.6095208832872666
0.7379098253674726
0.8345666350125639
0.8345358437850288
0.8345137272783643
0.8493335398837563
0.8493234597587518
0.8493156185232561
0.849305980468745
0.8492944331409511
0.8492852015748804
0.8492764159844173
0.8492678518140422
0.849259004103467
0.8492500114844229
0.8492405502783775
0.8492314483898761
0.8418050482785492
0.9709928700448586
0.9709946823115109
0.9709916485035206
0.9932377273443909
0.8640306729541356
0.8640115760978496
0.8640015536356244
0.8936680549337984
0.8936524313651163
0.8936342817143772
0.8936186167972936
0.9084402760494125
0.9084220890404413
0.9084060299735803
0.9083957967824138
0.8935540389540902
0.7966730273274908
0.7966759758248605
0.7966805203321837
0.789268418685829
0.7892797290101047
0.7892961945990029
0.7893134993504268
0.7819096418081852
0.7819249645720945
0.7819369694734614
0.7819449949677005
0.7671147161745517
0.7671233252438399
0.7671319726540841
0.7671385594117637
0.7448906630459411
0.7449056557445445
0.744921242437761
0.7449325490921624
0.6095611289512226
0.5994742196661242
0.5722041890330851
0.5810531717895376
0.7532524706919869
0.6554184429325475
0.6541347984024636
0.6239893363146094
0.5917249602304477
0.5879602830052367
0.5798692710865477
0.5743203906400214
0.5604958628567676
0.5436258818891703
0.538722752110248
0.5236785889092568
0.511473015501497
0.5074873020669377
0.502994432559867
0.49881902929759186
0.505884542243204
0.5033518409349149
0.4993788402924826
0.4952957406383441
0.5526565473277648
0.5499943182605241
0.5485101137676109
0.5453915163162875
0.5670980965160355
0.5702238282117601
0.5706463082641527
0.5706963557841023
0.5751492371366125
0.5750357224056478
0.5738626875647045
0.5741794437963151
0.5700404148657373
0.5707367477063391
0.5718010586172594
0.5750384413080271
0.5657260840774999
0.5696911470422042
0.5740171029912089
0.5808761862763961
0.7379770205461782
0.8346120523432814
0.8345794218890947
0.8345550089051555
0.8493742166741698
0.8493721785816206
0.8493715346716089
0.8493638825186854
0.8493486614168073
0.8493301117631636
0.8493060884483508
0.8492776588835472
0.8492509555728164
0.8492300647040333
0.8492145236832627
0.8492017766783302
0.8417722841618016
0.9709220351254595
0.970887068237293
0.970864338020156
0.9931011303988211
0.8639099061776019
0.8639065612311007
0.8639040100745167
0.8935796023461946
0.8935703341393405
0.8935535369896733
0.8935389135371553
0.9083506441813841
0.908289437795698
0.9082459211947265
0.9082320103028597
0.8933959200432724
0.7965187907142172
0.7965231361321563
0.7965285191088786
0.7891164583610972
0.7891205875764037
0.7891228720517584
0.7891224691223055
0.7817004629390811
0.7817017532583095
0.7817048478106094
0.7817065839340825
0.7668716235623159
0.7668758193851142
0.7668833413599614
0.7668912689988792
0.7446460017619452
0.7446627954056446
0.7446787701618397
0.7446897277038855
0.7373142333178573
0.7380729824652225
0.7142984519842158
0.6783849582765996
0.8273419597568066
0.7301016211979316
0.7300554725196138
0.730033169435342
0.7226196684055156
0.7226298480072795
0.7226371483108254
0.722642476782121
0.7152304520142442
0.6698352144905118
0.6670113096135726
0.6669118272409971
0.658376077308349
0.6468011895040469
0.6330626330566017
0.6311421445072478
0.6334998026399661
0.6082011427010456
0.6009100492093539
0.5817022257576271
0.6563546896213588
0.6774711729913293
0.6871001742034725
0.6979755245511045
0.7375481915700175
0.7375068072188861
0.7374910591517219
0.7374844184427203
0.7449028020712443
0.7449047186985989
0.7449050915538447
0.744902892472996
0.7448996390529758
0.7448979631933913
0.7448945458095111
0.744889038203485
0.7374634638983993
0.7374582923832936
0.7374534801663553
0.7374474578322534
0.7374401205527485
0.8343142812983416
0.8343028420664172
0.8342911148300435
0.8491144907939585
0.8491054101562582
0.8490979741411608
0.8490865138974232
0.84907142762041
0.8490565069487157
0.8490412085254746
0.8490242300541938
0.8490056209710157
0.8489890226564966
0.8489754993736098
0.8489628712728406
0.841531993252906
0.9706874498546375
0.9706550924185114
0.9706291380208459
0.9928591101451272
0.8636593701321739
0.8636491853073855
0.8636372242409259
0.8932950466716488
0.8932715768847302
0.8932461655885768
0.8932246779779983
0.9080423338298765
0.9080220569817467
0.9080039271699177
0.9079899054184503
0.8931432363550075
0.7962573930882313
0.7962562394196627
0.7962570429126516
0.7888403245483577
0.788846058053583
0.7888544014214283
0.7888622732788702
0.7814500137047887
0.7814595294427145
0.7814696112038088
0.781477455465399
0.7666484903151256
0.7666577166370588
0.7666652685997416
0.7666699260846512
0.7444203993537415
0.7444334361143922
0.7444476779054726
0.7444572897318269
0.7370812861175748
0.8341196050277117
0.8342133303063751
0.8342491310793434
0.8268245388579144
0.7298436541344341
0.7298007829209451
0.7297786123489843
0.7223657675672834
0.7223776163835147
0.7223884450313854
0.7223989828180779
0.7149926221750481
0.7150041973787555
0.71501430456971
0.7150226907347049
0.7076136977390317
0.7076221771773736
0.7076307195848914
0.7076397679802209
0.7076489271509905
0.7076505103359271
0.7076508922576551
0.7076549046714689
0.7224966723774997
0.7224798011849197
0.7224597940237109
0.7224491039530453
0.7372816196577101
0.7372752823047368
0.7372654372727416
0.7372555235362737
0.7446630004453948
0.7446530943018511
0.7446431905370854
0.7446327997577591
0.7446226179758862
0.7446150281008925
0.7446072726524445
0.7445980937875925
0.737170890165005
0.73716374971939
0.7371581963668115
0.7371501413332154
0.7371432017687662
0.8340185542798567
0.8340082328881067
0.8339954510368466
0.8488197939360611
0.8488085400177416
0.8487976470826654
0.8487881782132285
0.8487726596296904
0.8487549413172293
0.848735844756697
0.848715015662253
0.8486953424027645
0.8488886028152975
0.8496388432489091
0.8504281881507496
0.843303635943185
0.972805590652221
0.9731479691451276
0.9734969117510713
0.9959109471533778
0.8668867490012312
0.8670502610974739
0.8672151393202675
0.8956827658469831
0.8945555478817522
0.8935037280864344
0.8930908297781498
0.9079263296193455
0.9079263296193455
0.9079263296193455
0.9079263296193455
0.8930908297781498
0.7962118588262148
0.7962118588262148
0.7962118588262148
0.7887941089056171
0.7887941089056171
0.7887941089056171
0.7887941089056171
0.781376358985019
0.781376358985019
0.781376358985019
0.781376358985019
0.7665408591438231
0.7665408591438231
0.7665408591438231
0.7665408591438231
0.7442876093820293
0.7442876093820293
0.7442876093820293
0.7442876093820293
0.7368698594614315
0.8337596190059817
0.8337596190059817
0.8337596190059817
0.8263418690853839
0.7294521095408336
0.7294521095408336
0.7294521095408336
0.7220343596202358
0.7220343596202358
0.7220343596202358
0.7220343596202358
0.7146166096996378
0.7146166096996378
0.7146166096996378
0.7146166096996378
0.70719885977904
0.70719885977904
0.70719885977904
0.70719885977904
0.70719885977904
0.70719885977904
0.70719885977904
0.70719885977904
0.7220343596202358
0.7220343596202358
0.7220343596202358
0.7220343596202358
0.7368698594614315
0.7368698594614315
0.7368698594614315
0.7368698594614315
0.7442876093820293
0.7442876093820293
0.7442876093820293
0.7442876093820293
0.7442876093820293
0.7442876093820293
0.7442876093820293
0.7442876093820293
0.7368698594614315
0.7368698594614315
0.7368698594614315
0.7368698594614315
0.7368698594614315
0.8337488304133664
0.8337488304133664
0.8337488304133664
0.8485843302545624
0.8485843302545624
0.8485843302545624
0.8485843302545624
0.8485843302545624
0.8485843302545624
0.8485843302545624
0.8485843302545624
0.8485843302545624
0.8485843302545624
0.8485843302545624
0.8485843302545624
0.8411665803339643
0.9703529263933647
0.9703529263933647
0.9703529263933647
0.9926061761551584
0.8634198300957581
0.8634198300957581
0.8634198300957581
0.8930908297781498
0.8930908297781498
0.8930908297781498
0.8930908297781498
0.9079263296193455
0.9079263296193455
0.9079263296193455
0.9079263296193455
0.8930908297781498
0.7962118588262148
0.7962118588262148
0.7962118588262148
0.7887941089056171
0.7887941089056171
0.7887941089056171
0.7887941089056171
0.781376358985019
0.781376358985019
0.781376358985019
0.781376358985019
0.7665408591438231
0.7665408591438231
0.7665408591438231
0.7665408591438231
0.7442876093820293
0.7442876093820293
0.7442876093820293
0.7442876093820293
0.7368698594614315
0.8337596190059817
0.8337596190059817
0.8337596190059817
0.8263418690853839
0.7294521095408336
0.7294521095408336
0.7294521095408336
0.7220343596202358
0.7220343596202358
0.7220343596202358
0.7220343596202358
0.7146166096996378
0.7146166096996378
0.7146166096996378
0.7146166096996378
0.70719885977904
0.70719885977904
0.70719885977904
0.70719885977904
0.70719885977904
0.70719885977904
0.70719885977904
0.70719885977904
0.7220343596202358
0.7220343596202358
0.7220343596202358
0.7220343596202358
0.7368698594614315
0.7368698594614315
0.7368698594614315
0.7368698594614315
0.7442876093820293
0.7442876093820293
0.7442876093820293
0.7442876093820293
0.7442876093820293
0.7442876093820293
0.7442876093820293
0.7442876093820293
0.7368698594614315
0.7368698594614315
0.7368698594614315
0.7368698594614315
0.7368698594614315
0.8337488304133664
0.8337488304133664
0.8337488304133664
0.8485843302545624
0.8485843302545624
0.8485843302545624
0.8485843302545624
0.8485843302545624
0.8485843302545624
0.8485843302545624
0.8485843302545624
0.8485843302545624
0.8485843302545624
0.8485843302545624
0.8485843302545624
0.8411665803339643
0.9703529263933647
0.9703529263933647
0.9703529263933647
0.9926061761551584
0.8634198300957581
0.8634198300957581
0.8634198300957581
0.8930908297781498
0.8930908297781498
0.8930908297781498
0.8930908297781498
0.9079263296193455
0.9079263296193455
0.9079263296193455
0.9079263296193455
0.8930908297781498
0.7962118588262148
0.7962118588262148
0.7962118588262148
0.7887941089056171
0.7887941089056171
0.7887941089056171
0.7887941089056171
0.781376358985019
0.781376358985019
0.781376358985019
0.781376358985019
0.7665408591438231
0.7665408591438231
0.7665408591438231
0.7665408591438231
0.7442876093820293
0.7442876093820293
0.7442876093820293
0.7442876093820293
0.7368698594614315
0.8337596190059817
0.8337596190059817
0.8337596190059817
0.8263418690853839
0.7294521095408336
0.7294521095408336
0.7294521095408336
0.7220343596202358
0.7220343596202358
0.7220343596202358
0.7220343596202358
0.7146166096996378
0.7146166096996378
0.7146166096996378
0.7146166096996378
0.70719885977904
0.70719885977904
0.70719885977904
0.70719885977904
0.70719885977904
0.70719885977904
0.70719885977904
0.70719885977904
0.7220343596202358
0.7220343596202358
0.7220343596202358
0.7220343596202358
0.7368698594614315
0.7368698594614315
0.7368698594614315
0.7368698594614315
0.7442876093820293
0.7442876093820293
0.7442876093820293
0.7442876093820293
0.7442876093820293
0.7442876093820293
0.7442876093820293
0.7442876093820293
0.7368698594614315
0.7368698594614315
0.7368698594614315
0.7368698594614315
0.7368698594614315
0.8337488304133664
0.8337488304133664
0.8337488304133664
0.8485843302545624
0.8485843302545624
0.8485843302545624
0.8485843302545624
0.8485843302545624
0.8485843302545624
0.8485843302545624
0.8485843302545624
0.8485843302545624
0.8485843302545624
0.8485843302545624
0.8485867935701006
0.8411776462243521
0.9703911882505317
0.9704118186148981
0.970419599604831
0.992674013172706
0.8634710977500732
0.8634649115015092
0.8634764301814765
0.8931675128872465
0.8931752090565002
0.8931781527453707
0.8931828647942827
0.9080231150626271
0.9080245423605545
0.9080286136224522
0.908037442982003
0.8931941003915682
0.7962410226826739
0.7962118588262148
0.7962118588262148
0.7887941089056171
0.7887941089056171
0.7887947234732265
0.7887985678238112
0.7813835813292829
0.781390245280983
0.78139774075146
0.7814031149194082
0.7665713676947363
0.7665814020650306
0.7665954032340567
0.7666104534263946
0.7443715577881416
0.7443914943398386
0.7444089734620482
0.7444203865170995
0.737048813035788
0.8340951380429362
0.8341931485918987
0.8342328352114132
0.8268105962217487
0.7298246968200407
0.7297800410765181
0.729757988074776
0.7223453714152986
0.7223556635224878
0.7223640327317926
0.7223709975884159
0.7149600050364857
0.7149684654713558
0.7149772853445312
0.714985839847456
0.7075770349813584
0.7075866885194241
0.7075979868222719
0.7076093569588583
0.7076210353167989
0.7076260403556178
0.7076301904033624
0.7076380888161735
0.7224841015720613
0.722473063022336
0.7224601869680419
0.7224575687672307
0.7372997900165152
0.7373021390968415
0.7373002270149702
0.73729763899174
0.7447135383256499
0.7447148038112453
0.7447179253432382
0.7447217995613123
0.7447258465686786
0.7447287314923963
0.7447275854777596
0.7447226296443885
0.7372972634552656
0.737294609559207
0.7372950987557781
0.73729612835789
0.7372966122780366
0.834179322262722
0.8341772958669509
0.8341715453815363
0.8490011962776275
0.8489976654901131
0.8489958380948321
0.8489947461420103
0.8489926016953991
0.8489888014803796
0.8489817745043609
0.848971491409324
0.8489592978096868
0.8489476804366627
0.8489378068161675
0.8489287358317827
0.8415008993637965
0.9706938873224766
0.9706993730912592
0.9706953145312874
0.9929370049439866
0.8637147946687115
0.8636795360244633
0.8636567496060603
0.893313934281725
0.8932942289936505
0.8932745243415783
0.8932590698641473
0.9080823897492097
0.9080654193705863
0.908048188359483
0.9080333801782964
0.8931860720338933
0.7963040802128877
0.7963108672360487
0.7963219284881086
0.7889182397779501
0.7889336245977757
0.7889470399311379
0.7889564093849886
0.7815438839769246
0.7815514761853533
0.7815571007405185
0.7815582097481146
0.7667227374165229
0.7667297176441381
0.7667398904795756
0.7667495859068225
0.7445061668276661
0.7445227382467571
0.7445366403304094
0.7445446837663031
0.737166369207588
0.7722507385141556
0.7299110814604818
0.7310140212157732
0.8271257505094217
0.7299494838949644
0.7299074911054059
0.7298908577113589
0.7224831424072989
0.7224960935044912
0.7105015540853415
0.6864674837685408
0.6671324338062911
0.6658542829863083
0.664109029951782
0.6627233522166784
0.6422351528722673
0.627869461135604
0.6254081437774112
0.5959546533244509
0.5939797536709308
0.5896390287620389
0.569793339541011
0.5664413851387017
0.6190058646230002
0.6201431736780229
0.6223247260019215
0.6347158981826138
0.6663772172297953
0.6899654994932987
0.7130174585558271
0.7138342951453966
0.7199467773661594
0.7095384121096043
0.7090390814679872
0.6994082577704633
0.6970401337378853
0.6836447579207212
0.649620041280757
0.6482777009773506
0.6396693631407806
0.6406859722938031
0.642076386810481
0.643658695681591
0.7375831154114705
0.8343738240103824
0.8343630076589547
0.8343472859149745
0.8491711484188927
0.8491647119340968
0.8491582120451037
0.8491506227531108
0.8491421593483753
0.8491369022459515
0.8491339529064327
0.8491309035500981
0.8491286669922125
0.8491256558539009
0.8491216989989787
0.8491174346733207
0.841694553393288
0.9708836190445241
0.9708844499246557
0.970879187684208
0.9931224393234866
0.8639133719082217
0.8638943630142949
0.8638848297858259
0.8935507584982271
0.8935382271269048
0.8935260262004581
0.8935205707709445
0.9083561766042759
0.9083337687188624
0.9083066186255282
0.9083002583796411
0.8934584302516491
0.7965820211093891
0.7965951946633913
0.7966119660188691
0.7892103495321481
0.7892253586314879
0.7892363267237705
0.7892427569095013
0.781829586854941
0.7818356958570958
0.7818396641343811
0.7818396187480816
0.7670014595107115
0.7670068445332039
0.7670178134854301
0.7670292100749385
0.7447868797446691
0.7448058105234912
0.7448236619135655
0.7448351907464524
0.58268386361809
0.5735231059980566
0.5742675784739644
0.561152480718741
0.7227537880574134
0.6152757616924657
0.6019365072613814
0.5782389178748778
0.5525880599178842
0.5435879420072726
0.537469271094448
0.5312551146605744
0.5178608663290337
0.514071532108199
0.5087275186080432
0.501205634359512
0.49113189263072254
0.4833902417187048
0.4796905419922934
0.4755595312361804
0.48437639862436094
0.47925681227564143
0.4743985555300355
0.47021039755696353
0.522795951096508
0.5207125124744025
0.513451168833516
0.5146851483972802
0.5351707058277754
0.530019146655864
0.526965533423727
0.5217423021242157
0.5340976642223834
0.5281403616359649
0.531929545104243
0.5275781134361298
0.5163221087505933
0.511488550378325
0.5072504369027551
0.5068099811562472
0.4988287068604513
0.499581577252516
0.5002956975930876
0.5064452290613788
0.7380609082412286
0.8346174974358072
0.834627995035313
0.8346339462119361
0.8494689585844335
0.8494683887585303
0.8494663300239066
0.8494609625751415
0.8494529307384114
0.8494473593848909
0.8494435336972499
0.8494384623952363
0.8494331082414694
0.8494281010235717
0.8494241150171548
0.849420375207856
0.841999656133632
0.9712170050788431
0.9712481176749342
0.971261340025057
0.9935144822269132
0.8642884787079231
0.864245795566338
0.8642223909294082
0.8938843138317935
0.8938649430157116
0.8938415862192637
0.8938211378034744
0.908638731328861
0.9086165796294093
0.9085971891676824
0.9085836185167325
0.8937388099580124
0.7968526061526445
0.7968505918026628
0.7968495719233033
0.7894288718594866
0.7778799417277688
0.7658728131168345
0.7538680795839778
0.7334390997198796
0.73320671869879
0.7328620623350894
0.7217083430643624
0.693261624158382
0.6889711734510087
0.6873708835149723
0.6850766888724968
0.6197579712587274
0.5950925135595865
0.6021158138637956
0.5918346515264512
0.4792480286800555
0.5593788099189037
0.5570209399651015
0.5663449584430673
0.6182689193764402
0.5231406584929301
0.5237944772799265
0.5226575894401033
0.5067773602378177
0.5059233259264433
0.5067282116589668
0.5037813351139752
0.49003065843631965
0.4916423557580529
0.4922849029122277
0.47446879792110824
0.4614411408832339
0.45742571625322315
0.45327053885928065
0.4501031297203461
0.45589458758006335
0.45427408486619736
0.45079354537344263
0.44769740739550523
0.499796888394728
0.4936971800112976
0.49003188424249106
0.48794990049437537
0.5156314710109541
0.5127431901677784
0.511725473934198
0.5092024233215021
0.5142306696012907
0.5114041560430087
0.5126795693580097
0.5145780270272209
0.5039350969203339
0.5045859846045816
0.504676331488313
0.5068421885988837
0.49872400971449415
0.49944975777332123
0.4954234375195317
0.4999368233444061
0.7381975643572437
0.834748981742962
0.8347607874361218
0.834765886908037
0.849598914134855
0.8496111457225035
0.849623139289154
0.8496254102731787
0.8496225320580558
0.8496227915964567
0.8496232974929877
0.8496216829906754
0.8496187081103164
0.8496166497600494
0.8496159575318964
0.8496155498852891
0.8421969233034815
0.971422434535391
0.9714673301548894
0.9714994065181887
0.9937543952313479
0.8644898240019339
0.8644297232401134
0.8644049646850497
0.8940611639300794
0.8940370876933034
0.8940106930987117
0.8939894023996173
0.9088083479230077
0.9087888800660003
0.9087722937505143
0.9087622626471565
0.843612398871434
0.7479887632453499
0.7351948329669973
0.7224770747193925
0.7112379979709506
0.7029452871827834
0.695664949211297
0.6945325465640264
0.6838302158315727
0.6835068591362423
0.6581024721345228
0.654896258506905
0.6362498416296285
0.6358579799817268
0.6370550945011283
0.6366304898211632
0.586553302055589
0.5848832977082469
0.5701733604693388
0.5670283719999134
0.47501216066632196
0.5645421513143354
0.5557589790579694
0.5560753853324187
0.6049148777155524
0.5082224040459786
0.5100510068446165
0.50625174688389
0.48944943232713417
0.4923806844702108
0.48193832172020706
0.47638386612251227
0.46429414705504457
0.46157124285580875
0.4580070643546629
0.45228055313299764
0.44105322731080066
0.44621636197561987
0.44288614772699547
0.43893693944485973
0.44507438763082874
0.44868340165977516
0.43933806394957403
0.4382726464250644
0.4704898765279297
0.46975116878653467
0.46938269596716087
0.467877216949391
0.5001342096880493
0.48988619449367327
0.4845244710186541
0.4848449327007444
0.4893710679412334
0.48957246302073915
0.5026680777504983
0.49530508513557436
0.4972015153430077
0.49622598296029996
0.4960811409180884
0.48921572623208504
0.49365558622500794
0.48008816859844455
0.48368246078658006
0.5024278016298386
0.7382036371630321
0.8349249552848202
0.8349462481548229
0.8349484739406319
0.8497757344306769
0.8497681359759961
0.8497627295986139
0.8497562281467487
0.8497463324231037
0.8497411662928605
0.8497402347182155
0.8497402331156195
0.8497412165160448
0.8497389042536695
0.8497334654142732
0.849725970488429
0.8422985555049705
0.9715094729573411
0.9715442039901147
0.971571934724416
0.9938466888555618
0.8646214319944885
0.8645719434385823
0.8645435219108217
0.8942054132580709
0.8941912459812363
0.8941755676756681
0.8941638770967701
0.9089909437321385
0.9089790448935123
0.9089686084156112
0.9089632644973611
0.8425075836910236
0.7361007536000286
0.7210430319278824
0.7195897013165973
0.7046946643660701
0.6930561268590287
0.6742272550540745
0.6740430675028558
0.6372538497624314
0.6342696553048721
0.630648404639794
0.6158062946724501
0.5937091023107627
0.5778878291306909
0.5759164662593232
0.5729251633280519
0.5274195043026947
0.5230123944560469
0.518219046093992
0.511373839951015
0.46348377677482894
0.5602000598326271
0.5600817565334999
0.5597358784108578
0.5872468310245753
0.4883823711640789
0.4934234847474239
0.4914720415714548
0.4677248075862494
0.4612910104192633
0.4574924884657517
0.4583140300907189
0.4509779226483446
0.44686075636481176
0.4519446676657651
0.455318877018182
0.43930052779144596
0.4367202436545003
0.43236933712978354
0.430726510650533
0.4335905670377747
0.4327946036884728
0.4322407095375244
0.43142548775296585
0.4726537820024947
0.4664771654406098
0.47744387209997563
0.4943994904393027
0.4936294565105804
0.492560933441062
0.49348703639974184
0.4959179320145484
0.5066250378219901
0.5097364502910642
0.49767281890813486
0.509100150204717
0.4932822860132583
0.49466430104784054
0.49345799225442055
0.510438570066624
0.5048454689466404
0.49509335117460884
0.4957991406629872
0.49350459073388225
0.7384855134449665
0.835030458618791
0.8350446265701292
0.8350501926931496
0.8498815277594384
0.8498746344855912
0.8498654482145316
0.8498541089571781
0.8498398855946253
0.8498288060348889
0.8498208760827516
0.8498127454046474
0.8498043829340622
0.8497984944118074
0.8497970922080951
0.8497996050538628
0.8424098366438763
0.9716875658433541
0.9717234992982479
0.971741124964027
0.9939862031008055
0.8647343897237201
0.8646722918479748
0.8646380578408248
0.8942939790953314
0.8942708109353311
0.8942448268368441
0.8942219423316184
0.9090376526848891
0.9090150494644195
0.9089956824317396
0.9089835421091186
0.8941436108584156
0.7857383324175029
0.7747207285843583
0.7851482989660287
0.7673115108430395
0.7548023627628261
0.7419308236802973
0.7308309835790864
0.7012783298204955
0.7058769044506306
0.674353099459526
0.6514591063519706
0.6257470485632248
0.6083815777740105
0.6030702492505337
0.587180333676368
0.5471319089644368
0.5434324075170797
0.5396446185940917
0.5322343704801872
0.4594711139782365
0.5569871428423205
0.5578155482954547
0.5586176831380589
0.5829042063009626
0.484857686377897
0.4861503669412877
0.48798166422619604
0.4750568071345634
0.4756358941971169
0.4812112156127357
0.47012412522254515
0.4504602676952059
0.44700092894575655
0.4508572375649923
0.44262625003049516
0.43180405582710635
0.4303375498047889
0.4310603777293688
0.4321857371949391
0.4312396296956811
0.43023174289296545
0.4316036729086806
0.4285616503487932
0.4622731443592439
0.4716673472072567
0.480878847735772
0.4773351210641516
0.4864217962657124
0.49213451667895214
0.49393085870304043
0.49582249036306675
0.49593603300356914
0.4946146210345031
0.5035980322547248
0.4992525489900798
0.5136236141665274
0.5153383857134262
0.5086320041571972
0.49470587415046396
0.49643666408548415
0.4950409176354298
0.5006629984318783
0.5018809193128778
0.7385492717490644
0.8350810680839847
0.8351034948774049
0.8351133236375423
0.8499589620222322
0.8499718156410238
0.8499820928039816
0.8499882535427474
0.8499934816633598
0.8499970973123546
0.8499959274598019
0.849990883810633
0.8499850833010246
0.8499784092750907
0.8499694462863502
0.8499595366969349
0.8425305009177607
0.9717378343977028
0.9717727679821365
0.9718057686225702
0.994070732803931
0.8648188718377914
0.8647713668189715
0.8647561176496836
0.8944213937637117
0.8944027632085986
0.8943776421308893
0.8943550074394434
0.9091707725617395
0.9091513103936044
0.9091355721105143
0.9091257336806011
0.812638895720825
0.7063891282590263
0.7011379660931855
0.6732739599121529
0.6374405161150917
0.633879507485073
0.61579190021493
0.595216284602482
0.5845183220854829
0.5846638668859127
0.5865219069565871
0.5882099825774325
0.5644800008370308
0.561796380780877
0.5529518908688849
0.5513759995299456
0.5077701886402007
0.5062461696025801
0.5040285548563893
0.5005914337592695
0.46337297297426644
0.56227042352325
0.564171519368485
0.5663039846242435
0.5541214594372285
0.458624736104515
0.45902820777279557
0.45929574733739126
0.4550295661649342
0.4562053497589407
0.45460340286280276
0.45775374875434927
0.4394884300648395
0.4383942924035021
0.43913034714966337
0.4371337352150734
0.43488829876533763
0.4312092907088259
0.43657530894403185
0.4262045576037748
0.4353467642950864
0.43497157290093535
0.4242158679632817
0.42769710024921004
0.4450503653604023
0.44496113138766474
0.44624635969194487
0.4478574060574201
0.46736080231872035
0.4799418686510215
0.4783139280489017
0.48501655234021945
0.4894861130626745
0.489049731719309
0.4807535129027531
0.47868661899299253
0.4753958677054826
0.47449398864598824
0.47302127134654653
0.4715059095906259
0.4635078024733975
0.4659873849853725
0.4680654073634979
0.4698341066526265
0.7386513965695272
0.835171209694916
0.8352082389842076
0.8352275645211514
0.8500651997370614
0.8500640753294644
0.8500626100243006
0.8500602226924454
0.8500549327212754
0.8500510497600854
0.8500486417657129
0.8500448022707192
0.8500410319546693
0.8500357569758842
0.8500296915057444
0.8500232590979783
0.8425980045290928
0.9718066305397113
0.9718408520053804
0.971872911688574
0.9941537435873046
0.8649253716258054
0.864869734536447
0.8648367084334326
0.8944948674859771
0.8944747408458246
0.8944517440509708
0.8944316168372107
0.9092506273557144
0.9092301526825941
0.9092108888646484
0.9091965894115925
0.7896292748129243
0.700750054506199
0.6708542690677075
0.6453103375588007
0.6250398370454988
0.6237027256229557
0.621900789422812
0.6121439591436904
0.5809511740525519
0.5770338790667994
0.5729388437437783
0.5678246121634027
0.5468920932310836
0.5389187739468563
0.5388957332002502
0.5308871547345689
0.5107400052526585
0.510957058782129
0.5082336237791453
0.5010042732475289
0.46479507498645156
0.5616804880622636
0.5621101256687677
0.5623871441000777
0.5597832197802486
0.4621835854081557
0.4592845612443178
0.45991808758042046
0.45539136919792217
0.4519145099988356
0.4578925152292763
0.4511024385839062
0.44113919344584557
0.4426110597690108
0.4444138318412735
0.44630739912890943
0.43446064910453863
0.43616527818533174
0.4276208255139193
0.4261421789077653
0.4284378842615151
0.42705514410186224
0.4265874094253973
0.42625857607077333
0.44865468695049404
0.44984666830610215
0.45148742250176543
0.4533213594092304
0.4730731185771957
0.4787599938782458
0.48429130507708285
0.4772843552445342
0.49854761092132077
0.4793874124758805
0.4794283729020611
0.47910692444380343
0.4770849831710978
0.47710108739432927
0.47811803502048916
0.4786056286081066
0.4710021696510109
0.4721395929897625
0.47333371384383593
0.5047096654079275
0.7384663333643217
0.8352121967147527
0.8352507456385704
0.835267221536649
0.8501053474736919
0.8501079043641593
0.8501113753152374
0.8501141032616284
0.8501135147692821
0.8501137841215852
0.850112406029532
0.850108885097259
0.8501041915911391
0.8500966679746726
0.8500879034977749
0.8500778627328189
0.8426492825240005
0.9718434616072612
0.9718509995458962
0.9718478868199782
0.9940907512486784
0.8648680542806754
0.8648314349602415
0.8648076737966681
0.894464272397198
0.894441804258736
0.8944195411179632
0.8944032841487368
0.9092280999039214
0.9092129665940425
0.9091977433314418
0.9091876241353299
0.8584859871166299
0.7381659277869121
0.7173784443374507
0.7076806073190116
0.6981813283283023
0.695654951427763
0.6935955526931147
0.6914661495698271
0.6795339725293292
0.6794410816869324
0.6787200047673808
0.653850573132502
0.631004066313462
0.6307364239596298
0.609627896861452
0.5991036126103411
0.5491928475913478
0.5441764868157428
0.5408293327538574
0.5374644367080778
0.4606590685421357
0.5578985090553106
0.5582614167418888
0.5585522303436247
0.5839131358265922
0.48984814880081534
0.4811857634370119
0.48402051798052975
0.4599174915297462
0.4559125321397651
0.4543178989612354
0.4516184610659346
0.447958667278957
0.45218644013593806
0.46939319107485383
0.43536843186738017
0.4287575132422279
0.4297241652607361
0.43028606930028906
0.4479392088253422
0.4339293266530415
0.4450462440289619
0.44721513001520713
0.4364941219480536
0.458803423133172
0.46173922989519806
0.4622677545896392
0.477533490146033
0.48538043076075654
0.48381744813416244
0.4877848937190159
0.48976072953761335
0.49590906550188535
0.49281593937081486
0.49730976910903263
0.49683780975530156
0.5020139234664126
0.49571683706521297
0.5049180226858698
0.5006803167032043
0.49978688491186235
0.486402326264791
0.4904133972925272
0.4789791894910115
0.7387216512045269
0.8352580808644996
0.8352749183904415
0.8352781779754613
0.8501051341693151
0.8500968573183589
0.8500917915646088
0.8500875018940409
0.8500810860729467
0.8500751181096953
0.8500667496005715
0.8500563265042875
0.8500446933173806
0.850032546324946
0.8500204289479341
0.8500079279494007
0.8425775778030684
0.9717479874589342
0.971731415207636
0.971714345040634
0.993949983646762
0.864738468203579
0.8647127935613945
0.8646913872206707
0.8943431077444547
0.8943132108579486
0.894282946018954
0.8942576769135762
0.9090733203256353
0.9090510117468393
0.9090304932561412
0.9090160129612633
0.8941696732883804
0.797286743968258
0.797290540003905
0.7972978134805428
0.7898884884573667
0.7899025379377796
0.789915847388866
0.7899242297840304
0.7825081863646243
0.782514104058859
0.7825228780213024
0.7825295893656302
0.7677011784852865
0.7677125543285181
0.7677242261646675
0.7677340534180883
0.7454886515351161
0.7455062448817028
0.7455236066161876
0.7455353221604198
0.5902765003232918
0.5799028090433134
0.5670620111615627
0.5710866525801324
0.7302562940856687
0.6350095145577233
0.6345089008167732
0.6334584697948846
0.6094998855918123
0.5807920644374708
0.5667457640839233
0.5495907220625665
0.5379006427449537
0.5337785201167758
0.5179371136418359
0.5138988601115811
0.49987791886442917
0.48788473096040275
0.480743536863271
0.47188391662449547
0.4799851311796593
0.47030739560616197
0.4713525860192113
0.46847538488632157
0.518664685489989
0.5170876145437538
0.517716933069526
0.5204872559933069
0.5415099664563227
0.5434152709509259
0.5446758967203049
0.5457972966195684
0.553410231509792
0.5552825056277142
0.564057254221433
0.5734030294484541
0.5711036434734107
0.574400998878578
0.5767769301774787
0.580490892967747
0.5742028598277895
0.580477843769798
0.5977984529460206
0.6129932878167829
0.738499371313227
0.8352040641374974
0.8351818633058848
0.8351657679786616
0.8499907576383242
0.8499755261726217
0.8499571863212654
0.8499395269279907
0.8499152487233276
0.8498998387762654
0.8498953080487154
0.8498981822663576
0.8499068604851482
0.8499021404317144
0.8498822194111703
0.8498555060602545
0.8424107093906802
0.9715437358238542
0.9714934050116449
0.9714574913752031
0.993682741834167
0.8645049779111801
0.8645223843218439
0.8645355771976323
0.8942404174983307
0.894255397256257
0.89424940252155
0.8942365870769803
0.9090603276970279
0.9090414831849684
0.909021014505552
0.909001483782437
0.8941474569289531
0.7972664656792887
0.7972846961843507
0.7973098538392445
0.7899165908452437
0.7899396813570079
0.7899559995637825
0.7899657881269149
0.7825557868486684
0.7825645504900224
0.7825684570909935
0.7825668772941334
0.7677275565910557
0.7677293134779632
0.7677327219694209
0.7677099571753137
0.7454333253042459
0.7454335801098663
0.7454450035567987
0.7454550593266006
0.7380790730906426
0.8351174845978133
0.8246171409271192
0.8240950653512743
0.8278303234048241
0.7308402293245434
0.7307963679354067
0.730773307707774
0.7233599184176575
0.7233720860608541
0.7233833648048053
0.7233940393750379
0.7159880891864394
0.7159995034040985
0.7160085581424531
0.7160159348387852
0.7086052650589245
0.7086139260694451
0.7086244962793399
0.708635770237184
0.7086482862353963
0.70865134679244
0.7086531218830548
0.7086593438406378
0.7235033314604086
0.7234845260777607
0.7234605157474596
0.7234465213942439
0.7382769172823045
0.7382721093031601
0.7382690123169393
0.738270557944406
0.7456936937584981
0.745701810296983
0.745710959065695
0.7457195986650216
0.7457272949459675
0.7457374850300262
0.7457465966650644
0.7457531675582465
0.726319240182767
0.7151880590432811
0.7042611403077971
0.7034257371072044
0.7383756900551476
0.8352231341992055
0.8352084271170416
0.8351931108033466
0.8500152009512764
0.8500029870805712
0.8499886141293367
0.8499705471913271
0.8499495548720728
0.8499310744081389
0.8499143576507441
0.8498983703624133
0.8498825545694215
0.8498645108745322
0.8498432270912207
0.8498189765931112
0.8423763069805263
0.9715007153820286
0.9714480859455622
0.9714196902665191
0.9936556804541922
0.8644764573027421
0.864478100171512
0.8644653756508967
0.8941170696112953
0.8940892088348491
0.8940629265116669
0.8940417837626863
0.9088601588103089
0.9088413480833323
0.9088248053052155
0.9088132266969411
0.8939693639414719
0.7970845293688993
0.7970822742879589
0.7970787937694287
0.7896567635627557
0.7896653822727472
0.7896817779241277
0.7897004519332357
0.782304372100263
0.7823278545248676
0.7823463296655269
0.7823587033237677
0.7675326491477368
0.7675455600554318
0.7675584306979569
0.7675697654132044
0.7453266479557158
0.7453469579696734
0.7453673022664038
0.7453824782264532
0.7380182808665228
0.8350811999558532
0.8228503564217576
0.7660361610629047
0.8278963887342746
0.7308208881738805
0.7307714632499899
0.7307491651265464
0.723337918557762
0.723349532117968
0.7233588752066809
0.723367926955721
0.7159592084067484
0.7159685032440803
0.7159774254925204
0.7159855613656607
0.7085761688388289
0.7085843177541876
0.708593318150205
0.7086038069492572
0.708613805643029
0.7086163966197856
0.7086200513044483
0.696964868322092
0.7234794460670262
0.7234567762202376
0.7234349876268488
0.7234227245267273
0.7382530372688585
0.7382462209712899
0.7382386920529744
0.7382331575829334
0.7456487987259648
0.7456528716416259
0.7456617447406343
0.7456707319926441
0.7456795614405572
0.7456886749550526
0.745692865367146
0.7456911429706122
0.7382675473863163
0.7382713752550913
0.7155921751630006
0.6906613363386269
0.7383707155600546
0.8352134910782146
0.8352087837817466
0.8352004437049094
0.8500314329351644
0.8500245217766523
0.8500126447156531
0.8499994857230784
0.8499825663061792
0.8499710202833397
0.8499636953405764
0.8499593313318858
0.8499570311763913
0.849948297339088
0.8499324298576233
0.8499132405176913
0.8424776487961013
0.9716593786505489
0.9716547987075626
0.9716439946514366
0.9938836737747508
0.8646657645917689
0.8646349344392296
0.8646138497958306
0.8942676680513152
0.8942401629064147
0.8942108919170406
0.8941878295339253
0.9090061613974354
0.908987136449114
0.908970845075782
0.9089621074542132
0.8941248770176176
0.7972490890754341
0.7972564862638438
0.7972652429341626
0.7898566395902307
0.7898684627346063
0.7898776184968189
0.7898811032177706
0.7824618679391699
0.7824691326820498
0.7824809874613523
0.7824941590419636
0.7676722040301367
0.7676839353577566
0.7676907312572048
0.767692570920599
0.7454395878969338
0.7454542233028962
0.7454742209901984
0.7454925977019834
0.68341552899114
0.7156912906111071
0.6408386039235412
0.6254374707877042
0.7631817853932108
0.6595158780456969
0.6563098947518379
0.6475721882629092
0.6361381792508182
0.6288267864381685
0.6261554550518607
0.6246797615383819
0.587770384728177
0.5607069599040235
0.5587606537598594
0.5544511818578497
0.5417788990114353
0.5361158205126331
0.5170560803995474
0.4991488858323529
0.503359909284446
0.49781512456550153
0.4913657102144589
0.4896490485039997
0.530297592099319
0.5246096088991324
0.5201840318951999
0.5139070440339923
0.5344323880836291
0.5373417785738028
0.5377581727392745
0.5394640121929947
0.5456254674947831
0.5473956185692946
0.5488008563930901
0.5504644017458238
0.5487210728392053
0.5515837311044798
0.5554140914411239
0.5654305216044957
0.5564298452039166
0.561443093862804
0.5698868912505672
0.5737536301657449
0.738655957706299
0.8353236706655783
0.835307669530906
0.8352917948247041
0.850110597198161
0.8500961190405809
0.8500749186999237
0.8500523502179905
0.8500311894857102
0.8500182121215077
0.8500101221398391
0.8500017583141848
0.8499932843574138
0.8499841816408299
0.8499714423766317
0.8499587633524844
0.8425307713715818
0.97169428806047
0.9716852898276971
0.9716936341510254
0.9939605025913879
0.8647778210690096
0.8647778647249739
0.8647838840798246
0.8944673279467197
0.8944621748045309
0.8944437106812705
0.8944203908535283
0.9092331879976286
0.9092316675522528
0.9092505095370205
0.9092622321806622
0.8944211380295941
0.7975421795618302
0.7975588620069208
0.7975810801616441
0.7901485628153739
0.7901336824244102
0.790134221152444
0.7901448400344577
0.782739094507832
0.7827530838047502
0.7827635236967583
0.7827680575042737
0.7679363801941623
0.7679477027873886
0.7679624774623074
0.7679770160720768
0.745737187681376
0.7457597814660037
0.7457807619255212
0.7457948546324755
0.6717958922552646
0.5968506073616248
0.5669052844880552
0.5711990282015126
0.757393776673245
0.6615067987292637
0.6525534378302538
0.6506112732651964
0.6302921818711864
0.6125937539790549
0.5592062346767569
0.5510170346989307
0.5262761721389135
0.519081939235695
0.5060134382387166
0.5006211079095743
0.4820994991480532
0.47806530261492874
0.4734993501984104
0.4694409907815622
0.47822939519563434
0.47457775455470647
0.47230605181432445
0.4687531930730114
0.5208317617936543
0.5191516086968567
0.5190582486488824
0.5207735252560906
0.5373445843522365
0.5356495258169072
0.5267649685534548
0.5237334854140268
0.5279348882603522
0.524977492718395
0.5237710397968846
0.5223304815107146
0.5169091700771727
0.5184427770438895
0.5187773837368281
0.5200563122653081
0.5092121577883494
0.5104848989110389
0.5124310654563841
0.5130084461393326
0.7389451732110702
0.8355625225747905
0.8355730241239644
0.8355752341691828
0.8504065766438841
0.8504025551263357
0.8503976983150519
0.8503923784827169
0.8503861403683699
0.8503831222456791
0.8503817892349507
0.8503802670976272
0.8503779766559112
0.8503723466646471
0.8503638437366553
0.8503547657818967
0.8429265051441571
0.9721710206908876
0.9722276605628358
0.9722454736780618
0.9944916943673753
0.8652341956850961
0.8651626543170439
0.8651186010910115
0.8947657792946484
0.8947366332443026
0.8947084635924215
0.8946866421158914
0.9095049483897522
0.9094843626244563
0.9094659267620114
0.909452611405675
0.894607997744881
0.7977282072470591
0.7749060825440175
0.7501967033398258
0.7206527192954291
0.7098250142246894
0.7087372814058123
0.7090302698821611
0.6833175628408974
0.6497220843470916
0.6354074028684681
0.6328118267360883
0.6123816396776695
0.5986652669667462
0.5975527118167285
0.5949095183002528
0.5459563097311964
0.5373011768589179
0.5348988314122168
0.5320669251676584
0.46042964914885215
0.5578618377230666
0.5585618280932353
0.5591746622521634
0.5807313745864192
0.48017689067770203
0.48230387829168414
0.47335775449466994
0.459651667925745
0.4552937201161491
0.45410582992601406
0.4561405080208756
0.44804132785579015
0.4401319453078299
0.4414415746134968
0.44536529229747246
0.4309530220883154
0.43128560656449777
0.43064210906388734
0.4301053365132753
0.43461616969056405
0.4332727726129452
0.4326835914723759
0.43211576282083075
0.45865557829637865
0.46402442537496685
0.4657147283996782
0.47871268050480015
0.49793005651179306
0.49283261382494276
0.4904119296236678
0.488236420614518
0.49458807595440085
0.49329151012865147
0.4983281973060727
0.49730928028278887
0.4990818254736097
0.4958219567907891
0.49942153098856623
0.500182918281744
0.4955975119783207
0.4924554983608724
0.4945304558567681
0.49932888830686945
0.7388435673940403
0.835433119738157
0.8354451905091316
0.8354433596338198
0.8502675277277914
0.8502551538080496
0.8502396564649916
0.8502252115817783
0.8502088621124847
0.8501971434298272
0.8501829046349807
0.8501661633672081
0.8501487925069414
0.8501337249294013
0.8501282275758069
0.8501274738339892
0.8427083145384996
0.9719002288020457
0.9719010370801011
0.9718924102900762
0.9941316213372815
0.8649069569403879
0.8648689076233324
0.8648427276740429
0.8944961646385232
0.8944720418957142
0.8944492450352995
0.8944337500385757
0.9092509330472149
0.9092156236624643
0.9091995939627889
0.9091895989328949
0.8943544245064327
0.7974812946459129
0.7974933931340178
0.7975075632189321
0.7901037593746071
0.7901226422508637
0.7901400610225806
0.7901529035915459
0.7827446671032554
0.7827546751715585
0.7827606050628303
0.7827613204530438
0.7568964115604894
0.7482066692376933
0.7435188299791583
0.7125384644224177
0.6535889793370433
0.650738921060258
0.6484270133023313
0.63538939191847
0.4619908543245593
0.5614837063385973
0.5553148279744269
0.5566203542782834
0.6164344416082005
0.516497065305668
0.5036561634158001
0.49825680254270105
0.48255210338237337
0.47758516184180744
0.47246593808178544
0.47099308639053233
0.45957296039556517
0.46303098205423276
0.45397814794682373
0.4542228430050117
0.44283358307050413
0.43695723556232063
0.4367274792444573
0.43555013946478005
0.43859063870524195
0.43904109657421675
0.44151232280076497
0.438806468148514
0.4806000973663295
0.4705573844669059
0.47764699216530826
0.4728342572817216
0.4877832161193678
0.49131662365475093
0.4935372304389003
0.4962004522970386
0.5062804573271333
0.510038396536138
0.5143817578181306
0.5179186959642632
0.5172095045352324
0.5287050380436805
0.5402172989935619
0.5443839051502323
0.5374434392501641
0.5430524387195261
0.5466434879716788
0.5624027775070143
0.7386116757830407
0.8352635600607802
0.8352533996743489
0.8352381687509376
0.8500622289049811
0.8500504774976568
0.8500361200046647
0.850019855189997
0.8500026235227855
0.8499832968611886
0.8499609352855699
0.8499387702553443
0.8499180309839732
0.8501159593435084
0.8509063658751977
0.8517356287543326
0.8440453297797285
0.9728566613653846
0.9725687008330661
0.9723460887774955
0.9943937168364556
0.8650846787111993
0.8649510059025645
0.8647755456656524
0.8940407402844892
0.8939348433520147
0.8939022307830456
0.8938767423677011
0.9086903079759117
0.9086678109096301
0.9086527997023363
0.9086475248590963
0.8938141070059397
0.7969413891342748
0.7969522933761662
0.7969637498533914
0.7895644676698376
0.7895885306104645
0.7896168849220646
0.7896410475316703
0.7822439311350281
0.7822549687686666
0.7822605552098945
0.782258906500253
0.767420147933716
0.767425787996558
0.767436970374209
0.7674488386044294
0.7452065780855359
0.7452259189472534
0.7452433284930466
0.7452547783922415
0.7378858944234487
0.8349431465951472
0.8350415814296808
0.8232815984251441
0.8276599632882183
0.7306490590524228
0.7306035708355255
0.7305846922686936
0.7231773452504621
0.7231923007979777
0.7232029716300178
0.7232115433296659
0.7158044924060187
0.7158181959512986
0.7158333054826359
0.7158482535984736
0.7084458972537833
0.7084598488302158
0.7084716767050557
0.70848391274751
0.708496650403423
0.7085023647624312
0.7085082555934988
0.6962650620330711
0.7233759707436507
0.7233572206572473
0.723342011178331
0.7233355895111618
0.7381689371084172
0.7381602141931936
0.7381464895362714
0.7381347219761181
0.7455451946701231
0.7455401217728399
0.7455360443204566
0.7455310283006525
0.7455256627188311
0.7455264858104393
0.7455304818392386
0.7455346758758965
0.7381316985743276
0.7381480104505402
0.7381558628635774
0.7381563118241277
0.738153720430518
0.835034517593932
0.8350304408659336
0.835021116125713
0.8498456425429408
0.8498364922825381
0.8498267925201217
0.8498160874456722
0.8498048457151807
0.8497910995128547
0.8497746966247477
0.8497553508182843
0.8497358760394211
0.8497173669344671
0.8497005845316947
0.8496846039582784
0.8422494277207023
0.9714017687193156
0.9713765407238821
0.9713670426132287
0.9936211910529335
0.8644239923440532
0.8644097770286968
0.8644010292028284
0.894068768777539
0.894050661555851
0.8940256773450694
0.8940040231297637
0.9088202749354555
0.9087969612491661
0.9087751331043937
0.9087586374278601
0.8939111215450058
0.7970212187908027
0.797013175386474
0.797003967782889
0.78957871864867
0.7895833908331258
0.7895811557894469
0.7895510669030974
0.7821062326975402
0.7820988516572619
0.7821020646013274
0.782105932019724
0.7672728011945034
0.7672757685170642
0.767276107908493
0.7672737651032325
0.7450522916178816
0.745098288825072
0.7450990942556949
0.7450811533376306
0.7376813259504132
0.8346838854053356
0.8347583593221914
0.8347865837584484
0.8273811266253538
0.7304342614776722
0.7303781469362908
0.7303561509779658
0.7229396954541742
0.7229483434841592
0.7229578468624691
0.7229669079916156
0.7155593219327753
0.7155696633696318
0.7155783140094124
0.7155859792583383
0.7081748661122212
0.7081806962776929
0.7081865030206631
0.7081917091029674
0.7081976780664211
0.7081966136114488
0.7081960185571293
0.7081995877724604
0.7230403770801253
0.7230202913571459
0.722997408913379
0.7229851618097556
0.7378168429779287
0.7378073962835132
0.7377931649910586
0.7377769246560764
0.7451781231431358
0.7451621834561165
0.745146057476435
0.7451311286483673
0.745117482295813
0.7451074402952138
0.7450969400373264
0.7450841361273036
0.737651596815741
0.7376364665883883
0.737623012871702
0.7376059956929445
0.7375936014377916
0.8344664455886616
0.8344545249473112
0.8344405640294283
0.8492643395793492
0.8492545528128633
0.8492454298064626
0.8492323028663744
0.8492169801148365
0.8492023107976555
0.8491858345838961
0.8491674533305841
0.8491484340504802
0.8491301326430617
0.8491146960222103
0.8491011748795391
0.8416705460987891
0.9708290413287364
0.9707979026305711
0.9707706298916602
0.9929986862282865
0.8637906077109726
0.8637715495169448
0.8637533849500716
0.893406300069988
0.8933796079864768
0.8933530167112174
0.8933317677606767
0.9081503139021856
0.9081313512785008
0.9081154609471486
0.9081048277938043
0.8932619258418828
0.7963803763894701
0.7963841592526317
0.7963895366437497
0.7889793784953744
0.7889895483076985
0.788997124723382
0.7890004392490972
0.7815831124010242
0.781590809396621
0.7816020440850926
0.7816131110198075
0.7667877211846843
0.7667986934136216
0.7668073898275851
0.7668128162001293
0.7445630050866329
0.7445774860597419
0.7445938779923049
0.7446064076796396
0.7372350231209788
0.834277925044635
0.8343701831583045
0.8344036242621895
0.8269749009738101
0.7299891569589116
0.7299498102469196
0.7299343183400354
0.7225264941923009
0.722536898099581
0.7225400915356076
0.7225396975839098
0.7151234173834762
0.7151298591232542
0.7151406591208711
0.7151523548353187
0.707745744918142
0.7077560917863264
0.7077659004196482
0.7077750531537041
0.7077849597833334
0.7077864176489949
0.7077875103647422
0.707791429280615
0.7226324751084806
0.7226155037556933
0.7225960474615277
0.7225859617665273
0.737418214509421
0.7374120584156896
0.7374044905362843
0.7373964266526949
0.7448070547021557
0.7447997039031039
0.7447902764043361
0.7447795367665953
0.7447683408438494
0.7447635743684295
0.7447624614958606
0.7447611845129294
0.7373423854167557
0.7373407952308859
0.7373346844372201
0.7373254912382778
0.7373150567940538
0.8341912801957477
0.8341853906572528
0.8341764062587315
0.8490039531014111
0.8489988479959015
0.84899433201863
0.8489895174521519
0.8489844231730038
0.8489808989484436
0.8489756189750516
0.8489691719022484
0.8489615702876511
0.8489517108051001
0.8489395104357659
0.84892520957616
0.8414919569692851
0.9706693532090988
0.9706586159157807
0.970642737434383
0.9928762367321585
0.863658691660782
0.8636308962090794
0.8636133636829681
0.8932743950740897
0.8932593071091375
0.8932449389605888
0.8932341112971499
0.9080603113999679
0.9080480960423057
0.9080392999667191
0.9080372713549212
0.893207067355744
0.7963375406729067
0.796350115826508
0.7963622591883137
0.7889591609350696
0.7889740290539698
0.7889833057741259
0.7889864191495579
0.7815676582949533
0.7815723545026082
0.7815776995240022
0.7815812416309795
0.7667494010302116
0.7667588824009894
0.7667709900062469
0.7667822739339393
0.7445388758507575
0.7445573330239955
0.744573976381258
0.7445855525877894
0.7372148963070783
0.8342576657406249
0.8343458759410615
0.834373376778364
0.8269369106275621
0.7299567286300993
0.7299189388223277
0.7299016181439933
0.7224914899858808
0.7225057642459067
0.7225194970455008
0.7225328441859717
0.7151300287648171
0.7151440585030071
0.7151559350864203
0.7151675163830161
0.7077611412768323
0.7077712943501205
0.7077804363206865
0.7077890070599295
0.7077984583043628
0.7078008072794186
0.7078047384561356
0.7078140809979241
0.7226612683934274
0.7226495222590245
0.7226350177003632
0.7226297161578132
0.7374661292743729
0.7374642581027168
0.7374622140044298
0.737463787089187
0.7448874841564006
0.7448960288379047
0.7449055183340282
0.7449145441480447
0.7449212609131486
0.7449276834386623
0.7449350816803563
0.7449513233248047
0.7375562018546415
0.737583636806425
0.7376016605835873
0.7376133359229635
0.7376242159445071
0.8345168123341633
0.8345217068429365
0.8345209894089236
0.8493565014643052
0.8493570264055414
0.8493555686503766
0.8493503639203773
0.8493424353450312
0.8493378060035944
0.8493342819693084
0.8493298870198456
0.849324498762538
0.8493220587056722
0.8493229407690889
0.8493219895589694
0.8419013839710024
0.9711006095228306
0.9711130137425518
0.9711167388031839
0.9933493790388604
0.8640865044058317
0.864027437306816
0.8640025652137594
0.8936610354870121
0.8936419696180212
0.8936210188822226
0.8936046977081507
0.9084289835854019
0.908416406616822
0.9084060991670352
0.9084022354755438
0.8935691546539498
0.7966972024712289
0.7967098278323549
0.7967208404628545
0.7893154064961454
0.7893315823341763
0.7893450688544452
0.7893553882910516
0.7819441312729989
0.7819527735319493
0.7819596118173552
0.781962159427268
0.767127756075978
0.7671358153744396
0.7671490232935811
0.7671642223540996
0.7449263685270772
0.744947592674134
0.744964656927024
0.7449742713672117
0.7259708184085322
0.7390903939086947
0.694933156321179
0.6811418834226975
0.8160614839083782
0.7304245428116747
0.7303414768200981
0.7303188431779273
0.6886764193021748
0.6746851929134025
0.6757994987015032
0.6747316689852503
0.6553739124608534
0.641432928176573
0.6267111159040345
0.5949562935810777
0.5712639839586864
0.5684480201070141
0.5532749345994168
0.545945944831098
0.5555914874062167
0.5356170816795067
0.5298804418161704
0.524446944978027
0.6003901781665802
0.5896969165899822
0.588390308062684
0.5893414673430163
0.6069654242351403
0.6063784798616494
0.6039824665451523
0.5888716376936519
0.5913692317423093
0.5860157472909474
0.5824560268660207
0.5797620281898189
0.5744614251761133
0.5758553108708503
0.5760461322302409
0.5775245421265496
0.5642666065747243
0.5634323048735952
0.56480912563505
0.565622303793151
0.7381172186590513
0.8347377969261057
0.8347227082441513
0.8347120955758265
0.8495380388500542
0.8495319534320542
0.8495265750389477
0.849520200746252
0.8495133675244054
0.8495080299350443
0.8495040144433638
0.8494991285565014
0.8494934817942699
0.8494875134572796
0.8494816553588618
0.8494750441270126
0.8420489705763475
0.9712576384623204
0.9712692855072981
0.9712544922403024
0.9934768902056207
0.864243597727323
0.8642035231042212
0.8641776710469466
0.8938304380834567
0.8938066477870308
0.8937852344963495
0.8937703683076549
0.9085948582340218
0.9085804281583593
0.9085678671554791
0.9085600569903871
0.8937216266605876
0.7968414678927558
0.7968433475770232
0.7968443300943601
0.7894271766646119
0.7894318820549012
0.7894370121631458
0.7894394334546038
0.7820222474490341
0.782027857087658
0.7820339557799935
0.7820372574677077
0.7672029591290142
0.76720567095225
0.7672067865750204
0.7672059496223859
0.7449508573203983
0.7449608545343743
0.7449737033079735
0.7449821509430261
0.7317431535430237
0.7555696342447713
0.7249307822550677
0.7059842850767465
0.7821736980394839
0.6945068722388316
0.6849394497942118
0.6844539658520776
0.6760965206414026
0.6755412070689987
0.675578423844473
0.6749444052403871
0.656174621998255
0.6444977810206983
0.6434982936821954
0.6426948970997233
0.6212175600863722
0.5955431275769438
0.5837800686398953
0.5794577124230152
0.5993043536993927
0.5848449792473753
0.5834278564621798
0.5816271889494955
0.6556255530897105
0.6876177917681993
0.6882964617395002
0.6992723840911301
0.7376745112973063
0.7376441463019343
0.7376285032578467
0.7376190402849655
0.7450320804186591
0.7450304769305454
0.7450304660581688
0.7450306647484426
0.7450300847620516
0.7450292167068582
0.7450255634898706
0.7450179826860627
0.7375905881456271
0.7375864863638325
0.7375851476386086
0.7375830799834119
0.737579484322247
0.8344580554987532
0.8344514260573921
0.8344405418243936
0.8492650089506318
0.8492672450006843
0.8492691170699113
0.8492636140379962
0.8492516147009302
0.8492365655247305
0.8492191349330572
0.849200443307228
0.8491810545270493
0.8491645230365535
0.8491506246955676
0.8491369162814152
0.8417047778655038
0.9708587147649453
0.9708293110044499
0.9708110508695805
0.9930513701162845
0.8638529922447897
0.8638404645911375
0.8638271323591749
0.8934873713911791
0.8934717805981576
0.8934596967864853
0.8934544908283726
0.9082894512283526
0.9082618760803193
0.9081873409736825
0.9081319416641337
0.8932747981200024
0.7963875903629533
0.7963901211767207
0.7963950642616825
0.7889855022791799
0.7889954401094205
0.7890010352316336
0.7890021246489656
0.7815814271642822
0.7815826496244582
0.7815852953912521
0.7815865820391307
0.7667524312528906
0.7667570409866199
0.7667618685572986
0.7667652734516291
0.7445141700010783
0.7445266687011212
0.744542160798523
0.7445544156440403
0.7371693088191132
0.8341594805698136
0.8342226181172764
0.8342427443273901
0.8268286859171498
0.7298862384626117
0.7298388852725103
0.729821618001614
0.7224057936904438
0.7224125757536329
0.7224178041336566
0.7224222113228793
0.7150085889093808
0.7150133317225297
0.7150182348086382
0.715022920466471
0.7076082943545092
0.7076125845450465
0.7076195515982536
0.7076284822246854
0.7076386246856124
0.7076412190313621
0.7076432063638901
0.7076480911451746
0.7224894477769623
0.7224716257299252
0.7224514216594775
0.7224391140880412
0.7372690126779008
0.7372606291045004
0.7372500103962447
0.7372402565169787
0.7446522853629419
0.7446496055061285
0.7446481302975736
0.7446453311481558
0.7446406264820813
0.7446392658671
0.7446377706372095
0.7446342943262252
0.7372117830449368
0.7372086501895331
0.7372040249016533
0.7371969297762091
0.7371888929369321
0.8340657071583687
0.8340595056573606
0.8340505605844895
0.8488777969531661
0.84887093244464
0.8488638249869288
0.8488562167128011
0.8488471141231653
0.8488391739562009
0.8488303317935373
0.8488202172538507
0.8488089559692171
0.8487961138112523
0.8487825248521759
0.8487690125419107
0.8413374116097376
0.9705098403448879
0.9705002902715465
0.9704944112107545
0.9927439660312054
0.8635390695072827
0.8635184007884528
0.8635036563571143
0.8931638319527558
0.8931430591623302
0.8931200280454055
0.893100620932358
0.9079263296193455
0.9079263296193455
0.9079263296193455
0.9079263296193455
0.8930908297781498
0.7962118588262148
0.7962118588262148
0.7962118588262148
0.7887941089056171
0.7887941089056171
0.7888025601754618
0.7888137863896507
0.7814045841809859
0.7814165710285073
0.7814287596814777
0.7814380504360747
0.7666100762464856
0.7666206027880939
0.7666306009344884
0.7666389269776271
0.7443934061130133
0.7444105413841685
0.7444289813279428
0.7444437696944608
0.7370703487363
0.8340970562350054
0.834185243580646
0.8342215184022839
0.8268236168565692
0.7298679154948872
0.7298073253651014
0.7297880217373701
0.7223780230605494
0.722390762834508
0.7224008197327061
0.7224088427588008
0.7149992803144818
0.7150096692586114
0.7150204344522139
0.7150312333767582
0.7076238441266963
0.7076329988768084
0.7076418309280549
0.7076500951783158
0.7076586687891075
0.7076604820259601
0.7076625077226478
0.7076683595364986
0.7225123676283307
0.7224976556986271
0.7224805115834463
0.7224710724037219
0.7373029979696283
0.7372944954533722
0.7372829802281667
0.7372742259903369
0.7446891598841732
0.7446919412954682
0.7446972783210529
0.7447017541976143
0.7447052762728003
0.7447103862451313
0.744715016513371
0.7447176818791261
0.7373008184562415
0.7373029603446952
0.7373032952537582
0.7373004060641952
0.7372944507408817
0.8341715913912728
0.8341653921196148
0.8341564452826297
0.8489824316113402
0.8489795226123377
0.8489857646086637
0.848971292816498
0.8489515528656396
0.8489290603607427
0.8489135548425208
0.8489021569585339
0.8488915778953949
0.8488797057403906
0.8488665427054123
0.8488530871469901
0.8414212861922422
0.9705944864357577
0.9706072222447206
0.9706631151732757
0.9930065110781765
0.863860422680332
0.8638657353475184
0.8638666701729097
0.8935429699209173
0.8935386776565489
0.89353098454201
0.893525830666745
0.9083591960272265
0.9083347402759675
0.9082575014385743
0.9081999419206417
0.893342900638438
0.7964582847664085
0.7964661225488029
0.7964766424846678
0.7890706658433505
0.7890841963585901
0.7890945299001919
0.7891002769492971
0.7816863831896024
0.781695218838858
0.7817048237995313
0.7817120626623456
0.7668827108844375
0.7668940102156455
0.7669068538195206
0.7669182143758392
0.744675760999288
0.744695578590323
0.7447143563703819
0.744727754942612
0.7373630616732654
0.8344313115964106
0.7769815554254689
0.7517108166122334
0.8272852651492942
0.7301801785323223
0.7301273141166422
0.7301033851856068
0.7226942855277668
0.7227104439567086
0.7227239302329669
0.7227370346369927
0.7153337251476749
0.7153510348470472
0.7153704123695968
0.7039415393149662
0.6832932342757039
0.6608981220269328
0.6472996344000369
0.645176144923208
0.6462267843853219
0.6333505871649338
0.6294805265249868
0.6079428515111114
0.6396507442356107
0.63752594359491
0.6347865883039406
0.6134715570934525
0.6415593563807105
0.6799314383690788
0.7015628256077727
0.7377861414135907
0.7451501001391908
0.7451294956005
0.7451172577718995
0.7451091931469676
0.745101840817643
0.7450982552328975
0.7450950856755147
0.745090297177993
0.7376657393288649
0.7376617387880059
0.7376581932110611
0.7376523696244262
0.7376455733522601
0.834522477391382
0.8345154158197711
0.834504748174753
0.8493305393015529
0.8493232650980146
0.8493165853069317
0.8493090437093637
0.8493009262016417
0.8492920336663762
0.8492796942785116
0.8492644073779084
0.8492469352631065
0.849230485391963
0.8492156972108817
0.8492016316530612
0.8417702489797895
0.9709268968547862
0.9709003911678913
0.9708832512852109
0.993123128815823
0.8639228471331017
0.8639076046306551
0.8638935824251084
0.8935522646559111
0.8935300381155609
0.893506288717118
0.893486854022341
0.9083071590101647
0.9082916875221402
0.908281087215912
0.9082780975773131
0.8934461937687278
0.7965753220700182
0.7965894432898544
0.7966050378820184
0.7892039646364034
0.7892242469083033
0.7892427823099053
0.7892585129923565
0.7818542427571006
0.7818694103559445
0.7818818988503294
0.7818900909982212
0.7670609135419116
0.7670720887013746
0.7670855480076219
0.7670987690248454
0.7448577512122224
0.7448777245967875
0.7448964814915635
0.7449097178716844
0.6994769964828588
0.6662520270027379
0.5968628657565008
0.5932037681583583
0.827706230906451
0.7303390344745697
0.730286176278518
0.7302785388228112
0.722874389560646
0.7002707903292975
0.6859907704946523
0.6636490041697878
0.6516903664868604
0.6143391237096335
0.5764189833840363
0.5563083228524696
0.5386329348028746
0.5201621674992305
0.5127181426268603
0.5053893539674024
0.5122089720669584
0.5074965018446304
0.5043190484259867
0.4959623021914769
0.5502196220189107
0.547061886399861
0.5426274516036061
0.5387273877871985
0.5547412765175821
0.5519387121210245
0.5447723345702689
0.5418744616664394
0.5511702867014405
0.5456813655907484
0.5443209221680901
0.5436349136421098
0.5381275731675119
0.5387732930017868
0.5391283218091235
0.5408491746224845
0.5283110799163461
0.5280298769412858
0.5288542459747778
0.5293173664448272
0.7382100621783079
0.8347928102168408
0.8347935846835364
0.8347917018040314
0.8496218383176097
0.849617633712889
0.8496130542933437
0.84960643513241
0.8495968884269848
0.8495894667612036
0.8495836012961142
0.8495767383925231
0.8495684462278541
0.8495622865447484
0.8495589096019291
0.84955744452145
0.8421377378021239
0.9713498385051992
0.9713772166335828
0.9713926585428184
0.9936522711499697
0.8644294567844959
0.864388238365532
0.8643654560823334
0.8940285750783402
0.8940157512534428
0.8940037963366525
0.8939953709529358
0.9088237844753242
0.9088108103021163
0.9087975634164631
0.9087886769467138
0.8939496469597834
0.7736184606724691
0.7490701349005544
0.7479996165733492
0.7272559231470838
0.7165691455526635
0.7148774207741866
0.7151144300636485
0.6912450818244603
0.6603976370724932
0.657366638708299
0.6556019325707629
0.6287296867189425
0.6171557444235316
0.6161358970927568
0.6148832952783934
0.5611791509276097
0.5562473732583941
0.5537126737159591
0.5498548193189232
0.4593329279213353
0.5568063760737114
0.5577961387814804
0.5586684006869118
0.5899470547384617
0.49160546740326844
0.4916957436669527
0.49387273356247746
0.48187507208442165
0.4816049557530488
0.47850143715907045
0.46973313035878494
0.4589500055564203
0.45494531570436797
0.45587889936501447
0.4546357267457232
0.4512426703243669
0.4468673836660314
0.4609937278845717
0.43911068109168516
0.4501318500483194
0.4529566070154385
0.45444255467033134
0.4450021607355237
0.48214392216749064
0.4834158149775292
0.48049551454475087
0.4802105808195366
0.4921396244601391
0.4997127792756442
0.5023444962571993
0.5022387843434496
0.5064865449734952
0.5052591995305652
0.5060012131783418
0.5053812301973866
0.5018922333999606
0.49927813396549553
0.49901601455502664
0.5003279195024559
0.4935473858533785
0.4930186319362481
0.4936575315684674
0.49441740027741315
0.7383714597861567
0.8349273746369122
0.8349436475910348
0.8349472660176797
0.8497761599323285
0.849770485973075
0.8497657776204307
0.8497600517346281
0.8497504298813162
0.8497437682011729
0.8497393862706574
0.8497354538928402
0.8497304523065482
0.8497192436461427
0.8497031859460177
0.8496839746844138
0.8422456473393191
0.9713647804471827
0.9713105822447621
0.9712889865473164
0.9935365342513067
0.8643686235341584
0.8643815923631003
0.8643789929749924
0.8940409572645529
0.8940240012971088
0.8940136384875731
0.8940070716885038
0.9088352935625635
0.9088225738237504
0.9088106521337201
0.9087962976873256
0.8939299258656382
0.7970390327351369
0.7970356244035112
0.7970416610705244
0.7896362717023503
0.7896506382588249
0.789659713624243
0.7896641996667899
0.7822476075375768
0.7822553428060213
0.7822648639589148
0.7822722226148618
0.767443532164114
0.7674544049652202
0.7674651866135316
0.7674739339358799
0.7452283937729074
0.7452461279830451
0.7452640047625979
0.7452768437918045
0.548104638760226
0.5657701636390858
0.5681742409621444
0.5683195238627579
0.7044950826743096
0.5927476025086061
0.5789902835744678
0.5499419916870262
0.5388813116492585
0.537205066430422
0.5341026644669308
0.5316934989596139
0.5198668994192182
0.51520905349325
0.5118919284113428
0.5092105280752103
0.49711374508902395
0.487592692099321
0.4771584028680932
0.47177581552963765
0.481326275398848
0.47921287484629277
0.4769509232014526
0.47487176731086406
0.5317406681052123
0.5290214016093853
0.5270474755729946
0.5257380156617404
0.5423711288402758
0.5410998272585058
0.5403101696623649
0.5392547058720306
0.5428933081421101
0.54084676465613
0.5397674498757208
0.5377879800170883
0.5341972234090828
0.5374128060014406
0.5409627426516279
0.5453799692324719
0.5346791637633406
0.5372419628242547
0.5392091676600149
0.5408987985528518
0.7383413175672474
0.8349512183718563
0.8349439469418085
0.8349345147262957
0.8497590701145189
0.8497509780184678
0.8497435529387479
0.8497361229784653
0.849727498080195
0.849719818722795
0.8497120341929902
0.8497037078411818
0.8496942464816201
0.8496840126697979
0.8496745477794705
0.8496654843402033
0.8422386267150481
0.9714240506225861
0.9714155392290913
0.9713947758043113
0.9936180022560201
0.8643954946239456
0.864365404314589
0.8643438102471958
0.8939965388625106
0.8939696604467414
0.8939439560092524
0.8939241639164074
0.908743996746685
0.9087246767939925
0.9087069166339019
0.9086940738466108
0.8938498538290425
0.7969660431603771
0.7969673065822505
0.7969672453318895
0.7895482843014783
0.7895505441600087
0.7895527232747496
0.789552556364106
0.7821334686419661
0.7821380404158879
0.782143359486384
0.7821455441990967
0.767310522768651
0.7673141807599541
0.7673176271780509
0.767318674226065
0.7450652420453611
0.7450764728160775
0.7450893828728632
0.7450977015833296
0.7377096583103487
0.7610391358278443
0.735120165314192
0.718346711806073
0.8276624015400341
0.7304834264338331
0.7304062812212752
0.7303724904138349
0.7229472846404613
0.7229495031470384
0.7229524090415146
0.7229543713287192
0.7155393963870897
0.7155436718528513
0.7155497531274982
0.715556565921515
0.6960750087613918
0.6722021893709053
0.6609050347948338
0.6608949572460849
0.6623495752636908
0.6618986666314522
0.6613832374204779
0.6608269647863847
0.7230678136125749
0.7229902518512124
0.7229546339879243
0.7229358975303128
0.7377653006645813
0.7377610935252641
0.7377575627214813
0.7377556000210023
0.7451714777421183
0.745169906057911
0.7451688459709874
0.7451671508855547
0.7451654772424703
0.7451680254712905
0.7451704045161675
0.7451697578961329
0.7377497001272961
0.7377495093135885
0.737748842217738
0.7377529121228062
0.7377552736627985
0.834639218920924
0.8346383767368197
0.8346333094986692
0.8494644689460317
0.8494620973745979
0.8494585502604536
0.8494524381278342
0.8494445480767189
0.8494357267635155
0.8494236226998085
0.8494086274746483
0.8493921360658812
0.8493737921543676
0.8493538699974077
0.8493342554596026
0.8418972049795906
0.9710228014483621
0.9709640967985559
0.9709255242557658
0.9931506390265207
0.8639667184707839
0.8639736245247438
0.8639777400217747
0.8936643402643356
0.893660572140961
0.8936409869327985
0.8936197330644826
0.9084382126428935
0.9084194742378792
0.9084042807059329
0.9083951310505047
0.8935429271738645
0.7966135746602214
0.796594548926557
0.796584317179361
0.7891714983999966
0.7891783013935914
0.7891798043626161
0.789176258311226
0.7817527442970861
0.7817525579722703
0.7817541927757163
0.7817546267632366
0.7669188399590231
0.7669222318617742
0.7669271024716371
0.7669315358123742
0.7446814071259302
0.7446936317660138
0.7447075118664943
0.7447172468210763
0.7373301538439615
0.8343263125015191
0.8343984097602263
0.8344250216485884
0.8270285271674848
0.7300891658739143
0.7300364585596802
0.7300142946539028
0.7225974243734579
0.7226040226554457
0.7226091210158636
0.722612381151027
0.7151967260510341
0.7152009065350341
0.7152065756544725
0.7152126704589937
0.7078007000727047
0.7078064090679136
0.7078131443605198
0.7078201421179273
0.7078266927306083
0.7078255626365282
0.7078234920498364
0.7078246074062944
0.7226633174977156
0.7226432877496748
0.722621467120631
0.7226109395686465
0.7374457102357206
0.737443788904352
0.7374410662586396
0.7374383389585597
0.7448546694368753
0.7448550009871645
0.7448551312239767
0.7448543856632152
0.7448539688548989
0.7448572758783424
0.7448607969370166
0.7448616318156913
0.7374432951185536
0.7374445603865383
0.7374444752697615
0.7374421530717705
0.7374391296520122
0.8343197893750377
0.834315809860203
0.8343077068110065
0.8491359807338318
0.8491290761643706
0.849120712810315
0.849111078187461
0.8491006457837418
0.8490932892686963
0.849085930515579
0.8490777673302895
0.8490687695440063
0.8490591259015942
0.849049422467326
0.8490397508682382
0.8416120684951118
0.9707954966369376
0.9707959676965588
0.9707971687011495
0.9930512625295924
0.8638374585909465
0.8638046787329536
0.8637817075891774
0.8934379192721361
0.8934172450815622
0.8933968542064401
0.8933819980199783
0.9082075700642367
0.9081932641997984
0.9081791515228533
0.9081695931560587
0.8933277410500351
0.7964486710172188
0.7964575148746899
0.7964689266475403
0.7890636758507887
0.7890750264246692
0.7890806602818895
0.789081586616714
0.7816624929110727
0.7816660908273357
0.7816715994662339
0.7816754162468504
0.7668426934509539
0.7668498504778929
0.7668578395143215
0.7668650656949575
0.7446183514591134
0.7446333875108513
0.7446495898560038
0.7446610093322447
0.7372779732281814
0.834286007527231
0.8343707358002898
0.8344080548042859
0.827014943158786
0.7300731477518192
0.7300216997891065
0.7300060183413538
0.7225963202775769
0.7226086020506717
0.7226178460152995
0.7226250365490221
0.7152142547757108
0.7152227340110409
0.7152317287948868
0.7152404672660839
0.7078307435420579
0.7078378804706382
0.7078456823391034
0.7078542545755961
0.7078618113239131
0.7078620828403449
0.707863104653162
0.707867801883076
0.7227104482365824
0.722692823343103
0.7226724150058786
0.7226627889085634
0.7374971082303686
0.7374958425177421
0.7374951919129338
0.7374960639397246
0.7449153681808152
0.74491748736867
0.7449194136546862
0.7449195914451784
0.7449196047622976
0.7449244554217072
0.7449296290600803
0.7449327942511497
0.7375155274602635
0.7375160553130143
0.737513753986162
0.7375207419286592
0.7375257497518821
0.8344100959982439
0.8344072845065665
0.8344004752118109
0.8492343154772847
0.8492364385444335
0.8492402437332612
0.8492382227363686
0.8492187235722157
0.8491931677944691
0.849169077075508
0.8491489636163125
0.8491314134707602
0.8491162647218533
0.8491021804466837
0.8490884279914481
0.8416569861704624
0.9708217760357197
0.9708014488638966
0.970785609851257
0.9930252283045906
0.8638314172444449
0.8638433472477924
0.8638670995127611
0.8935499080940909
0.8935380278133599
0.8935035796374066
0.8934223455046635
0.9081954570495505
0.9081607571079152
0.9081389929582115
0.9081298761226638
0.8932882479047087
0.7964071648824204
0.7964130456160587
0.7964210334892593
0.7890124173349256
0.7890237497950343
0.7890327281571192
0.7890395636279801
0.7816270106244297
0.7816363589638761
0.7816463490166601
0.7816537685523129
0.7668243276346848
0.7668326007196421
0.76683906260598
0.7668439099339044
0.7445941675507262
0.7446093171704041
0.7446285429951618
0.74464449955037
0.7372816397805709
0.8343460410976791
0.8344543755413033
0.834495936587202
0.8270701760225395
0.7300762183193431
0.7300285256329608
0.7300054881973487
0.7225946323503142
0.7226072931359719
0.7226180091042936
0.7226279970468932
0.7152201252198421
0.7152301304103447
0.7152391318925937
0.7152473851584887
0.707838921030931
0.7078481954789222
0.7078586562153383
0.7078702606992323
0.7078825644424318
0.7078872143038849
0.7078904707718209
0.7078973988940477
0.7227410146072532
0.7227259891704576
0.7227086967084823
0.7227006810552423
0.7375354249705892
0.7375318472388761
0.7375259940773562
0.7375220237270742
0.744938482302546
0.7449397339691921
0.7449414399244122
0.7449423681553985
0.744942099888963
0.7449440686507569
0.7449460287247582
0.7449439616964543
0.7375207735360053
0.7375149981373786
0.7375052094471845
0.737495509214275
0.7374858576169735
0.8343616163710594
0.8343525239876955
0.8343418997559647
0.8491699919552085
0.8491639289459149
0.8491571892227583
0.8491494555083515
0.8491407132856433
0.849131844413658
0.8491210588155121
0.8491055181855773
0.8490877828057447
0.8490699845960343
0.8490539584143509
0.8490391613308483
0.8416062621634454
0.9707788446997202
0.9707735180911632
0.9707773473391009
0.9930396363176157
0.8638227912149874
0.8637815057729396
0.863751108225136
0.8934015434598144
0.8933762085242943
0.8933518894758576
0.8933341295176587
0.9081562600276201
0.9081459120455077
0.9081444970618979
0.9081527309825042
0.8933330864729544
0.7964699104950123
0.7964860810911648
0.796498551149386
0.7890909036378815
0.7891004666906902
0.7891059946968279
0.7891063542590275
0.781687585513544
0.7816923135078275
0.7816997755598215
0.7817059879909672
0.7668759434321913
0.766887435932597
0.7669017403647732
0.766915017490062
0.7446741261400828
0.7446936525194814
0.7447120544975417
0.7447244672718191
0.7373604558232193
0.8344353067950194
0.8238697433555745
0.7987747707204206
0.8272036915583114
0.730169476075884
0.7301062614730595
0.7300935858156501
0.7226866641033579
0.7227017491760326
0.7227118280172128
0.7227194769727991
0.7153096430980378
0.7153196452694716
0.7153297974364011
0.7153399926288403
0.7079329938571927
0.7079451942319588
0.7079592988166457
0.7079748831704739
0.7079910922352725
0.7079976572530086
0.7080020548420678
0.708009614244079
0.7228542707924711
0.7228409878757722
0.722827161620104
0.7228250214669981
0.7376687815677573
0.7376745460222904
0.737678600756904
0.7376839266215954
0.7329046576735491
0.7213760041106704
0.7216380053999019
0.7218196769107794
0.7211362236850434
0.7090557362630449
0.6984245896588244
0.7093593520549459
0.7026620349529525
0.7146429386932734
0.7153119796450605
0.7258910203927705
0.7377026946262137
0.8345699868298322
0.8345572906768008
0.8345467869249322
0.8493762267258828
0.8493703231384263
0.8493636671792409
0.8493568434669913
0.8493493727257969
0.8493397946785699
0.8493274053249839
0.849312798432473
0.8492983219625255
0.8492828409591718
0.8492653351269772
0.8492494438417191
0.8418163994047314
0.9709543453291192
0.9709139211551225
0.9708938322667372
0.9931384207021066
0.8639481330854866
0.8639398647368399
0.8639254106283736
0.8935779185090744
0.8935484929001332
0.8935185032766789
0.8934936540209565
0.9083092006000199
0.9082903751867741
0.9082791304383524
0.9082791948499188
0.8934540915691311
0.7965834058517579
0.7965882332623396
0.7965885227569246
0.7891691967148778
0.7891754747582765
0.7891858770432857
0.7891969259204683
0.7817905698204721
0.781801311528182
0.7818057156391331
0.7818038910876396
0.7669637699596831
0.7669682590612088
0.7669796810474172
0.7669935689923058
0.7447542662868409
0.7447757136698442
0.744794433900774
0.7448060887179994
0.7374316425910205
0.8344696257205256
0.8345584438584192
0.8345873894055059
0.82715370842327
0.7301759480314158
0.730136435912634
0.7301158824263501
0.7227039259980284
0.722715886954064
0.7227258375251884
0.7227343648778894
0.7153261733312003
0.7153360952164417
0.7153451671893954
0.7153524653290986
0.7079426357601819
0.7079513199350089
0.7079607157988869
0.7079707066110228
0.7079794032646882
0.7079807408644875
0.7079813938833228
0.7079856184432036
0.7228286544628044
0.7228122131514583
0.7227932463691055
0.7227856289599639
0.7376205339747322
0.7376158194006482
0.7376075097436942
0.7376010620084431
0.7450168438487966
0.7450190471137669
0.7450238268494652
0.7450292305343933
0.7450339233116983
0.7450402547786406
0.7450442208452949
0.7450506011128089
0.7376577074745477
0.7376800275842368
0.7376883854145174
0.7376913541133877
0.737692220906813
0.8345747878932551
0.8345706639051057
0.8345613180000312
0.8493874247347061
0.8493801718189824
0.8493718505229224
0.849354859511618
0.849331471757413
0.849311285047815
0.8492933567839548
0.8492791020841244
0.8492609399401598
0.8492463083935863
0.8492355552835682
0.8492214369429625
0.8417873768547185
0.9709492134632146
0.9709325646752827
0.9709261769313637
0.9931774622018377
0.8639785011190635
0.8639692232680146
0.8639608217677367
0.8936217129133075
0.89360072566735
0.8935795524010713
0.8935643206528592
0.908389835069617
0.9083656210502334
0.9083049384778131
0.908275775722383
0.8934187648375417
0.796533578613384
0.7965356380294788
0.7965405659384606
0.7891260300911523
0.7891316335295742
0.789137857874351
0.7891428227179769
0.781728550542854
0.7817377896576763
0.7817484114923064
0.7817576119625939
0.7669307926989395
0.7669412064383911
0.766949595195422
0.7669542482645677
0.7447036943183408
0.7447167108714378
0.7447311416584077
0.7447416171421871
0.7373652650440403
0.8343995396825163
0.834491404861468
0.8345261399495064
0.8271012192075029
0.7301211336097362
0.730078873966648
0.7300570817444754
0.7226428711772223
0.7226522549586434
0.7226596345580533
0.7226651240720982
0.7152539651614183
0.7152619021493402
0.7152707011868114
0.7152791766637031
0.7078695205341259
0.7078771625054565
0.7078835295217432
0.7078903333029304
0.7078970259268814
0.7078963802815915
0.7078956069147179
0.7078986731991224
0.7227393405652182
0.7227200643074166
0.7226975366133589
0.7226869347230913
0.7375203865358892
0.7375177178009269
0.7375141724527523
0.7375114918356341
0.7449285001264795
0.7449286832659158
0.7449301847081798
0.7449317528610729
0.744933512629889
0.744936842521586
0.744937987764765
0.7449348213702284
0.7375113107525868
0.7375067216900852
0.7375032452239306
0.7374988128884771
0.737494522534339
0.8343744239904586
0.8343710024565214
0.8343649441475907
0.8491936994062061
0.8491892463595327
0.849185541452471
0.8491816829406743
0.8491771981092912
0.8491726948019995
0.8491659985074723
0.8491579439596995
0.8491484742970061
0.84913800673047
0.8491258379003002
0.8491131930357323
0.8416818767783003
0.9708674714474557
0.9708711271502799
0.9708723838614828
0.9931229661814428
0.8638987433136646
0.8638561813427625
0.8638270932707304
0.8934788045806351
0.8934522089499107
0.8934254525684612
0.8934029865950416
0.9082213535296483
0.9082004299016889
0.908179614813579
0.9081630291863534
0.8933172739529041
0.7964340740274652
0.7964375156307908
0.7964494781163005
0.7890436573995642
0.7890526344426866
0.7890570816163059
0.789058112974223
0.7816404952817233
0.7816454208320653
0.7816505910765623
0.7816535572914504
0.766819503605455
0.7668232598091509
0.7668279778631496
0.7668324171554042
0.7445839792337752
0.7445986945552752
0.7446139256444907
0.7446248643086963
0.7372435402406845
0.8342573552061916
0.8343373828397562
0.8343635757324749
0.8269511219748596
0.7300032452427602
0.7299492260326871
0.729928011595178
0.722509718146268
0.7225154951243086
0.7225213448466611
0.7225268371914797
0.71511516427824
0.7151223246822961
0.7151301172512968
0.7151377322707356
0.7077270294340823
0.7077340964630134
0.7077418258636335
0.7077502000768134
0.7077592923899841
0.7077600032480186
0.7077590983292893
0.707761536007349
0.7226000138037914
0.7225794841915576
0.7225571668783441
0.7225465314162562
0.7373772884880241
0.7373682707755735
0.7373565491433229
0.7373452952449515
0.74475293442443
0.744742345667573
0.7447299607715766
0.7447429216242709
0.7447597802223321
0.7447722883968411
0.7447778213641718
0.7447762815864266
0.7373531144668403
0.7373531936368936
0.7373579138997136
0.7373583636712295
0.7373543355700976
0.8342326729164451
0.8342272242220197
0.8342152943535822
0.8490355686985956
0.8490230495348242
0.8490066928359258
0.8489948049901107
0.8489851609101053
0.8489706275516313
0.8489523404196448
0.8489301921624886
0.8489070897919724
0.8488869543310226
0.8488702618889277
0.8488558800492546
0.8414246695702532
0.9705752703378213
0.970547293333506
0.9705367362668657
0.9927885460426195
0.8636046838467327
0.8636041393651225
0.863602662592923
0.8932748996391772
0.8932690995720727
0.89326174115729
0.8932568739382817
0.9080891056559451
0.9080922514082385
0.9081068995303745
0.9081302895338749
0.8933117220758269
0.7964172999149414
0.7963364188504707
0.7962779209476673
0.7888388180663602
0.7888338097448244
0.7888345273622911
0.7888329706783286
0.7814093768140712
0.7814053788043941
0.781404283165869
0.7814033798964997
0.7665660665722228
0.7665679409102046
0.7665709695891844
0.7665734285177919
0.7443224405516007
0.7443337864372059
0.7443452045744752
0.7443506177599747
0.7369601708733298
0.8339539113111473
0.8340131380806399
0.8340251834892004
0.8265977143034579
0.7296483578488595
0.7295958518310164
0.7295737237577139
0.7221541721256305
0.7221598389808777
0.7221652836978472
0.722170152903058
0.7147570537745185
0.7147621299788526
0.7147660410774745
0.7147682172171094
0.707352231478146
0.7073555223757464
0.707359904733203
0.7073654851276411
0.7073714032419662
0.7073692221580317
0.707365424985014
0.7073634971979832
0.7221989152224533
0.7221773131140097
0.722155217330487
0.7221448651738661
0.7369801669966787
0.7369794011163129
0.7369777336919962
0.7369762424182303
0.7443941382059479
0.7443954642734723
0.7443969114418765
0.7443978823913323
0.7443984458791921
0.74440297368799
0.7444075747008373
0.7444096133780049
0.7369923938942692
0.7369951046389096
0.7369976442860808
0.7369983876066608
0.7369985763378972
0.8338819566846244
0.8338819330169515
0.8338775695453435
0.848708335671192
0.8487044328164307
0.8487002796828076
0.8486950706543137
0.8486889378895285
0.8486835092830591
0.8486778998590326
0.8486701159068404
0.848661933219531
0.8486545649573346
0.8486489831547713
0.8486444395066357
0.8412223356194051
0.9704410360548439
0.9704604239791045
0.9704478714210492
0.9926625073151405
0.8634311179746664
0.8634198300957581
0.8634198300957581
0.8930908297781498
0.8930908297781498
0.8930908297781498
0.8930908297781498
0.9079263296193455
0.9079263296193455
0.9079263296193455
0.9079263296193455
0.8930908297781498
0.7962118588262148
0.7962118588262148
0.7962118588262148
0.7887941089056171
0.7887941089056171
0.7887941089056171
0.7887941089056171
0.781376358985019
0.781376358985019
0.781376358985019
0.7813781552377902
0.766553624986259
0.7665648879550171
0.7665730404134583
0.766577697759517
0.7443269851194919
0.74434019822933
0.7443561841462588
0.7443674512225344
0.7369896312871678
0.8340096505503243
0.8340983715302488
0.8341396671850885
0.8267261571416125
0.729746660807714
0.7297064115756129
0.7296911362006421
0.7222852783209556
0.7223012926860042
0.7223130937801173
0.7223224477496292
0.7149131579620449
0.7149246387480273
0.7149380042278491
0.7149509595726818
0.7075472384119964
0.7075598457213629
0.7075706656222782
0.7075804609447354
0.7075887757157477
0.7075906548113209
0.707592827757967
0.7075975892099801
0.7224408237046993
0.7224283836982647
0.7224160386368732
0.7224140388590715
0.7372554859721718
0.7372598901458883
0.7372620354156778
0.7372640706568464
0.7446866883955954
0.7446930637966815
0.7446991540028679
0.7447034655055086
0.7447067223471076
0.744711976384673
0.7447142763666977
0.7447137504852531
0.737295070390282
0.7372982840522004
0.7373029094964442
0.737305364066332
0.7373065023847349
0.8341900999520617
0.8341979518039545
0.8342383084119421
0.8491000505654025
0.8491034085161097
0.8490818427665896
0.8490442805901512
0.8490087600056577
0.8489891762671272
0.8489810597841643
0.8489787094241876
0.8489802223532633
0.8489926207135359
0.8490196101020714
0.8490585598071957
0.84168204405417
0.9709092758617887
0.9709310769696397
0.9709384181040752
0.9931946608417818
0.8639918447201008
0.8639797448165588
0.8639797650573976
0.8936550945210091
0.8936480332521132
0.8936402136791171
0.8936383196426639
0.9084783687453912
0.9084797574044016
0.9084644113383461
0.908390835647624
0.8935007292726889
0.7966049486604618
0.7966152941659205
0.7966387710431869
0.7892425742166426
0.7892569389241827
0.7892648220070586
0.7892687273194434
0.7818529442734291
0.7818590975164136
0.781865936173458
0.781870787799726
0.7670381187475527
0.7670421083533325
0.7670444856790555
0.7670438301860417
0.7447871415553613
0.7447973708143542
0.7448135909940995
0.7448280641008829
0.7374563237901387
0.8344932740056847
0.8345854827607352
0.834619362974768
0.8272179506610989
0.7302634896233663
0.7302071624553039
0.730192441993282
0.7227848450132386
0.7228004886929952
0.7228133034189987
0.7228243641324641
0.7154180533708531
0.7154320101583325
0.7154472203651715
0.7154615868684957
0.7080582627282291
0.7080717117372366
0.6958252841336756
0.683785093111217
0.6846525490032405
0.6719352994382528
0.6592381249905825
0.6475376410249513
0.7003850075339509
0.7002803338619249
0.7000493115198295
0.700378877372579
0.7378025502791691
0.737776773062717
0.7377618068378512
0.7377513775648207
0.7451633825313428
0.7451612325828948
0.7451602087539178
0.7451599969785617
0.7451610618421666
0.7451655374392809
0.7451698822010007
0.745171075973249
0.7377516155559085
0.7377521411403924
0.7377522591358596
0.7377509993101031
0.7377478621296851
0.8346277706641736
0.83462401750231
0.834616143449149
0.8494448723419646
0.8494395921846551
0.8494347027027457
0.8494297947666397
0.8494231148193666
0.8494194673771327
0.8494173697183717
0.8494147552666087
0.8494115622057438
0.8494070619052984
0.8494017070975729
0.8493951360848463
0.8419685434297255
0.9711758309607298
0.9712007987170204
0.9712157784801863
0.9934750252901421
0.8642416138473601
0.8641869195080761
0.8641529908374945
0.8938071795708282
0.8937865431370908
0.8937678185019898
0.8937541683071012
0.9085809068058804
0.9085696528738911
0.9085612645327665
0.9085587673644385
0.8937249247106069
0.7968492178862173
0.7968611373485127
0.7968719062113723
0.7894587140053234
0.7894649090218451
0.7894710830071477
0.78947632421886
0.7820639207861311
0.7820738085172333
0.7820832775954314
0.7820888134267564
0.7672569744919365
0.7672662795443096
0.7672777880453588
0.767288938027529
0.7450448292610292
0.7450646326648046
0.7450851463094519
0.7451004977879963
0.66968922262512
0.669676233086531
0.6210695384437074
0.6251905965619223
0.7758516189224259
0.6834379147519054
0.682439325045096
0.6712665079289373
0.6601503679689994
0.6470634060472946
0.6440293243624007
0.6215478449938958
0.5860554267918814
0.5765185816183753
0.565046445700672
0.5621803473179919
0.5496811041476123
0.5348748932474747
0.5286366167464054
0.5240229451436126
0.5298031622581556
0.5135223708517636
0.5081214140664423
0.5015149436241453
0.5625913311145424
0.5593134274354267
0.5400520857354097
0.5477931097992653
0.5731988884613289
0.5746941575104512
0.577383733342523
0.5801452878284517
0.5946851480693299
0.6114108913697044
0.6268858448612948
0.6375359894239198
0.6474215029928645
0.6579258231765178
0.669227014847689
0.6832745250624005
0.6750675132427698
0.6714298411086556
0.666968611159016
0.667533770213728
0.7380011475171722
0.8347976580158597
0.8347783762064498
0.8347661625604399
0.8495904301311279
0.8495829659691491
0.8495743961164459
0.8495642778176931
0.8495511588398825
0.84953968584002
0.8495292496554675
0.8495174568058693
0.8495055070798694
0.8494927001348539
0.8494793046005042
0.8494657341181926
0.8420332282624449
0.9712249129157827
0.9712365266690701
0.971245134471335
0.9935030435247991
0.8642705103858297
0.8642165575909427
0.864182728928272
0.8938364297954807
0.8938137449343113
0.893789831841894
0.8937720055443681
0.9085953666382544
0.9085815971928554
0.9085712235044107
0.9085665060130979
0.8937292137748237
0.7968538477662933
0.7968694346826377
0.7968873032420575
0.7894814720244886
0.7894915249204207
0.7894985540328627
0.7895019808182125
0.7820874298648284
0.7820964043474424
0.7821075371737984
0.7821168967713543
0.7672883215214659
0.7672986590519252
0.7673085490491979
0.7673164301547029
0.7450698781515873
0.7450876633930266
0.7451075471922689
0.7451224423609999
0.6965070967590823
0.6313958874373002
0.5913217870958453
0.6009473235216979
0.8214642314990369
0.7305315918379309
0.7304798067969209
0.7304682507556634
0.7000162519737178
0.6986311090560104
0.6874662542016687
0.6748224695261207
0.6306892759307716
0.6035098186293288
0.5746032045495258
0.5569175752727834
0.5453206895676703
0.5284509793979526
0.5188795316987493
0.5128766065402173
0.5187302277832918
0.5147143513035278
0.5087791893505829
0.4999633379625974
0.5575942128628719
0.5498919927025111
0.5449225727900872
0.5510726269216148
0.574573990494685
0.5769711654289761
0.5787894128994198
0.5794019202154177
0.5891738858194321
0.5914443317957692
0.6047620532420718
0.6089309863185564
0.6058929612457745
0.619651434492519
0.6219567566304025
0.6241927072613255
0.6249045339296109
0.6261202953591618
0.6402431354885639
0.6418805746921258
0.7380668469213212
0.8348134243107939
0.834785249581407
0.834766065895053
0.8495889493544025
0.8495766611505668
0.8495623273253438
0.8495522327811111
0.8495582511231327
0.8495493529431501
0.8495269803811829
0.8494989620835202
0.8494738768111
0.8494558443731676
0.8494411949585907
0.8494264476379824
0.8419928713159512
0.9711640280603734
0.9711514778058433
0.9711430672610478
0.9933932279827423
0.8641901261199175
0.8641747336156324
0.8641689866600587
0.8938397751584236
0.8938387036805427
0.8938436508644698
0.893856253768477
0.9086790053442798
0.908562371577787
0.9084770334102178
0.9084485858308281
0.8936061090490335
0.7967314222993482
0.796744169432937
0.7967592556801151
0.7893545858278338
0.7893620669254796
0.7893622786167185
0.7893570950275793
0.78193245669745
0.7819310768421615
0.7819316384011279
0.7819314452855388
0.7670950209951707
0.7670993717716396
0.767107181930145
0.7671146347893547
0.7448685059801635
0.7448846003752035
0.7449013018389512
0.7449130556339295
0.737540329061952
0.7860795835622972
0.7037916153613283
0.6782149680075226
0.827561564182194
0.7303235879507803
0.7302568588625801
0.7302371869316115
0.7228189701045449
0.722825456240088
0.7228301877925071
0.7228342411263023
0.7154215389545496
0.715429240112114
0.7154385600609402
0.715448064153075
0.7080394615733621
0.7080478183890098
0.7080557171619931
0.7080633358026714
0.708070841867018
0.7080712423730023
0.6853922570122023
0.6840100145544558
0.7229483906612294
0.7229059500397486
0.7228804009479369
0.7228676035435947
0.7376974413088278
0.7376892150266532
0.7376807038919753
0.7376769803891642
0.7450970261432288
0.7450991843690262
0.7450990775605868
0.7450969662184458
0.7450943161223207
0.7450954217844397
0.7450970403798652
0.7450955061208047
0.7376730424512878
0.7376681506240174
0.7376613268896623
0.7376522520357214
0.7376416207382039
0.8345123700872182
0.8344998248349422
0.8344850837268619
0.8493101733314461
0.849300615309779
0.8492895218202882
0.8492774303580157
0.8492650167379782
0.8492541299767621
0.8492440230747487
0.8492350677316413
0.849222553560066
0.8492095189411856
0.8491965429420119
0.8491826184117318
0.8417483791028424
0.9709199456766652
0.9709080769399575
0.970898218137753
0.9931427978911787
0.8639188323495951
0.8638787504599531
0.8638519235467831
0.8935044509939694
0.8934780978629577
0.8934514129149955
0.8934298944640577
0.9082492656523037
0.908234414847428
0.9082248068593871
0.9082222115902508
0.8933888750382226
0.7965132470994154
0.7965227319135106
0.7965304592665964
0.7891147580220841
0.7891188066660559
0.789123415293305
0.7891269684540299
0.7817121706663257
0.7817188091079029
0.7817246761942301
0.7817272611833999
0.7668931585405968
0.7668994340431886
0.766907048205848
0.7669131076338327
0.7446642203484969
0.744679800734099
0.7446967810345707
0.744709592291864
0.7373382248410205
0.8343829377991114
0.83448182995635
0.8116659973290546
0.8271127281183851
0.7301102974720945
0.7300662525865887
0.730047017916259
0.7226392440392994
0.722652184339375
0.722659380489975
0.7226631231984549
0.7152504931846428
0.7152575328300355
0.7152657158111493
0.7152746692321115
0.7078642821397492
0.7078729113597088
0.7078834392202354
0.7078945565501248
0.7079071910346033
0.7079100796835968
0.7079106986473885
0.7079145787594481
0.7227546004584333
0.7227357321174219
0.7227148826839936
0.7227061225094794
0.7375387197881617
0.7375312601231997
0.7375224658984706
0.7375173078748865
0.7449349690894191
0.7449356979918624
0.7449351287001648
0.7449332209077015
0.7449292948425301
0.7449294864692276
0.7449309009133048
0.7449299541404076
0.7375085590172428
0.7375067093085533
0.7375053641622941
0.7375017542900859
0.737497207092549
0.8343768820889503
0.8343727363854412
0.8343654516393013
0.8491939372027215
0.8492083981831472
0.849218608358594
0.8492119214773736
0.8491946711040271
0.8491767090709798
0.8491612297732086
0.8491482325566498
0.8491354267230399
0.849126596199951
0.849121843929428
0.8491187417899853
0.8417005992921923
0.9709163955789193
0.9709769809801476
0.971053589864483
0.9933905223312292
0.864244866516106
0.8642789139760888
0.86432609741843
0.8940391246134936
0.894056283840361
0.8940635694077363
0.8940720595623791
0.9088835320892501
0.9087508865433606
0.9086578528437025
0.9086273086131444
0.893789560869342
0.796913695115252
0.7969172438775364
0.7969173415401751
0.7894945061867565
0.7894958077164604
0.7895045080820052
0.7895174029117957
0.782114606656288
0.7821309480137063
0.7821421029506064
0.7821481123289193
0.7673162250700941
0.7673249144145129
0.7673368214843809
0.7673484297397203
0.7451062333938605
0.7451253361590408
0.745143105786513
0.7451553100059681
0.627861710988163
0.5935892060927969
0.571126110904472
0.5809221130621731
0.7556991825148027
0.6604154334640018
0.6596153418148667
0.6588674509710031
0.646516170966525
0.6140763291918683
0.5643371144880989
0.5545895400996922
0.532172789023474
0.5263202323437245
0.5234134254329743
0.5179694746497364
0.5055485369570435
0.49570506851877727
0.4914294430031988
0.4864277703810577
0.49464276172613736
0.4918785765369327
0.48863600533674095
0.48437153573761205
0.5341733068149715
0.5304921633455546
0.5272467564106513
0.5232544965303777
0.5413610809873897
0.5405614694984128
0.5377689005919183
0.5358469592282368
0.5408580151980954
0.5408287780045906
0.5402991742825617
0.5386777342115797
0.5353765346092983
0.5355208678121834
0.5370047288684864
0.5386503422106265
0.5267929526883366
0.5267824251447966
0.5266671681981312
0.5222441785830604
0.7383101791436005
0.8348989390227435
0.8349069889425258
0.8349121461291104
0.8497489371403762
0.8497517866955808
0.849756232059724
0.8497603377166104
0.8497622429540723
0.8497622271096005
0.8497581091360601
0.8497504505510236
0.8497403252151392
0.8497315224135688
0.8497260082902776
0.8497202627513301
0.8422953630497054
0.9715211848303932
0.9715729743256601
0.9716122494300865
0.9938933081715848
0.8646486926270031
0.8645759385097934
0.86453035716813
0.8941788532009133
0.8941539487479455
0.8941303989751718
0.8941128311152683
0.908937126718741
0.9089242039666373
0.9089141883443175
0.9089119904980026
0.8127137495842921
0.701204446428143
0.6723848434511857
0.6311845666104723
0.6242729624467005
0.6210638814723822
0.6188188600424664
0.6051686339964871
0.594455292918665
0.5931465396493621
0.5822001750287117
0.5822444570355653
0.5596470659425035
0.5576547913975828
0.5565861672955145
0.5548708072865983
0.5196722031428342
0.5171238713475621
0.5243322698753683
0.5093104811210157
0.46444269793245113
0.5605391804509918
0.5603628744504938
0.5600665596271261
0.5693531372246572
0.4695363602939744
0.46747776382815504
0.4679031123139349
0.45954501601560077
0.45408633560790634
0.45926598165393845
0.44831149353793953
0.443322540379928
0.4440955421670726
0.43899254318886477
0.4440039791426182
0.4467142860959469
0.42821799331311605
0.4386956600771304
0.42986266693700825
0.43208833023452503
0.4431019259840077
0.4376277276035584
0.4282246671448776
0.4530638278788143
0.4506438003828647
0.4493889305708585
0.45067454738973284
0.4698746542437815
0.4720981064406694
0.48260548991386043
0.47420285622388364
0.4920708376724668
0.48293722609717443
0.5010770252464893
0.4935014654100737
0.48337803867549717
0.4822362637520038
0.4832962458770392
0.49569505642125933
0.4900975434821929
0.5018999117276565
0.5028872592209994
0.4998741898545047
0.7384698655058597
0.835000611405346
0.8350264418326937
0.8350339022578613
0.849861335269893
0.8498426773988014
0.8498229593214467
0.8498031776273763
0.8497807896987867
0.849760210534198
0.8497422077397664
0.8497254822395941
0.8497086533064308
0.8496948839918679
0.8496887332309547
0.8496918083089889
0.842284975040804
0.9714843402304376
0.9715027225091679
0.9715326103446816
0.9938249289351843
0.8646706343495674
0.8646826576193325
0.8645890042927792
0.8941908082164858
0.8941485705036913
0.894115968727659
0.8940942029314798
0.9089125306550223
0.9088907064858331
0.9088721541741692
0.9088619460715626
0.8940227494048338
0.7971464618672537
0.7971588097834319
0.7971713546391274
0.7897599117719681
0.789766217016428
0.7897713778059127
0.7897746756260826
0.7823601622664499
0.7823705085194798
0.7486011173249799
0.7456217034494239
0.6872014083962855
0.6835546967982697
0.6822564119163432
0.6623987862150413
0.5946890939310396
0.5815269274540386
0.5707491469443725
0.5677385084193041
0.45996069051827815
0.5566682729611728
0.5542905249588933
0.5544176916800959
0.6241150116066793
0.525772134911974
0.5181734243646772
0.5157079791323385
0.4966750143915393
0.49139325834258346
0.48688190438830203
0.4827478146503665
0.47105573188553485
0.471449532733692
0.4689725087710698
0.4635114215083607
0.45858690683598147
0.4599953737676188
0.46795414091957016
0.4463796088326773
0.45789306707444116
0.4481495002090588
0.4469785642555699
0.4462513023634654
0.48346494323056366
0.4813150995137528
0.47713967561216036
0.47686210309227794
0.50771673119476
0.5178429754053296
0.5308828957209109
0.5433821670981612
0.5607156306313139
0.5670728948345674
0.573740066237884
0.5937539618474315
0.6017746558856784
0.6246476978252996
0.6333011851967395
0.6364867522064511
0.6292466455454838
0.630965655402156
0.6332964566004793
0.6267142398732621
0.7381732993485236
0.8348752569003963
0.8348468172364756
0.8348280675234991
0.8496524518257045
0.8496405743572017
0.8496284550721045
0.849614597443508
0.8496005797432473
0.8495870151529362
0.8495722524970835
0.8495553771173419
0.8495358177256449
0.8495151067690196
0.8494930635690587
0.8494707050329814
0.8420299315778085
0.9711495152713939
0.971090986435422
0.9710576156223669
0.9932911035038605
0.8641253162442937
0.8641420405667878
0.8641399907715199
0.8937972241570331
0.8937705923664773
0.893743260065419
0.893720519303975
0.9085381250717585
0.9085239045346416
0.9085178415934213
0.9085214010798444
0.893695216753349
0.7968273929305351
0.7968438035846402
0.7968567063325878
0.7894451431101724
0.7894497613530772
0.7894529495232531
0.7894539972072233
0.7820357186119774
0.7820435057257231
0.7820543288398574
0.7820643253217062
0.7672389004487977
0.7672496624224463
0.7672581474380936
0.7672628711398569
0.7450132631686345
0.7450286089663036
0.7450456627614985
0.7450583947777739
0.7376898687574145
0.8347460451114437
0.8348564602777555
0.8349048979244776
0.8274893181100709
0.7304960261568683
0.7304474708042009
0.7304253777419345
0.7230147132905168
0.7230278116900062
0.7230380928322415
0.7230469622232694
0.7156393499002633
0.7156510100327063
0.7156633067481005
0.7156762009592387
0.7082707082408719
0.7082819007921359
0.7082915923026352
0.708301522003033
0.7083108664036121
0.7083137702789448
0.7083190189553609
0.7083293038981346
0.7231784157913581
0.7231665421147482
0.7231519417861607
0.7231481656377544
0.737983504818096
0.7379761643036714
0.7379653252719509
0.73795481375575
0.7453648770807509
0.7453538073816313
0.7453402331055529
0.7453248139623466
0.7453095318465681
0.745299870908521
0.7452902838400226
0.7452815823965496
0.7378538795506809
0.7378461647160889
0.7378361076758055
0.7378254282488967
0.7378175803598395
0.83469334179961
0.8346839313721088
0.8346712495271368
0.849495879297304
0.8494840785158235
0.8494693730697055
0.8494549096897933
0.849441736142548
0.8494238742060038
0.8494032066523618
0.849380119661394
0.8493562194418933
0.8493370207323796
0.849322601438581
0.8493109793100375
0.8418822714705131
0.9710492900836978
0.9710286541443518
0.9710107449265997
0.993249785415831
0.8640483524771956
0.8640351932629535
0.8640253727966163
0.8936883920974735
0.8936683266137315
0.8936458701557995
0.8936281621874956
0.9084521531331597
0.9084390175529828
0.9084295120800917
0.9084268540373462
0.8935941260341489
0.7967277018131931
0.7967555191983203
0.7967868693248945
0.7893962167394206
0.7894201853189952
0.7894401030298099
0.7894565667346093
0.7820543811447751
0.7820690149147588
0.7820778142099155
0.7820809012912702
0.7672463645377825
0.7672559557659338
0.7672715721937926
0.7672884059350021
0.7450512587468013
0.7450741078412331
0.745094411059265
0.7451086019977182
0.7377429151163397
0.8347995618944513
0.8349007127088888
0.8349417726799379
0.827516617300596
0.730521719763216
0.7304747806637113
0.7304521794340427
0.723039410393988
0.7230495657803503
0.7230572812866013
0.7230642717296041
0.7156536781892139
0.7156612782066363
0.7156689242487744
0.7156773505242878
0.708269147943126
0.7082803722595751
0.708292932944996
0.7083053424102748
0.7083174981347489
0.7083214607184661
0.7083254648318663
0.7083332054546694
0.7231792882641996
0.7231657604461129
0.7231505161701592
0.7231463599115163
0.737982244592102
0.737974660189099
0.7379622039312795
0.7379490992667632
0.7453543303617992
0.7453415107255952
0.745327707716524
0.7453147510423117
0.7453037752079992
0.7452968999483174
0.7452889639429429
0.7452806896897152
0.737853621393087
0.7378456150484273
0.7378454347362395
0.7378750073438359
0.7378913938988457
0.834770548289831
0.8347596964864589
0.8347435742860256
0.8495593007776395
0.8495263288167775
0.8494898987090225
0.8494592499166502
0.8494323095833051
0.8494096980086354
0.8493905414336616
0.8493743995518257
0.8493533827618931
0.8493379865334377
0.849329900720235
0.8493258723145128
0.8419056219513043
0.9710745387961318
0.9710499188989593
0.9710246308296369
0.9932518986155795
0.8640561987584588
0.8640757609999419
0.8641169637678383
0.8938359350953867
0.8938444954547465
0.8938305826590843
0.8938165005143336
0.9086439279695412
0.908660510544259
0.9086995018073829
0.9087467150917791
0.8939450598641727
0.7970577764607412
0.7970629811832867
0.7970867179006966
0.7896648065057994
0.7895601676194499
0.7894907525617427
0.789471296373535
0.7820551973325033
0.7820696606794263
0.7820849455607609
0.7820990321221744
0.7672777389997018
0.7672896271265071
0.7672964362877845
0.7672989266231555
0.7450465416029523
0.7450617284353883
0.7450816085122641
0.7450991354205395
0.7377328202039769
0.8347764079562839
0.8348728985203318
0.8349133886634991
0.827521653592452
0.730560305438592
0.7304954747874494
0.730476421280259
0.72306685900563
0.7230784435469052
0.7230852710439575
0.7230893795696129
0.7156773812755811
0.7156866263081735
0.7156982018542207
0.71570967468025
0.7083032600269413
0.7083127695329492
0.7083202057030296
0.7083275577536098
0.7083355649399364
0.7083376032880279
0.7083416891952399
0.7083502352063801
0.7231971869641165
0.7231848177851269
0.7231712675518606
0.7231704228102344
0.7380109179633507
0.7380076690532976
0.7379979154527505
0.7379866448016552
0.7453924622036505
0.7453776965270748
0.7453622776157907
0.7453490119853536
0.7453380963964399
0.7453338329133635
0.7453315989007351
0.7453295518350508
0.7379084373598515
0.73790567243658
0.7379021726408656
0.7378969515342266
0.7378915624650696
0.8347707616133354
0.834766255383578
0.8347581259579114
0.8495837088985073
0.8495757248028213
0.8495683527508278
0.8495601466755366
0.8495515127941887
0.8495419878217824
0.8495305114647059
0.8495168468406726
0.8495023162328207
0.849490267275331
0.8494805577762105
0.8494714736492218
0.8420438447303823
0.9712345376524792
0.9712506871837202
0.9712717245144616
0.9935479906581354
0.8643441572659615
0.8643163952766685
0.8642997585185451
0.8939639814831896
0.8939484400968146
0.8939312164412447
0.8939182306430422
0.9087479105602088
0.9087439491847114
0.9087461278490392
0.9087557112244722
0.8939329532734711
0.7970705146940148
0.7970949627947007
0.7971168775542596
0.7897138076299415
0.7897310463999532
0.7897503466785117
0.7897684312664255
0.782367851931097
0.7823891485947523
0.7824086396450708
0.7824253913340862
0.7676055839753784
0.7676236231480725
0.7676400632330533
0.7676527325393127
0.7454105341346087
0.7454325377020328
0.7454538282139028
0.7454712327301704
0.7381080771546819
0.835161681831183
0.7748650126998161
0.7476824076791824
0.8280900861538371
0.7309711250278923
0.7308873657048859
0.730859637213241
0.7234468688752189
0.7234609224244758
0.7234737709481129
0.7234858950043808
0.71608046792136
0.7160923677717232
0.7161051569246616
0.6927741931146022
0.6722553630057317
0.6496189809071475
0.6459964032707146
0.6108325724930022
0.5843808511144275
0.5810853165175056
0.5604193921144972
0.5558747024981171
0.630447302724836
0.6283210791529691
0.604016042818295
0.6024502038834045
0.6163148781711459
0.6124585850782233
0.5986403536273995
0.5971571835385668
0.6172355938436276
0.6196773190909641
0.6376170557016625
0.6512093149311767
0.6631414098020538
0.6871328953628242
0.6399793236803573
0.607925718115123
0.5971019903760991
0.5986258435371884
0.5983216816902572
0.6087501410839943
0.7386769846782707
0.8354129642560101
0.835430497135748
0.8354392951525971
0.8502802209253706
0.8502815472427758
0.8502744638302665
0.8502617530515205
0.8502461025656594
0.8502285691986643
0.8502084783148475
0.8501886692119596
0.8501689423269141
0.850168557218562
0.8501860852697476
0.8502090729887455
0.8428116954912451
0.9720550972504854
0.9721175405403094
0.9721488369992141
0.9943730304407523
0.8650396121916674
0.8649387625820767
0.8649005097231285
0.8945580278832282
0.8945367946898917
0.8945095715072136
0.8944871161256807
0.9093062962043492
0.9092901823374895
0.9092795434139731
0.9092758904129575
0.8944420953737593
0.7975680225481062
0.7975796537885277
0.7975893062730676
0.7901755512899472
0.790191396081976
0.7902188400967352
0.7902524802527643
0.7828689964852766
0.7828907043030409
0.7828944327977834
0.7828868102129607
0.7680419228875437
0.7680421428991085
0.7680464462081544
0.7460090760945361
0.7002734022406957
0.6431308781002552
0.5621039695596209
0.5600661954417505
0.4569050799651353
0.5608023668015325
0.5523731539345961
0.5532974816031704
0.6023649025310985
0.5031113290257574
0.4982344190710184
0.49426458141829044
0.48545855587985776
0.48611702206356494
0.48620538241667594
0.4870622167034155
0.4844680531663785
0.4861441124993683
0.4865117254848893
0.4862371871979512
0.47577537650777113
0.4713587099801092
0.46521981411841684
0.45975547683547047
0.46772011585433904
0.4655441493638324
0.4638711272674578
0.46255980931264506
0.5067173633093633
0.5032171460888746
0.5000406880379639
0.5005085110227218
0.5191899777665541
0.5189307309150019
0.5264197496662918
0.5353159714604746
0.5552443930376614
0.5884990811441826
0.6178381855047493
0.6408419742906583
0.6322683489174946
0.633989519730483
0.6419022890895191
0.6432197650771826
0.6364585182440692
0.6423474282822396
0.6511664741749612
0.6640870203955455
0.7384930481582908
0.8352427357032044
0.8352162618478767
0.8352011345688541
0.8500225863513672
0.8500051470260814
0.8499919243697699
0.8499809950308952
0.8499649984448439
0.8499508007446394
0.8499379072992131
0.8499247951677332
0.8499131217711821
0.8498996948409081
0.8498866655673152
0.849874122008156
0.8424425462258668
0.971631422718242
0.9716345755930912
0.9716303981290819
0.9938721552118657
0.864641833003876
0.8645999274642792
0.864575558450456
0.8942329979069216
0.8942078133493189
0.8941781005198962
0.8941530810894129
0.9089685148383931
0.9089481092632213
0.9089325474507608
0.9089245848944711
0.8940866302396475
0.7972124102810114
0.7972276070720886
0.7972485356602753
0.7898493575485751
0.7898657044486046
0.7898791597818515
0.7898903232996674
0.7824830260026884
0.782489920568087
0.7824880598520827
0.7824789460348909
0.7676309976532923
0.7676278359698083
0.7676319428579955
0.7676375739307133
0.7453902657048276
0.7454078361684021
0.7454265596861915
0.7454400956392985
0.7380697481690939
0.7458981954204266
0.6409699923732268
0.618537351402585
0.8281506746228257
0.7308627004246272
0.7308181709751631
0.730792548496289
0.7233755480404548
0.7233846766283722
0.7233928531376748
0.7234006556203948
0.6929332565644386
0.6918105172091047
0.68154996761629
0.6426189041602974
0.6131109048130411
0.5562045560803834
0.5485643342154563
0.5436740689271774
0.5470821927278231
0.5339588309450436
0.5277470032680984
0.5106289805316445
0.5824322060294007
0.5793736439285121
0.5694656010911158
0.5561713514897735
0.5812033254181141
0.5801630038500574
0.5793343668975387
0.5806528783862115
0.5873820505265767
0.5877875772799126
0.5856994620185613
0.5838978608066199
0.5784227596342414
0.5775375837216097
0.5779491145876525
0.5796185617375303
0.5664490683426016
0.5659160578683469
0.5662314445067439
0.569054113644621
0.7385975131281264
0.8352551328092914
0.8352426380435978
0.8352294474323638
0.8500526334326799
0.8500413167354705
0.850028207846886
0.8500537702694289
0.8500487827094112
0.8500174135287883
0.8499845465339019
0.8499626767716272
0.849945614237688
0.8499289180906373
0.8499175150240741
0.8499069895567491
0.8424780694010499
0.971644186590607
0.9716441193027087
0.9716708315083741
0.9939793945891351
0.864850366224672
0.8649157041099819
0.8649941631250498
0.8947486248032631
0.8948044277576434
0.8948351425431968
0.894853407235244
0.9097042357469338
0.9097169504488589
0.9097326725237578
0.9097528987406803
0.828900115852339
0.7980006604001508
0.7979683395459332
0.7979192433503186
0.7904655069407632
0.7904482200566441
0.7904363754398613
0.7685214929251437
0.7665206246112055
0.783116789392961
0.783083859073761
0.7830558424173188
0.7682166990432707
0.7363548631906442
0.723072981631863
0.6903227624630476
0.6083189681157113
0.6041350752385334
0.6051846977338753
0.5926729747289211
0.4590814890931468
0.5529391016364303
0.5554410799110376
0.5524853230138753
0.6226201767789267
0.5149547199638316
0.5097461785016623
0.5021857886441176
0.4917728163128974
0.4914403693988163
0.4900339608027003
0.48857360829761487
0.4699846580242295
0.4606502075076772
0.45034281239789464
0.4448176803811036
0.43472286373937774
0.4377917279666185
0.43759328316105756
0.4210277830686466
0.4439940490868031
0.43026725579040787
0.4314362352671385
0.43124973175559705
0.46505764879505646
0.4670694309203621
0.46554365018599003
0.4605920317055499
0.4831167820952376
0.477995504510976
0.48210306286981197
0.47369253589915433
0.48535545424725623
0.4992623132182092
0.4996863602833099
0.5001244339314431
0.5060597166188295
0.5083414296467722
0.515718987273782
0.5307830908620195
0.5141487121577315
0.5230685883474414
0.5252952560516703
0.5292595071356638
0.738904419175877
0.8355384701058083
0.8355433029174011
0.8355411963575815
0.8503688855014573
0.8503630039179729
0.8503580892446223
0.8503510999929265
0.8503430878358308
0.8503354994629722
0.850326340545383
0.8503155351409297
0.8503037405942651
0.8502925135687838
0.8502816875500893
0.8502705035364695
0.8428416647434699
0.972053057588184
0.9720743234892298
0.972074363248026
0.9943134554209653
0.8650720271203166
0.8650205736755172
0.8649962491192437
0.8946605958955068
0.8946417398439522
0.8946174640539655
0.8945965440630841
0.9094162993385686
0.9093972152303634
0.909381799061739
0.9093749601383987
0.8945398534650134
0.7749290953791499
0.7732643345989597
0.7510453946154474
0.7214727570271502
0.7106961196891587
0.7077386186012091
0.7068267391785084
0.6878528361782592
0.6623372692930176
0.6610567540062274
0.6614617891193854
0.6275554485930083
0.6154697988864959
0.615014183561657
0.602113052825762
0.5650098943411935
0.5511599559479711
0.5478633448263732
0.5451540121755869
0.4607379023139396
0.5540742175557254
0.5552877435430102
0.5565285928870087
0.587297953859404
0.48663476379106907
0.4814946572654769
0.48395590910780517
0.4665965993056622
0.4678131001147185
0.4670194263805964
0.4722707012321152
0.45492915002704454
0.4567196784708197
0.455166744984433
0.4535534273453098
0.44307572397317946
0.44329437685825723
0.43951839356893846
0.4435957541522611
0.4412829513294335
0.44457440278492005
0.4476084783786648
0.4381240252716985
0.4772341145753831
0.4839036019572717
0.4736903181409001
0.4719804520417928
0.49245040821292624
0.4997061862645275
0.507201418466165
0.5211965884901095
0.5319026391580091
0.5427854937111233
0.5480066883030462
0.553929258862619
0.5522600547639002
0.566457123806053
0.5712018864051515
0.584673570275901
0.5773235768879198
0.5875603623793663
0.5915578060552745
0.5952646079593069
0.7385899416010094
0.8352743157201452
0.835253077124065
0.8352341588023205
0.8500551310612998
0.8500424590285022
0.8500295605104864
0.8500105489196081
0.8499904530483278
0.8499749011605353
0.8499621636908894
0.8499506115813803
0.8499395572001813
0.8499260723367716
0.8499098317194195
0.8498920314767112
0.8424554705296389
0.971618746408764
0.9715950429929581
0.9715719121782755
0.9938020129205265
0.8645746100147446
0.8645343317012316
0.8645061277585034
0.894156228519427
0.8941258607446837
0.8940961884133468
0.894073963801291
0.9088930989063556
0.908875356568206
0.9088616998783827
0.9088565683889317
0.894022279219939
0.7971544642558253
0.7971720638053238
0.7971862818269898
0.7897765968565926
0.789784801838239
0.789792554096323
0.789799261154836
0.7823868369545259
0.782394833811136
0.782400735200553
0.7824024686388666
0.7675660365021768
0.7675702504697959
0.7675775414566975
0.7675842930130149
0.7453351366063621
0.7453480346469938
0.7453600610121419
0.7453652268418846
0.737976874413318
0.8185710824414891
0.7869803041547508
0.7886556592691127
0.8277635588193185
0.7307350641012584
0.7306628433550845
0.7306328793134443
0.7232137185886187
0.723223585705129
0.7232352927995509
0.7232470496308023
0.7158429492869617
0.7158567977807038
0.7037619968431049
0.6917539906240621
0.684511021302274
0.6725668184518687
0.6591665404644358
0.62225781599631
0.6247676849994135
0.6139650223997879
0.6107987104790135
0.57229795035932
0.6633038339024601
0.6647194875501076
0.6438153441192415
0.6533673953344208
0.703149894346057
0.7263782514993792
0.7266610778861449
0.7265645523142937
0.745547072828058
0.7455335371080422
0.7455304357357743
0.7231021738855301
0.721674384912256
0.7221764030319343
0.7221309699392336
0.6734509602476798
0.6132672490090185
0.6043300248235375
0.6088088391518117
0.6087099506932881
0.7384524566003655
0.8351782254255294
0.8351856227227973
0.8351749167193553
0.8499876308975378
0.8499812140261125
0.8499906414285597
0.8500039328172148
0.850016371674813
0.8500125140449513
0.8499932314846571
0.8499657226542612
0.8499351604874787
0.849936973142393
0.8499703236092371
0.8500193431551192
0.8426547154973256
0.9718996495802069
0.9719345002590691
0.9719500069435285
0.9942137562200845
0.865010533700623
0.8649959576379954
0.8649929616966255
0.8946655124530527
0.8946792425168821
0.8946911503933901
0.8946652419812555
0.909370275512492
0.9092713460565824
0.9092358093006809
0.9092289250377191
0.894404285851426
0.7975397170829994
0.7975528140577733
0.7975587023785801
0.7901379367794786
0.7901391519894364
0.7798327658179409
0.766377258622004
0.7464903590896818
0.7475440209437373
0.7483736819038768
0.759845003435044
0.7334204551330585
0.7329628610027578
0.7325998293996346
0.7249744834732428
0.6641431909627339
0.6534896858659437
0.639373581229345
0.6110339717474544
0.4690278255801865
0.5577379987090654
0.552623514720191
0.5606516474747862
0.6331808144317119
0.537904699455944
0.5306888193406054
0.5354375251471566
0.5143503385666949
0.5089580441526385
0.5047124103847569
0.4928392668105362
0.48212899546575855
0.47899672215641503
0.47550058065810563
0.4728809795525119
0.4635839220300317
0.46327950892637637
0.45649425781368463
0.45818980416308647
0.4627610878060094
0.4614985784073451
0.4611023313454256
0.45546990585836983
0.5080792603624537
0.498916677306377
0.4954230117579417
0.49384489774634616
0.5171491143161392
0.5211222280821619
0.5206128491119403
0.5199186063444229
0.5271944656193194
0.5258308705003842
0.5253891282731014
0.5242460705376155
0.5170010442831583
0.5157096703636666
0.5142838634789324
0.5150576866482595
0.5082073957468775
0.5125970127437598
0.5202448116837932
0.5261360981106162
0.7386825863187035
0.8353081820427861
0.8353060795454804
0.8352991653409538
0.8501221155712816
0.8501116950283704
0.8500974430616368
0.8500856647603126
0.850075810177447
0.8500694902954199
0.8500643737336465
0.8500616076987256
0.85005931479414
0.8500570546694418
0.8500542353971988
0.8500497459647285
0.8426241031641388
0.9718478067522602
0.971903145012806
0.971956640646185
0.9942601266284286
0.8650301219059892
0.8649721618395374
0.8649428627073498
0.8946081173627162
0.8945924511057545
0.8945695983453074
0.8945510254210339
0.9093744537471814
0.9093605450137853
0.9093500135259611
0.9093480406332942
0.8580735852691344
0.7433413745979947
0.7401196532821931
0.7403526153617587
0.711940121891896
0.6765671719516332
0.6615057487777783
0.6598539240612165
0.6449413261951957
0.6426596284274086
0.6301180057767998
0.6280224001978643
0.5871783676527432
0.5823703886990034
0.5745938013050274
0.5741558968287843
0.5360075425562373
0.526529409640524
0.5249796926656259
0.5220256471858534
0.4617338620384378
0.5592028578151873
0.559860772995658
0.5603730538080709
0.5815285650727596
0.4821223017621383
0.47714252753758174
0.4770956771006609
0.46262323052126586
0.46271429728375163
0.459414197620166
0.4525603155515197
0.44095745134668984
0.4419050723334055
0.4432250748465959
0.43869938756683274
0.4410041742320249
0.43095212355202245
0.4310515589981992
0.43467138819613
0.4302013469711371
0.428535025935805
0.43061738071793954
0.43031261300304047
0.4514219786665422
0.4525676512357441
0.4532347711392427
0.4506443642524032
0.46806372851792055
0.47016798505248336
0.4865167376881417
0.479416150016755
0.49347085544517355
0.5111386768157032
0.5249027905731364
0.5325552041086937
0.5365604238471863
0.5544344863834846
0.5570336020874372
0.5810924157635509
0.5834338896387428
0.5850688430644112
0.5842135089413378
0.5822730749420643
0.7387614822324174
0.8354235874921052
0.8354175412990256
0.8354151116924888
0.8502840741954317
0.8502969332700849
0.8502719259305463
0.8502328619079602
0.8501938432723963
0.8501589530055921
0.8501246996206205
0.8500943742108228
0.8500685501743249
0.8500393102181868
0.8500145279006576
0.8499924085253724
0.842551205549611
0.9716574877157593
0.9716006531150772
0.971593474726811
0.9938668845802044
0.8646980325411784
0.8647076958925596
0.864721836431883
0.8944289247355125
0.8944507777805962
0.894459088146262
0.8944655908306867
0.9093098809060471
0.9093578403424608
0.9094470178060611
0.9095458768066784
0.8947798078219172
0.7978918027945936
0.797875093481704
0.7978782970827103
0.790471978675127
0.7904839928539448
0.7904922466248909
0.790497616900538
0.7830841880380348
0.7830895351259346
0.7830905997711258
0.783087059107826
0.7682470133277631
0.7682504610193823
0.7682571363086432
0.7682639534185461
0.7460163322400077
0.7460327407955553
0.7460490217843212
0.7460592177718801
0.669909527623434
0.6582828799476074
0.666759867885759
0.665292262429202
0.8285704374687787
0.7313520654414981
0.7312942334628534
0.7312786282725239
0.7238647170074647
0.7238746766557411
0.7238834313222081
0.7130948316126351
0.704495622859446
0.6967883391681247
0.6720968948314556
0.6047801563201961
0.5787127318102661
0.5773025411256714
0.5749604493636333
0.5595395933960818
0.562580712251909
0.5608749567912982
0.5469227194737523
0.5221544285428075
0.6203401387354801
0.6186545549249592
0.6020100355372584
0.5799276857357152
0.6443456472345969
0.6590812943942174
0.6917973667870914
0.715589706282039
0.7238137806429061
0.7237493281322449
0.733921136214748
0.7342564146932354
0.7234621072342415
0.7233604355719717
0.7338975328914799
0.733567013783777
0.7158505998865848
0.7159770282990163
0.7161705738072313
0.7266975185684759
0.7385650357172576
0.8354262472203313
0.8354087933065082
0.8353903161604344
0.85020890662226
0.8501898273639248
0.8501672405069435
0.8501418143962135
0.8501155779855244
0.8503197806034799
0.8511218324817056
0.8519619537457218
0.8531765076790871
0.8544588610728238
0.8558092281332038
0.8572374139239591
0.8483540366429455
0.9761280788339476
0.974873541457153
0.9737611111233451
0.9965288850984589
0.8679664882161697
0.868595794618926
0.8691880302141113
0.8980250146865904
0.8972146579188156
0.8964448205192154
0.8957141171904703
0.9087379856176869
0.908709948562907
0.9087016895949054
0.9087001711238292
0.8938735133467268
0.7970032162132492
0.7970082807805996
0.7970067772147793
0.7895818139199139
0.7895775605839879
0.7895742332247816
0.7895702162303783
0.782146441614794
0.782142482088611
0.7821379275672631
0.7821319914875687
0.7672904097747903
0.7672920316092732
0.767296858402721
0.7673021781254944
0.745054748886275
0.7450692352549018
0.7450832319045141
0.7450909187270162
0.7377023525368195
0.8347028325996096
0.8347721466635765
0.8347920214891918
0.827372911344955
0.7304817494158419
0.7304954331829473
0.7305194487162859
0.723128073784016
0.7231587479049585
0.723191655100454
0.7232264092234897
0.7158454785668266
0.7158788418985731
0.7159076401860416
0.7159334815744869
0.7085396207727515
0.7085553236415448
0.7085641849786726
0.708571878200973
0.7085813170709601
0.7085909909320774
0.7086083718016124
0.7086325430032058
0.7234949707124434
0.7234921474344939
0.723484568410226
0.723487541075338
0.7383335593593139
0.7383369642894878
0.7383362882889398
0.7383340282706323
0.7457494081849173
0.7457291575353011
0.7456924495827324
0.7456504285470801
0.7456036891423907
0.7455694282241148
0.7455478169197647
0.7455358311981852
0.7380997357000959
0.7380718158414541
0.7380348188714245
0.7379973391718146
0.7379680181584726
0.8348297437866495
0.834807748080499
0.8347827106914281
0.8495935924199919
0.8495657453722855
0.8495373934384011
0.8495105072665909
0.8494877674679445
0.8494722628981387
0.8494516986773094
0.8494293327478576
0.8494075416282766
0.8493925193978515
0.8493864823497689
0.8493914452230718
0.8420111430094551
0.971255553273808
0.971281490948964
0.9713019726334984
0.9935653169727642
0.8643489196740894
0.864333063861716
0.8643458459707579
0.8940427428439409
0.8940566040907602
0.8940613263305387
0.8940637837392653
0.9088549874794272
0.9086727128404357
0.908558101147189
0.9085239161086778
0.8936962790131762
0.7968373447882735
0.7968531623741878
0.7968616178020812
0.789448961214445
0.7894562596095978
0.789463062223797
0.7894688265858321
0.782058180865259
0.7820668160056359
0.7820711177730604
0.7820710153846907
0.7672348693432336
0.7672387132499139
0.7672433806839766
0.7672473473583091
0.7449983397342819
0.745015589895503
0.7450348805310255
0.7450499579363171
0.7376993021381955
0.8347773471960115
0.8348650050132704
0.8349531500842432
0.8275942558019816
0.7306314628902102
0.7305445536621784
0.7305142248227774
0.7231055434053829
0.7231234445735231
0.723138755147489
0.7231529671983591
0.7157508116622041
0.7157672583072224
0.7157837100459087
0.7157999793752501
0.70839811160875
0.7084138255634854
0.7084301317934991
0.7084474929670255
0.7084650897839087
0.7084732660521835
0.7084807182977848
0.708491777104717
0.7233403142108658
0.7233251592531024
0.7233066120388782
0.7232988162121312
0.7381339646566062
0.7381315384886573
0.7381295577696179
0.7381307048682219
0.7455522411168738
0.7455577693821123
0.7455642385581853
0.7455706225285853
0.7455768644938195
0.7455868093482426
0.745596085651861
0.7456016528609073
0.738185890475571
0.7381913469664664
0.7381980265665141
0.7382023497366198
0.7382048907605492
0.8350903861564744
0.8350900991260947
0.8350853789337148
0.849916385818032
0.849915113781298
0.8499143980674252
0.8499120424041381
0.8499080811985866
0.8499066210112964
0.8499064118331372
0.8499052965289027
0.8499033746417738
0.8499017160629393
0.8498995359572129
0.8498968728762116
0.8424751782148281
0.9716990038294375
0.971740316144243
0.9717635017189861
0.9940268903483577
0.8647956033636515
0.8647471568980304
0.8647234707210156
0.8943886316044162
0.8943768150779616
0.8943638756871024
0.8943569765176881
0.9091918917183821
0.9091882309477632
0.9091874624787344
0.9091943506251925
0.8943776183591923
0.7975230700177256
0.7975484419514995
0.7975687594900912
0.7901639973551022
0.7901725744974816
0.7901759688038713
0.7901752421686418
0.7827549054728662
0.782761461909111
0.7706406767547422
0.7590114065362743
0.7442745872812045
0.7441663011693563
0.7441407919379882
0.7440416375765381
0.6968032517521782
0.6386989479806018
0.618415632665336
0.5888244195189037
0.46053745553635894
0.5585492674765188
0.56303081354516
0.5545384596452223
0.6098602337730056
0.5112013104562336
0.5011887956919866
0.49699437476076014
0.4853102658797827
0.48432915913293706
0.4772460786749104
0.4760878602801566
0.4599307590856698
0.46258953357169996
0.45840254425625276
0.47137809747993936
0.44283940011273365
0.4439306943299384
0.4365424728890517
0.43844386032580823
0.44799841090240905
0.44021897064179644
0.43772643287209384
0.43492780330248093
0.46791756765390435
0.4720342017422447
0.47609344750044386
0.4657464855360582
0.4881417793057078
0.4863940996353209
0.48929152754920413
0.4906166747048706
0.5121075212337518
0.5096349571411983
0.5137331123857125
0.5268268405283726
0.5282302352754247
0.5384062823671762
0.5399083430872939
0.5432631924836091
0.5370656281017513
0.5384503596927785
0.546086952030188
0.5514302758468396
0.738648705776881
0.8352958992657518
0.835278370197829
0.8352619786721199
0.8500843100285025
0.8500743359315752
0.8500628005307093
0.8500517152302092
0.8500418466744967
0.8500307152913578
0.850019905107285
0.8500085909578466
0.8499971136789263
0.8499873334954678
0.849978196110819
0.8499685934853051
0.8425393561537174
0.9717385979357525
0.9717426024847605
0.9717264149374882
0.9939539968110438
0.864728162203988
0.8646962983323091
0.8646770423764238
0.8943350914495224
0.8943137922595715
0.8942937656527546
0.8942814731908929
0.9091107893734933
0.9091018641312971
0.9090948364310142
0.9090947782446702
0.894269842250786
0.7974089381018056
0.7974301205345677
0.7974480983791776
0.7900431499236399
0.7900557164818335
0.7900667831586125
0.7900748581107002
0.7826640013829695
0.7826759134294025
0.7826873491960997
0.782695673553664
0.7678660477278159
0.7678759754643396
0.767887050910488
0.7678951902546861
0.7456486224936125
0.745668927671331
0.7456934140609217
0.7457135002933338
0.5655860916315589
0.5663360931563581
0.5562734598232519
0.5634865956191162
0.6880491621397589
0.5907087294238051
0.5854950971480256
0.5815400580729798
0.5204373080002547
0.5106722300071161
0.4939602885343985
0.487140257273402
0.47681437226131257
0.4765710146952161
0.4702879539380572
0.47054018936312153
0.456955304676524
0.44713562707162813
0.44652432562649713
0.44257330935502726
0.45082498307515306
0.44522861356652804
0.4379325066165161
0.43933502370617217
0.47278050733279636
0.46919732421243016
0.4681946203416516
0.46479744627749864
0.4891016027180012
0.4839544579375222
0.4847474266831534
0.4848714486542036
0.5009543071085713
0.5070245360332948
0.5147456367647051
0.5155017015010318
0.5136200074403783
0.5122575482528631
0.5147330309063036
0.5274517430152631
0.5228430488484411
0.536900953134955
0.5425305871904882
0.5465002661737076
0.738807373534804
0.8354554693663554
0.8354488669715698
0.8354365588369881
0.8502636851188278
0.8502550041402788
0.8502440592416539
0.8502309533210799
0.8502174354789158
0.8502022640709054
0.8501816151391359
0.8501599502386021
0.8501300788215443
0.8501057717769123
0.8500874467659032
0.850072862454108
0.8426412753383442
0.9717947168452707
0.9717768191940723
0.9717848027105079
0.9940671430707583
0.8649118631359848
0.8649556625039646
0.8650094545170149
0.8947186410029682
0.8947233633553149
0.8947179591709673
0.8947181000140187
0.9095261494836875
0.9093923188941286
0.9092976637703867
0.9092674413031615
0.8944343906998813
0.7975654070188648
0.7975709109023393
0.7975685519674521
0.7901428801976971
0.7901402116481997
0.7901415452350835
0.7901438715418508
0.7827279006444984
0.7827357242544821
0.7827438989424723
0.7827493516500059
0.7679180899287994
0.7679252981106068
0.7679322740848995
0.7679361984638297
0.7456857817179523
0.7457014287068461
0.745719275355007
0.7354016459630301
0.5691406908448788
0.5741236368547789
0.572256362325654
0.5623821667049353
0.7179895216196539
0.6073201011568203
0.571265320474236
0.5653000701762806
0.54875845934287
0.5183000493651672
0.5040924442140734
0.4976563844561638
0.48477851200279853
0.4806180545389275
0.475635596959802
0.4704687850376305
0.4635732628383018
0.4633713384560502
0.456015070186031
0.4561990878190695
0.463639580448202
0.4553280188731147
0.4514895489107795
0.4501774644564457
0.48978910261350983
0.4885214954846403
0.48740970562005465
0.4883283960692816
0.5075550195797376
0.5083237131227761
0.5073714673197157
0.5086020528739377
0.5137604111157476
0.5133780084625817
0.5118394942962058
0.5089133850364961
0.5031157632285714
0.5014826209570735
0.5028770092291376
0.5053760575382105
0.497504237762106
0.503233306650008
0.5092032205084749
0.5133472129498727
0.7387753796799003
0.8353797203637725
0.8353853485642831
0.8353835744194642
0.8502118584501261
0.8502057533929726
0.8501999302725922
0.8501928808914679
0.8501825776888332
0.8501747690852611
0.8501676341727595
0.8501606148300113
0.8501526223970606
0.8501434380251067
0.8501337869230925
0.8501240488857191
0.842696154994253
0.9718908124154618
0.9719133427024199
0.9719431058402233
0.9942268037385975
0.8650028247123808
0.8649486546646896
0.8649147271271795
0.8945707447211528
0.8945475684634692
0.8945221180674565
0.8945025721306791
0.9093253799474794
0.9093134404427914
0.90930630472106
0.9093058230374844
0.8714274888072879
0.763289355882133
0.75341581193132
0.7500951201308831
0.7210332765047183
0.7087674475835918
0.7086977725818534
0.697201645782428
0.6661227301889858
0.66516062788844
0.6536514855366736
0.6504994428028801
0.6281491647467977
0.5989648380654984
0.5816553195917596
0.5778068796049423
0.5301616040268075
0.5253995744286685
0.5129567381602586
0.5072036365873914
0.4668019564628637
0.5634599525086358
0.5632301623271829
0.5630795415719684
0.5694025407173439
0.46316040587769797
0.46834714954918544
0.4592071486208161
0.44819120340362106
0.4486665523098485
0.45013312840111697
0.4467754778061303
0.44198212594802716
0.44601588534311887
0.4422835310218164
0.44306726624805876
0.4259818542372029
0.43575349892297083
0.42820093943273424
0.430648182323796
0.4267210765167662
0.42818081565147004
0.4263453877341203
0.4286789141500394
0.4463898591486011
0.44686107057922575
0.44802599975376745
0.4477481844355719
0.45893105504051745
0.4609339191605674
0.46190809649276243
0.46296104272144106
0.4696330347819313
0.4691071125796492
0.46974446866598557
0.4692200391604713
0.46641951879497207
0.46707200144087047
0.4674237592537004
0.46874448213421
0.46203048750915954
0.46487845433193964
0.46772823279755454
0.47122353840198933
0.7386484082040691
0.8354015040559508
0.835442608615437
0.8354603840242688
0.8502958564611006
0.8502913879113542
0.8502860657921993
0.8502808304613019
0.850277533769586
0.8502710936930982
0.8502587778900264
0.8502438973296932
0.8502286242886221
0.8502183656254962
0.8502071321372133
0.8501976218305615
0.8427712357125723
0.9719933069984642
0.9463789065454657
0.9224920301656785
0.9944638534122333
0.8651048215852339
0.8650290918925992
0.8650297171333537
0.8948061413672246
0.8947494666812044
0.894681075818717
0.8946522554213376
0.9094667453059336
0.9094570021673108
0.9094558675194913
0.9094625373939457
0.7283245149674842
0.5968104732298116
0.56431685791698
0.5729420201435617
0.5631914332346649
0.5643312036588958
0.5652721333448844
0.5675264031634163
0.5532885364893262
0.5547920897786578
0.5541971289255228
0.5536476506295779
0.5329035658836246
0.5309713977578805
0.5302031696623579
0.5288050703225828
0.49181025759369534
0.4894999706473782
0.48827306988736374
0.48771960266128644
0.4679041167595965
0.5661914478367811
0.5676345383585828
0.5691444015583722
0.5511303232979564
0.45702258519933436
0.4624221583934695
0.45382468837967294
0.4503062187105341
0.45042904108955634
0.44639192462640204
0.44826055446304625
0.4362732364235306
0.4393419669440342
0.4423640113782462
0.4326847962538309
0.425440506460285
0.4257337137879514
0.4259399728074308
0.4261717197562316
0.4253073273850629
0.42563763848658825
0.4260469035326834
0.4263684418265758
0.44860199148492136
0.4507796369643732
0.44836711323394784
0.46439866509534783
0.46229285701571987
0.4557026253389054
0.45440762110544536
0.4562605795197804
0.46423546433378204
0.46615948746895036
0.46622038289151246
0.46594746585291996
0.4638767393791698
0.46224794838878897
0.4628244799800234
0.4651178633627956
0.45809628267066616
0.4614868685371039
0.46260800742755637
0.46482038993507385
0.738849889654851
0.8353735651705126
0.8354187911357099
0.8354437535234828
0.8502856283391687
0.8502872780733873
0.8502899902446787
0.8502921254210265
0.8502922157406142
0.8502916411621894
0.8502875754855416
0.8502813931566907
0.850272540550159
0.850265518736751
0.8502613482963172
0.8502581094927264
0.8428374401419009
0.9720615040147347
0.9720966634846303
0.9721079797730143
0.9943560777705996
0.8651230096519248
0.8650815430791753
0.8650696319596484
0.8947500178045897
0.8947502740655576
0.8947445439509945
0.8947390363934943
0.9095720432963894
0.909562831603556
0.9095520499120432
0.9095438646775008
0.7388539704929297
0.5888089412562943
0.5436427240684941
0.5374882291310532
0.5288277653233389
0.5282206899050043
0.5307270433721439
0.531174785892139
0.5183599487961079
0.5207269712686872
0.5213760554137298
0.5213574590556198
0.5034036093174443
0.5000001309763374
0.5010738424396629
0.5025547792688776
0.4774472415526155
0.46944631766314254
0.471892535530467
0.4706080182755616
0.4685415706935672
0.5661815721441122
0.5668296599842703
0.567443291079957
0.5486604641726394
0.46468325005798966
0.45046734430459556
0.45700078003470734
0.450515285144617
0.45655198176991313
0.44820719845865853
0.45174266123401446
0.44399461187659817
0.4405023632186472
0.44094029403389423
0.45028072145834314
0.43511163317825036
0.4374140980724444
0.4368927702404308
0.4302591156252835
0.4489998710203537
0.4421116274338141
0.44393393979200735
0.44689547146994163
0.4447245193049587
0.44515506023972523
0.44454518379592356
0.4440399594671018
0.4613236274138841
0.46128738955883647
0.4619834747879805
0.46197280250092265
0.46981557684039854
0.47033550001227775
0.47070912303304385
0.4718526252870389
0.469852772809951
0.47013875795966
0.47008148296313224
0.4701027315421575
0.4631066134686199
0.46347957502814585
0.46504213831097335
0.4663998438022806
0.7388427085154043
0.8353758371880384
0.8354649293056806
0.8354959846710631
0.8503533086997829
0.8503379817848793
0.8502998793861674
0.8502642977183007
0.8502383748066537
0.8502244766588006
0.8502168318666902
0.8502095663603765
0.8502019744337244
0.8501945277736463
0.8501870024885426
0.8501794649630369
0.8427518533113033
0.9719176471461527
0.9718961347120963
0.9718784382038911
0.9941181089660979
0.8649206557674883
0.8649189196260467
0.8649299572689624
0.8946210709492086
0.8946316909942603
0.8946392670714705
0.8946534002824534
0.9095107304181999
0.9095318888737595
0.9095441199841988
0.9095498979453492
0.8336687492837412
0.7977871907220985
0.7052312695113224
0.6945993191139767
0.6689473796404731
0.6673473199645219
0.6683709861985423
0.6692368980048814
0.6466043989741452
0.6460032377804519
0.6352360067145119
0.6347822262669134
0.6158591413742585
0.604204617027229
0.6035653244312782
0.6049336602035145
0.5493130456258352
0.5453997451862336
0.5644694375753986
0.5614222847510508
0.46624281814817864
0.5639318506427389
0.5601666160243514
0.5516455388879644
0.6078912105819231
0.5135797557679243
0.5139174120494651
0.5151134654558678
0.502520641422473
0.499974262337905
0.4971111509405088
0.4926074288507083
0.4820251251532297
0.47950095942337334
0.47704385875983457
0.47571884595807123
0.4671046825223517
0.4670798537751791
0.4645137409800419
0.4623590165017907
0.4715913291388211
0.4686020186285722
0.4669770088971115
0.4641629814105762
0.5105718703662664
0.5145417338790687
0.5052334460497518
0.5026582349991016
0.5317428167932757
0.5361722181085232
0.538351701607594
0.5464881647354634
0.5543735864835759
0.5542003884783349
0.5562681951362627
0.5590632128864471
0.5563920407578812
0.5605542067029056
0.5709112470558466
0.5836978604660557
0.5763806155216585
0.5815394611818487
0.5865775340915631
0.5903133151481286
0.7386250889246366
0.8353194694893307
0.8352900848089351
0.8352651702325751
0.8500808234781007
0.8500678367046521
0.8500569353450461
0.8500457551638323
0.8500331710511269
0.8500226256414468
0.8500124040862761
0.8500007383587853
0.849989011717627
0.8499758465184409
0.849960267107499
0.8499434420020813
0.8425062780734982
0.97167426583631
0.9716473601319747
0.9716128223196119
0.9938300523774027
0.864608557625547
0.8645799625285189
0.8645570194324593
0.8942076730870732
0.8941788953782014
0.8941511773528253
0.8941306799222098
0.9089512949821349
0.9089321974236511
0.9089147159581021
0.9089028301240747
0.8940639279627539
0.7971859580746837
0.7971899537609108
0.7971917572148646
0.789771305111078
0.7897710989738428
0.7897713672169345
0.7897705740316444
0.7823518492583796
0.7823551863008058
0.7823577664642448
0.7823580473533485
0.7675210006123644
0.7675234818005902
0.7675258963641644
0.7675269141223026
0.745272112830511
0.7452814648474301
0.7452931111177195
0.745300731898753
0.6932399568333764
0.7902213483135548
0.790272879989921
0.7902777077490745
0.8275107007473533
0.7305680130627911
0.7305249540940276
0.7305073723205581
0.7230870768448122
0.7230911554177006
0.72309704056096
0.723101895890616
0.7156897924827851
0.7156960043096351
0.7157020938055066
0.7157073295643619
0.7082938550548469
0.7082974730760171
0.7083010438239815
0.7083037552210539
0.7083073004181454
0.7083031351932735
0.7082982465435613
0.708297407857937
0.7231349573819137
0.7231112247992588
0.7230843385236415
0.7230707312273544
0.7379040267741552
0.7378998255090768
0.7378932102432545
0.737886720923378
0.7452982808310987
0.7452916239908067
0.7452824773611352
0.7452717804030594
0.7452598238009691
0.745247792230993
0.745232242446269
0.7452147880522654
0.737780406087012
0.7377664695371063
0.7377556626490103
0.737743165813846
0.7377356528082036
0.8346113546868041
0.8346006125666039
0.834587332930817
0.8494112943065808
0.8493999511542013
0.849386493520308
0.8493718685366498
0.8493558629133472
0.8493405321390834
0.849325554132256
0.8493126410273865
0.8492939817685144
0.849277110979739
0.8492638939153087
0.8492562286985023
0.8418325971202651
0.9710222946915923
0.9710078543182282
0.9709692014215139
0.9931762131390433
0.8639661723971599
0.8639599588115238
0.8639566696373013
0.8936232670398581
0.8936074091460365
0.8935895680634868
0.8935768658756368
0.908404240673244
0.9083913587859086
0.9083799828649649
0.908372250315944
0.8935336346709903
0.7966560950168017
0.796662203383679
0.7966673758478533
0.7892520517459076
0.789255087832042
0.789258369890137
0.7892605670061926
0.7818447228473514
0.7818463438015766
0.7818434294434387
0.7818368100403845
0.7669945843551623
0.7669940108124422
0.7669976632087054
0.7670019396814519
0.7447532441050694
0.7447675588923951
0.7447830687659278
0.7447938613044474
0.7374086072290632
0.8344071937351049
0.8344748643161679
0.8344954741942708
0.7835275715988479
0.6865780782949924
0.6865244536638785
0.6865047071259335
0.6802060507720095
0.6802146567944921
0.6802230020859443
0.6802308301455371
0.6739383047284738
0.6739454510211339
0.6739510942916521
0.6739560506881321
0.667659163951708
0.6676645035748642
0.6676715416016396
0.6676804117394174
0.6676892728640512
0.6676901139348348
0.6676908426425869
0.6676957192157574
0.6803042656330645
0.6802850649497961
0.6802605812126351
0.6802461658630657
0.6928422968517328
0.6928378840260218
0.692835358365302
0.6928351590636729
0.6991376348776089
0.6991393575498853
0.6991404446981452
0.699140403452165
0.6991383552136032
0.6991398572964456
0.6991415724138299
0.6991412083952735
0.6928380496739123
0.692838591802701
0.6928397778475536
0.6928390948291896
0.6928367744800539
0.7897178473139469
0.7897149590389932
0.7897074490226254
0.802301999304809
0.8022956467631824
0.8022894416705969
0.8022822660056382
0.8022742560660772
0.802275751320698
0.802267674277375
0.8022495931915771
0.8022294138924424
0.8022174923035943
0.8022017128788416
0.8021890443958967
0.7958770417256492
0.9250319582487395
0.9249835519199455
0.9249346109785777
0.9437942328094214
0.8146149244870066
0.8146432648933137
0.814715821467191
0.8400138829587336
0.8400503354819427
0.8400923131819564
0.8401208556445992
0.8527469271350677
0.8527516469252711
0.8527426663231951
0.8527282462755185
0.8401108490610402
0.743216636262463
0.743188663837553
0.7431246560022997
0.736786604393308
0.736754605014761
0.736741448760266
0.7367365626809442
0.7304324141471824
0.730432722978567
0.7304319434138872
0.7304290766306563
0.7178242594227446
0.7178254108915877
0.7178263275514872
0.7178258753111376
0.698936716751476
0.698960599137601
0.6989757284852001
0.6989803364814913
0.6926984662650687
0.7896611643370693
0.7896984217327007
0.789726297992724
0.7834376168658531
0.6864969536874234
0.6864443500577122
0.6864221782408538
0.6801228755488075
0.6801313255004069
0.6801384183286945
0.6801442452247878
0.6738506443663846
0.6738568086361818
0.6738597326719314
0.6738616029715686
0.6675612258153006
0.6675626584202832
0.6675656917256008
0.6675699665006027
0.6675753905797588
0.6675715718693701
0.6675660463224788
0.6675642627604486
0.6801670800170623
0.6801455385282661
0.6801236346080491
0.6801147129699372
0.692719174723119
0.692718978072879
0.6927190884867049
0.6927198450728971
0.699021415425866
0.6990221924346681
0.6990229471846219
0.6990191894064086
0.6990126048236566
0.6990076674132234
0.6990023319682893
0.6989950812195628
0.6926849612943444
0.6926779568765781
0.6926707948310555
0.6926629935451812
0.6926548030945342
0.7895285804974999
0.7895191920035299
0.7895067119815985
0.8020988515148653
0.8020893098968841
0.8020775717387691
0.8020639809324536
0.8020515717347472
0.8020453261499697
0.80204152482719
0.8020354678641562
0.8020277788998622
0.8020178945729192
0.8020060338877657
0.8019925539658165
0.7956740451159962
0.9248223939646599
0.9247737052674696
0.9247265371409056
0.9435921722435165
0.8143768449516713
0.8143545077971434
0.8143364162393527
0.8395234366443461
0.8394985172685233
0.8394881113738288
0.8394881113738288
0.8520901646148451
0.8520901646148451
0.8520901646148451
0.8520901646148451
0.8394881113738288
0.7426091404218939
0.7426091404218939
0.7426091404218939
0.7363081138013863
0.7363081138013863
0.7363081138013863
0.7363081138013863
0.7300070871808783
0.7300070871808783
0.7300070871808783
0.7300070871808783
0.7174050339398624
0.7174050339398624
0.7174050339398624
0.7174050339398624
0.6985019540783388
0.6985019540783388
0.6985019540783388
0.6985019540783388
0.6922009274578308
0.789090687002381
0.7891101431508809
0.7891279707519555
0.7828238173191379
0.6858999008373231
0.6858999008373231
0.6858999008373231
0.679598874216815
0.679598874216815
0.679598874216815
0.679598874216815
0.6732978475963074
0.6732978475963074
0.6732978475963074
0.6732978475963074
0.6669968209757994
0.6669968209757994
0.6669968209757994
0.6669968209757994
0.6669968209757994
0.6669968209757994
0.6669968209757994
0.6669968209757994
0.679598874216815
0.679598874216815
0.679598874216815
0.679598874216815
0.6922009274578308
0.6922009274578308
0.6922009274578308
0.6922009274578308
0.6985019540783388
0.6985019540783388
0.6985019540783388
0.6985019540783388
0.6985019540783388
0.6985019540783388
0.6985019540783388
0.6985019540783388
0.6922009274578308
0.6922009274578308
0.6922009274578308
0.6922009274578308
0.6922009274578308
0.7890798984097658
0.7890798984097658
0.7890798984097658
0.8016819516507816
0.8016819516507816
0.8016819516507816
0.8016819516507816
0.8016819516507816
0.8016819516507816
0.8016819516507816
0.8016819516507816
0.8016819516507816
0.8016819516507816
0.8016819516507816
0.8016819516507816
0.7953809250302738
0.9245672710896742
0.9245672710896742
0.9245672710896742
0.9434703509511978
0.8142840048917974
0.8142840048917974
0.8142840048917974
0.8394881113738288
0.8394881113738288
0.8394881113738288
0.8394881113738288
0.8520901646148451
0.8520901646148451
0.8520901646148451
0.8520901646148451
0.8394881113738288
0.7426091404218939
0.7426091404218939
0.7426091404218939
0.7363081138013863
0.7363081138013863
0.7363081138013863
0.7363081138013863
0.7300070871808783
0.7300070871808783
0.7300070871808783
0.7300070871808783
0.7174050339398624
0.7174050339398624
0.7174050339398624
0.7174050339398624
0.6985019540783388
0.6985019540783388
0.6985019540783388
0.6985019540783388
0.6922009274578308
0.789090687002381
0.789090687002381
0.789090687002381
0.7827896603818734
0.6858999008373231
0.6858999008373231
0.6858999008373231
0.679598874216815
0.679598874216815
0.679598874216815
0.679598874216815
0.6732978475963074
0.6732978475963074
0.6732978475963074
0.6732978475963074
0.6669968209757994
0.6669968209757994
0.6669968209757994
0.6669968209757994
0.6669968209757994
0.6669968209757994
0.6669968209757994
0.6669968209757994
0.679598874216815
0.679598874216815
0.679598874216815
0.679598874216815
0.6922009274578308
0.6922009274578308
0.6922009274578308
0.6922009274578308
0.6985019540783388
0.6985019540783388
0.6985019540783388
0.6985019540783388
0.6985019540783388
0.6985019540783388
0.6985019540783388
0.6985019540783388
0.6922009274578308
0.6922009274578308
0.6922009274578308
0.6922009274578308
0.6922009274578308
0.7890798984097658
0.7890798984097658
0.7890798984097658
0.8016819516507816
0.8016819516507816
0.8016819516507816
0.8016819516507816
0.8016819516507816
0.8016819516507816
0.8016819516507816
0.8016819516507816
0.8016819516507816
0.8016819516507816
0.8016819516507816
0.8016819516507816
0.7953809250302738
0.9245672710896742
0.9245672710896742
0.9245672710896742
0.9434703509511978
0.8142840048917974
0.8142840048917974
0.8142840048917974
0.8394881113738288
0.8394881113738288
0.8394881113738288
0.8394881113738288
0.8520901646148451
0.8520901646148451
0.8520901646148451
0.8520901646148451
0.8394881113738288
0.7426091404218939
0.7426091404218939
0.7426091404218939
0.7363081138013863
0.7363081138013863
0.7363081138013863
0.7363081138013863
0.7300070871808783
0.7300070871808783
0.7300070871808783
0.7300070871808783
0.7174050339398624
0.7174050339398624
0.7174050339398624
0.7174050339398624
0.6985019540783388
0.6985019540783388
0.6985019540783388
0.6985019540783388
0.6922009274578308
0.7891241697194911
0.7892082624677013
0.7892561244256734
0.782962149146704
0.6859881200499305
0.6859479607250614
0.6859316989855155
0.6796408928174626
0.6796562977184553
0.6796690709724358
0.679680073835803
0.6733900537116474
0.6734029070959933
0.6734167584361312
0.673430827325032
0.6671439252601536
0.667158883854082
0.667174722155439
0.6671902613082824
0.6672060042576029
0.6672135555362484
0.6672190892807832
0.6672272370456356
0.679839253888701
0.6798288542607129
0.6798173028700185
0.6798150130841978
0.6924230175798979
0.6924256764021702
0.692425784921255
0.6924252273686436
0.6987242188693662
0.6987177036367138
0.6987064937758669
0.6986936073832136
0.6986828182341528
0.6986748526773937
0.6986671134920687
0.6986594089179906
0.6923889582021874
0.6924153450034048
0.6924344574535052
0.6924429104210413
0.692457253463311
0.7893672400524188
0.7893845766111517
0.7893885623876669
0.8019894387113591
0.801975083164361
0.8019482885313228
0.80191542737732
0.8018894760801807
0.801879142526275
0.8018718299246967
0.8018680715479843
0.8018665962897401
0.8018646601198708
0.8018620267518571
0.8018588118110683
0.7955527766603888
0.9247625799456022
0.9248197538405208
0.9248965539777584
0.9438850289322978
0.8147413989010333
0.8147724367608857
0.814813199434787
0.8400660673322896
0.8401159343889161
0.8401704283313907
0.8402294051413015
0.8528928012212603
0.8529626782679169
0.8530197198335555
0.8530255501103744
0.8402878011747742
0.7433223006807903
0.743300873411909
0.7433039728066323
0.7370108815557186
0.7370142340564345
0.7370129270314152
0.7370094726615485
0.730705353270943
0.7307108438898842
0.7307200389854898
0.7307282880765436
0.7181330795108779
0.7181431943696209
0.7181534546447346
0.7181626386774109
0.6992682214739954
0.6992859882763656
0.6993034743082053
0.6993153926892745
0.693056983425487
0.7900889360070167
0.7901775150725249
0.7902120404320674
0.7839282215067828
0.6869760832248515
0.686920905851015
0.686903757846327
0.6806088586921025
0.680618928678865
0.6806260548320817
0.6806324118743241
0.6743392433896177
0.6743478512887009
0.6743559092796888
0.6743618254383813
0.6680668859106033
0.668075266275779
0.6680866005950872
0.6680999433860826
0.6681130779107795
0.6681138944165191
0.6681094132511868
0.6681063709842932
0.6807070951436432
0.6806826348802177
0.6806575969673359
0.6806442768862878
0.6932425926542863
0.6932386330537541
0.6932347353333602
0.6932326328491568
0.6995320665967707
0.6995269658956192
0.6995177168040166
0.6995091893417225
0.6995048109595858
0.6995092413980668
0.6995184206106526
0.6995259245674283
0.6932292127909578
0.6932257611414435
0.6932126468264161
0.6931943108154054
0.69317487968902
0.7900421635374097
0.7900291461871011
0.7900143585290805
0.8026033834049573
0.8025911447843457
0.8025820316657021
0.8025712636915062
0.8025544535207493
0.8025365247557503
0.8025228164473659
0.8025129252012706
0.8024989131046774
0.8024856433711708
0.8024736171181657
0.8024612278311174
0.7961449858699152
0.9253083769090151
0.9252932929655464
0.9252894583692483
0.9441951172157727
0.8149907930113128
0.81496736547572
0.8149492758358131
0.84013943794028
0.8401188816979891
0.8400990244147457
0.840086377637588
0.852682825558839
0.8526792257672947
0.8526815830829979
0.8526942735740779
0.840107480398132
0.7432362363768477
0.7432383566644126
0.7432347479203818
0.7369260743879579
0.736927255319053
0.7369361249168421
0.7369475305312166
0.7306586035641193
0.73067227684701
0.7306818699805424
0.7306867272758263
0.7180872615780746
0.7180921202554954
0.7180957666996396
0.7180954926132257
0.6991905203860147
0.6992009237239551
0.6992145924874725
0.6992253527411065
0.6929585073961155
0.7899627455285672
0.7900418951672707
0.7900761366437123
0.7837975572270105
0.6868600510967919
0.6868105038962238
0.6867915357432093
0.6804922642391494
0.6805018101121958
0.6805116292073371
0.6805220425005267
0.674233431579712
0.6742461728317869
0.6742581420563456
0.6742696227136337
0.6679794144744549
0.6679829779652765
0.6679792073733205
0.6679731834123944
0.6679671391760895
0.6679572459321279
0.6679519300280191
0.667953962909385
0.6805610300648932
0.6805430922646026
0.6805257423513984
0.6805222327114707
0.693131186696511
0.6931310240508604
0.6931234096342843
0.6931111424236751
0.6993967230041165
0.6993778571049263
0.6993590368494869
0.699342744045465
0.6993287077392678
0.6993183438679251
0.699308284828578
0.6992970612685813
0.6929825625911014
0.6929735510371707
0.6929672646193992
0.6929619155468052
0.6929580123468098
0.78983782994078
0.7898329872846096
0.789823768429162
0.8024158421543462
0.8024037551392542
0.8027341658668374
0.8035054696050592
0.8034846590022098
0.8034717412790184
0.8034642459682803
0.8034575103591105
0.8031271731037495
0.802800884859425
0.8024810716151943
0.8022761871084734
0.795988229652579
0.9252551664429293
0.9253463897533984
0.9254680654814832
0.9439305481327811
0.814774405911068
0.814795653670081
0.8147954709904442
0.8399885474858969
0.839967789519582
0.839948001634799
0.8399348384013717
0.8525274553069673
0.8525208083740566
0.8525235446270096
0.8525407090552825
0.8399615568294625
0.7430986760865711
0.7431073283696619
0.7431084587417935
0.7368020484317197
0.7367996146844689
0.7368007026992178
0.7368027666818728
0.730503636073383
0.7305122417249496
0.7305229819198861
0.7305322098308948
0.7179364855012085
0.7179436664804268
0.7179497751595894
0.7179540860015342
0.6990542399529713
0.6990657897666122
0.6990767563836573
0.6990817288701505
0.6927802202331302
0.7897192797838066
0.7897795302823194
0.7898244646843732
0.7835551607752728
0.6867016341309542
0.6867247455854555
0.6867285020466629
0.6804186666890093
0.6804413892388781
0.6805057180982346
0.6805996738439992
0.6744077452355727
0.6744977161557457
0.6745647917797656
0.6746189839417869
0.6683647264924123
0.6683964935560903
0.6684163607555705
0.6684320858098186
0.6684463078834191
0.6684493140030624
0.668449750460494
0.668452744600991
0.681057519934839
0.6810446307623159
0.6810425664905356
0.6810591603346009
0.6936887675172206
0.6937012237506994
0.6936956504839488
0.6936791885540003
0.6999565865668531
0.699932667041004
0.6999090358798704
0.6998867952244532
0.6998665267268355
0.6998398642650874
0.6998021879160738
0.6997578167071227
0.6934097246064201
0.6933812255616129
0.6933496906153228
0.6933270950683903
0.6933091333316059
0.7901752598585071
0.7901592219661977
0.790141581607109
0.8027253087909544
0.8027048776597755
0.8029117896543855
0.803121513834769
0.8035964191756243
0.8040827372189477
0.80457933274609
0.8050901156686219
0.8045276717050801
0.8039795080252062
0.8034533234456138
0.8029456140642793
0.796626732971722
0.9257485852474036
0.9256841919748398
0.9256417783805897
0.9440725904166004
0.814883554173962
0.8148866028190966
0.8148861555086656
0.8400861781377525
0.8400720601057285
0.840058276341674
0.8400522756482485
0.8526532744563793
0.8527371990463376
0.8528719852720591
0.8529928451491219
0.8403905669913121
0.7433270241316261
0.743216049757457
0.7431808137598515
0.7368773008093386
0.7368820052465809
0.7368788563148574
0.736870886389329
0.7305632116844992
0.7305667860004998
0.7305748657331523
0.7305829643149899
0.7179880342374504
0.7179977208869646
0.7180073979297171
0.7180159472266952
0.6991208367164428
0.6991391431770279
0.6991578523157912
0.699171642429431
0.6929285893470224
0.7900068602900872
0.790109281038779
0.7901414579465881
0.7838185346780507
0.6868228720994415
0.686784281494695
0.6867703592838508
0.6804812526617178
0.6804949269999193
0.6805045273473413
0.6805132120506538
0.6742224375408558
0.674235407574889
0.6742496291304589
0.6742641144581765
0.6679775065038047
0.6679898954953826
0.6680018687114743
0.6680144888150216
0.6680266100216063
0.6680320535690963
0.6680386265128596
0.6680494180284616
0.6806635967609447
0.6806516839233623
0.6806389169096038
0.6806381351976089
0.6932477840583162
0.6932552058845459
0.6932591964655563
0.6932597681037148
0.6995570717330736
0.6995452326044602
0.699525316714856
0.6995034001580029
0.6994838311645923
0.6994713195801249
0.6994608273207285
0.699450366682417
0.6931380525702326
0.6931307176330669
0.693126557068352
0.6931209637659941
0.6931184686199323
0.789998523445998
0.7899917578322249
0.789981120286956
0.8025760620311945
0.8025722850460506
0.8025691653235175
0.802563928434751
0.8025578202055507
0.8025517680119829
0.8025440963586992
0.8025338819594415
0.8025203028944572
0.8025068130512817
0.8024946607251097
0.8024816069424301
0.796163070245052
0.9252983734518431
0.9252449929218134
0.9252049058190236
0.9440758380360713
0.8148634348329238
0.8148436806625614
0.8148313304351154
0.8400298875918277
0.8400165786307221
0.8400023846553575
0.8399936876081787
0.8525927346439158
0.852584520584905
0.8525821686346532
0.8525845567246163
0.8399859494212635
0.7431117981110807
0.7431219135832057
0.7431328582473575
0.7368389111342336
0.7368517153385435
0.7368696292755759
0.736889929349657
0.7306112533059387
0.7306298404792758
0.7306401843617369
0.7306445136651012
0.7180428425480844
0.7180478263933205
0.7180550140262445
0.7180620926942671
0.6991659143353136
0.6991838352100677
0.699204073587722
0.6992204971201641
0.6929819690272985
0.7900754745879025
0.7901943413286795
0.7902378436088142
0.7839232345760897
0.6869122373417424
0.6868612063354244
0.6868386508531692
0.6805469426358938
0.6805633667866443
0.6805789725349096
0.6805952011044197
0.6743128588937801
0.6743317715552342
0.6743504992637013
0.6743686090567484
0.6680850500737715
0.6680996993568538
0.6681125067315953
0.6681245443972046
0.6681353115269382
0.6681393188794928
0.6681452256703501
0.6681550945587212
0.6807689774371035
0.6807618371983719
0.6807594383630761
0.6807722781372231
0.6933970234638217
0.6934111460829704
0.6934138227451878
0.6934093967226482
0.6997050644081093
0.6996980001864987
0.6996886411003436
0.699678738193481
0.6996682592162506
0.6996634979246075
0.6996592875692121
0.6996500824426853
0.6933835304232013
0.6934217929504903
0.6934374445821528
0.693440362465656
0.6934554641970283
0.7903676205063869
0.7903789262864989
0.7903745863106411
0.8029692987108558
0.8029585953777582
0.8029433064031483
0.8029275884735233
0.8029141954366785
0.8028926559326199
0.8028653684046703
0.8028370020870563
0.80280883603331
0.8027952490977522
0.8027970394200749
0.8028079891896667
0.7965234829786326
0.9257685432894722
0.9258346794283315
0.9258903887597225
0.9448422395417295
0.8156391244686196
0.8156064967845684
0.8155849987057685
0.8407734291587636
0.8407508645430113
0.8407301361066128
0.8407175855209419
0.8533134711130177
0.8533178629281951
0.8533363502936293
0.8533588048291311
0.8407747340361097
0.7438985839311328
0.743912906922591
0.7438691516879608
0.737520869278735
0.7374986581154588
0.737493723285194
0.7374930957245486
0.7311910008501757
0.7311925433682132
0.7311946494760176
0.7311962739267029
0.7185959980699088
0.7186017451241234
0.7186085116406574
0.71863527401818
0.6998272555914643
0.6999015424740511
0.6999275421448974
0.6998879986695917
0.6935817463706472
0.7906104639241691
0.7906896416104984
0.7907489150888369
0.7844460365929979
0.6874548040938679
0.6873962270979802
0.6873852867870482
0.681095005238961
0.6811090796372253
0.6811184579680696
0.6811257330553453
0.6748336937966368
0.6748468276566771
0.6748629372506258
0.6748801832037157
0.6685962354912537
0.6686096715212048
0.6686211372095037
0.6686308008519594
0.6686407150743141
0.6686433666714906
0.6686466110010708
0.645530792973013
0.6812887323945118
0.6812487940286839
0.6812191648609022
0.6812014014263041
0.6937980555650981
0.6937957324295463
0.6937954098864275
0.6937957248777183
0.7000946972438908
0.7000911816482224
0.700085280696797
0.7000817334921419
0.7000828987231442
0.7000915443961412
0.7001017916416593
0.7001078821634142
0.693808981391356
0.6938084718589149
0.6938046297798184
0.6937959225530674
0.6937834952381905
0.7906507531115369
0.7906336451813691
0.7906158562932697
0.8032046150891533
0.8031938100231976
0.8031840176680519
0.8031738157980233
0.8031630888945005
0.803152790551448
0.803142606661805
0.803134017136409
0.8031198471965507
0.8031048286573104
0.8030888903938675
0.8030716414219137
0.7967498728778272
0.9259235862019892
0.9259131755767975
0.9259034597047977
0.9447983225119698
0.8155732991113203
0.8155342598083076
0.8155116165228151
0.8407049891843285
0.8406876551478305
0.8406705118514776
0.8406601243048938
0.8532592111409154
0.8532602558283402
0.8532756584088063
0.8533011825427654
0.8407269416353335
0.7438667904666239
0.7438782922687867
0.7438815623178956
0.7375804460668198
0.7375820234388475
0.7375833987060122
0.7375827452056803
0.7312793967139911
0.7312832195869815
0.7312879555163042
0.7312903020169161
0.7186897007469618
0.7186961997188471
0.7187045946820977
0.7187119165062986
0.6998140264659737
0.6998317103907618
0.699851384794279
0.6998677209892684
0.6708142888513006
0.7134447064015108
0.6464639740331812
0.6240888249648999
0.7847615387144492
0.6875217936773116
0.6874588424667499
0.6874430922060759
0.6811487095760475
0.6811613969228254
0.681171690654067
0.6811801131299574
0.6516306267326827
0.6390229774934805
0.629604366014939
0.6285018003395813
0.5862439786019638
0.5590883259693643
0.5293634761315271
0.5239848505636118
0.5275053645734705
0.5231907467333723
0.5188666801570377
0.5156686362716898
0.5589014504243217
0.557699417621948
0.5572966114992177
0.5552641399153385
0.5690378245485511
0.5699953954379045
0.5804992986092191
0.585163650147116
0.6164960316399575
0.6527317852292351
0.6763604712505851
0.6752942247752458
0.6747030180333939
0.6746170003515548
0.6745420230853342
0.6744910038979899
0.6684204951459122
0.669381647860916
0.669595438017197
0.6697507750665881
0.6937600704165343
0.7906006170184736
0.7905806792601264
0.7905600813978928
0.8031436423496636
0.8031198829313412
0.8030943900090254
0.8030695520453167
0.803243888610682
0.8035399525995773
0.8038434938114226
0.8041532937187147
0.8043139350705589
0.8044761156539877
0.8046432780751571
0.8048141934371671
0.7982541678948494
0.927090052205068
0.9268301920381005
0.9266305984599315
0.9448905080102583
0.8152523768239862
0.8152904518857373
0.8152941439926632
0.840492169695404
0.8404786228789685
0.8404680306590134
0.840465448776706
0.8530750666272267
0.8530976218846898
0.8531557258566967
0.8532691916636398
0.8408221363951741
0.744085658704888
0.743477937104318
0.7426091404218939
0.7363081138013863
0.7363081138013863
0.7363081138013863
0.7363081138013863
0.7300070871808783
0.7300070871808783
0.7300070871808783
0.7300070871808783
0.7174050339398624
0.7174050339398624
0.7174050339398624
0.7174050339398624
0.6985019540783388
0.6985019540783388
0.6985019540783388
0.6985019540783388
0.6922009274578308
0.789090687002381
0.789090687002381
0.789090687002381
0.7827896603818734
0.6858999008373231
0.6858999008373231
0.6858999008373231
0.679598874216815
0.679598874216815
0.679598874216815
0.679598874216815
0.6732978475963074
0.6732978475963074
0.6732978475963074
0.6732978475963074
0.6669968209757994
0.6669968209757994
0.6669968209757994
0.6669968209757994
0.6669968209757994
0.6669968209757994
0.6669968209757994
0.6669968209757994
0.679598874216815
0.679598874216815
0.679598874216815
0.679598874216815
0.6922009274578308
0.6922009274578308
0.6922009274578308
0.6922009274578308
0.6985019540783388
0.6985019540783388
0.6985019540783388
0.6985019540783388
0.6985019540783388
0.6985019540783388
0.6985019540783388
0.6985019540783388
0.6922009274578308
0.6922009274578308
0.6922009274578308
0.6922009274578308
0.6922009274578308
0.7890798984097658
0.7890798984097658
0.7890798984097658
0.8016819516507816
0.8016819516507816
0.8016819516507816
0.8016819516507816
0.8016819516507816
0.8016819516507816
0.8016819516507816
0.8016819516507816
0.8016819516507816
0.8016819516507816
0.8016819516507816
0.8016819516507816
0.7953809250302738
0.9245672710896742
0.9245672710896742
0.9245672710896742
0.9434703509511978
0.8142840048917974
0.8142840048917974
0.8142840048917974
0.8394881113738288
0.8394881113738288
0.8394881113738288
0.8394881113738288
0.8520901646148451
0.8520901646148451
0.8520901646148451
0.8520901646148451
0.8394881113738288
0.7426091404218939
0.7426091404218939
0.7426091404218939
0.7363081138013863
0.7363081138013863
0.7363081138013863
0.7363081138013863
0.7300070871808783
0.7300070871808783
0.7300070871808783
0.7300070871808783
0.7174050339398624
0.7174050339398624
0.7174050339398624
0.7174050339398624
0.6985019540783388
0.6985019540783388
0.6985019540783388
0.6985019540783388
0.6922009274578308
0.7833541331415038
0.7442718074273694
0.720877311470528
0.7827896603818734
0.6858999008373231
0.6858999008373231
0.6858999008373231
0.679598874216815
0.679598874216815
0.679598874216815
0.679598874216815
0.6732978475963074
0.6732978475963074
0.6732978475963074
0.6732978475963074
0.6669968209757994
0.6669824617874548
0.6438947687693966
0.6432570211628299
0.6434917201075611
0.6424546527959621
0.6285046860448801
0.6047584062504034
0.6450477369508487
0.6552446330623154
0.6423418706093942
0.6278221339018468
0.628851082426955
0.617309381658268
0.6166188648469979
0.6026753554104535
0.6182544647260491
0.6204975016804726
0.62173052920694
0.6205057855977839
0.6132553396392227
0.5883645725367436
0.6045057011191061
0.6311074316771803
0.640015529929197
0.6421532128366154
0.6427503581636667
0.6433283320417904
0.6922009274578308
0.7890798984097658
0.7890798984097658
0.7890798984097658
0.8016819516507816
0.8016819516507816
0.8016819516507816
0.8016819516507816
0.8016819516507816
0.8016819516507816
0.8016819516507816
0.8016819516507816
0.8016819516507816
0.8016819516507816
0.8016819516507816
0.8016819516507816
0.7953809250302738
0.9245672710896742
0.9245672710896742
0.9245672710896742
0.9434703509511978
0.8142840048917974
0.8142840048917974
0.8142840048917974
0.8394881113738288
0.8394881113738288
0.8394881113738288
0.8394881113738288
0.8520901646148451
0.8520901646148451
0.8520901646148451
0.8520901646148451
0.8394881113738288
0.7426091404218939
0.7426091404218939
0.7426091404218939
0.7363081138013863
0.7363081138013863
0.7363081138013863
0.7363081138013863
0.7300070871808783
0.7300070871808783
0.7300070871808783
0.7300070871808783
0.7174050339398624
0.7174050339398624
0.7174050339398624
0.7174050339398624
0.6985019540783388
0.6985019540783388
0.6985019540783388
0.6985019540783388
0.6689629702296218
0.7034216129735146
0.6727485925137994
0.668600535270206
0.7852620377828496
0.6881728607104991
0.6881379839144776
0.6881645859955239
0.681865095633468
0.6818762027259092
0.6819177035021176
0.6819808033840962
0.6757488995279137
0.6758117380276375
0.6758626076204074
0.6758993243853857
0.669623670049064
0.669664650513766
0.6569644269969767
0.6310700723416238
0.6324150714288684
0.6313851504047058
0.6295115348421957
0.6278675525421896
0.6701099251524916
0.6683706228252793
0.654670992009247
0.6668372899183517
0.6922009274578308
0.6922009274578308
0.6922009274578308
0.6922009274578308
0.6985019540783388
0.6985019540783388
0.6985019540783388
0.6985019540783388
0.6985019540783388
0.6985019540783388
0.6985019540783388
0.6985019540783388
0.6922009274578308
0.6922009274578308
0.6922009274578308
0.6922009274578308
0.6922009274578308
0.7890798984097658
0.7890798984097658
0.7890798984097658
0.8016819516507816
0.8016819516507816
0.8016819516507816
0.8021083814249296
0.8021083814249296
0.8021083814249296
0.8021083814249296
0.8021083814249296
0.8023404492703659
0.8025763626800704
0.8028161298883162
0.8030597592403605
0.797006232573506
0.9264439577601266
0.9266992247486423
0.9269583884035999
0.9448770751213993
0.8147646933288994
0.8142840048917974
0.8142840048917974
0.8394881113738288
0.8394881113738288
0.8394881113738288
0.8394881113738288
0.8520901646148451
0.8520901646148451
0.8520901646148451
0.8520901646148451
0.8394881113738288
0.7426091404218939
0.7426091404218939
0.7426091404218939
0.7363081138013863
0.7363081138013863
0.7363081138013863
0.7363081138013863
0.7300070871808783
0.7300070871808783
0.7300070871808783
0.7300070871808783
0.7174050339398624
0.7174050339398624
0.7174050339398624
0.7174050339398624
0.6985019540783388
0.6985019540783388
0.6985019540783388
0.6985019540783388
0.6922009274578308
0.789090687002381
0.789090687002381
0.789090687002381
0.7827896603818734
0.6858999008373231
0.6858999008373231
0.6858999008373231
0.679598874216815
0.679598874216815
0.679598874216815
0.679598874216815
0.6732978475963074
0.6732978475963074
0.6732978475963074
0.6732978475963074
0.6669968209757994
0.6669968209757994
0.6669968209757994
0.6669968209757994
0.6669968209757994
0.6669968209757994
0.6669968209757994
0.6669968209757994
0.679598874216815
0.679598874216815
0.679598874216815
0.679598874216815
0.6922009274578308
0.6922009274578308
0.6922009274578308
0.6922009274578308
0.6985019540783388
0.6985019540783388
0.6985019540783388
0.6985019540783388
0.6985019540783388
0.6985019540783388
0.6985019540783388
0.6985019540783388
0.6922009274578308
0.6922009274578308
0.6922009274578308
0.6922009274578308
0.6922009274578308
0.7890798984097658
0.7890798984097658
0.7890798984097658
0.8016819516507816
0.8016819516507816
0.8016819516507816
0.8016819516507816
0.8016819516507816
0.8016819516507816
0.8016819516507816
0.8016819516507816
0.8016819516507816
0.8016819516507816
0.8016819516507816
0.8016819516507816
0.7953809250302738
0.9245672710896742
0.9245672710896742
0.9245672710896742
0.9434703509511978
0.8142840048917974
0.8142840048917974
0.8142840048917974
0.8394881113738288
0.8394881113738288
0.8394881113738288
0.8394881113738288
0.8520901646148451
0.8520901646148451
0.8520901646148451
0.8520901646148451
0.8394881113738288
0.7426091404218939
0.7426091404218939
0.7426091404218939
0.7363081138013863
0.7363081138013863
0.7363081138013863
0.7363081138013863
0.7300070871808783
0.7300070871808783
0.7300070871808783
0.7300070871808783
0.7174050339398624
0.7174050339398624
0.7174050339398624
0.7174050339398624
0.6985019540783388
0.6985019540783388
0.6985019540783388
0.6985019540783388
0.6922009274578308
0.789090687002381
0.789090687002381
0.789090687002381
0.7827896603818734
0.6858999008373231
0.6858999008373231
0.6858999008373231
0.679598874216815
0.679598874216815
0.679598874216815
0.679598874216815
0.6732978475963074
0.6732978475963074
0.6732978475963074
0.6732978475963074
0.6669968209757994
0.6669968209757994
0.6669968209757994
0.6669968209757994
0.6669968209757994
0.6419689455015063
0.6199323315156431
0.6175395409495568
0.6535641878847641
0.6515448177520452
0.6337516833187982
0.6327863437336265
0.6448296821567281
0.643745532366087
0.6297829216467026
0.6189894433558358
0.6249366909956865
0.6338564484499539
0.6365041113598706
0.6470271579484423
0.6359661314183546
0.6352320492809952
0.6364882533746327
0.6492439247836103
0.6409032967789114
0.6407679209475928
0.6395144899197913
0.6382992151939966
0.6922009274578308
0.7890798984097658
0.7890798984097658
0.7890798984097658
0.8016819516507816
0.8016819516507816
0.8016819516507816
0.8016819516507816
0.8016819516507816
0.8016819516507816
0.8016819516507816
0.8016819516507816
0.8016819516507816
0.8016819516507816
0.8016819516507816
0.8016819516507816
0.7953809250302738
0.9245672710896742
0.9245672710896742
0.9245672710896742
0.9434703509511978
0.8142840048917974
0.8142840048917974
0.8142840048917974
0.8394881113738288
0.8394881113738288
0.8394881113738288
0.8394881113738288
0.8520901646148451
0.8520901646148451
0.8520901646148451
0.8520901646148451
0.8394881113738288
0.7426091404218939
0.7426091404218939
0.7426091404218939
0.7363081138013863
0.7363081138013863
0.7252781232588369
0.7133953140044386
0.7037924649451176
0.7031105028646099
0.7034488568882844
0.7036247810780141
0.6570033057657534
0.6329520510346858
0.611607943774491
0.5881567064255816
0.5489452951962053
0.5350939984982809
0.5321454644188871
0.5297777767196999
0.42254893919979153
0.5178331181658478
0.5180815414083801
0.5185064798545068
0.5403660757705492
0.434170106060182
0.4333450023551233
0.4237709048161213
0.41586811253265804
0.4126392623985939
0.4124977122557082
0.41114843519908295
0.3992993618995758
0.40714023562552226
0.4015976771926031
0.4105461842813258
0.3912884414345509
0.39930376863636197
0.39566706158180803
0.39008706417954286
0.3945089802003518
0.39877927296154314
0.40051616438566645
0.39078191795307
0.4023122170352532
0.413685000413511
0.40356977025976926
0.4031089062141571
0.41523968119630184
0.41610563804037737
0.4179323258418101
0.41456298646518774
0.42296306138054546
0.42288400033858203
0.4221637013395127
0.4211131065278748
0.4238935324441353
0.42105689536936003
0.42187277936643747
0.43133288115405877
0.41985972092684243
0.4300067174644323
0.43548714270631167
0.44062960732101375
0.6934154326461166
0.792019295686346
0.7920554244906033
0.7920549976549435
0.8046540749272115
0.804650329915795
0.8046442951747731
0.8046363033161483
0.8046274739858473
0.8046163389525792
0.8046013394063648
0.8045865307182462
0.8045720410286324
0.8045518454282026
0.8045312963430503
0.804509451726667
0.7981832219884714
0.9273260916993693
0.9272954510249897
0.9272864965971649
0.94619628595572
0.8169673613752728
0.8169175903263058
0.8168900320231642
0.8420849155477937
0.8420663972489565
0.8420453274469942
0.8420310965979944
0.8546265980525029
0.8546268791909345
0.8546422765385496
0.8546668820341241
0.7463035748947389
0.6320600831466496
0.6052008700281005
0.615787749565898
0.60873343354835
0.6100126063417156
0.6126926838961204
0.6133690755893487
0.6019105153626615
0.6016262577416545
0.600409239337274
0.5884705912023963
0.5719162209169866
0.5729397826219144
0.5732794904832893
0.5718380143968237
0.5331121893213056
0.5053073963734543
0.5019886361681175
0.4994604600241123
0.42086916018841425
0.5176832866280617
0.5193424159020268
0.521013470411688
0.5274960413420198
0.4255587824057203
0.4284737673779254
0.4143131157688067
0.41662399692366847
0.41566085106193246
0.41542027759582895
0.4069034026558928
0.4048231253840237
0.4135641023487718
0.40392822383219484
0.4044225244543005
0.3998388455350296
0.38384124531051905
0.38660202885750844
0.3894733220316126
0.38517702866865905
0.38781481656425776
0.38881924430214
0.39102923787897714
0.40390777633345987
0.39602407340207674
0.40398339371714187
0.40384922960412517
0.42292966382222014
0.42016809624325335
0.420746208377753
0.41440035710180856
0.43113127976233334
0.42568115660690614
0.43021628286886193
0.43294398463641054
0.43206529741719185
0.43141920666073147
0.4323848290256053
0.4316004878363252
0.4289491080129019
0.4270183382151461
0.4321990363864587
0.4348601378397403
0.695018805423906
0.7916249091732295
0.7916640556325726
0.7916794175266345
0.8042787791496517
0.8042715837732086
0.8042640410553205
0.8042542018183375
0.8042389984670403
0.8042261163389655
0.8042041756986561
0.8041816664745035
0.8041590118109135
0.8041328163532215
0.8041010079129892
0.8040700333053034
0.7977111763357732
0.9267716136531496
0.9267122086290606
0.926649151114642
0.9455062997080895
0.8163283858328656
0.8163436914603777
0.8163448172753159
0.841542990935628
0.8415278422169663
0.8415158302738242
0.8415143966305644
0.8541255611414735
0.8541607784614423
0.8542100254065259
0.8542449407619674
0.775224785712712
0.7447216088724073
0.7388573937656684
0.7327754978297585
0.7270885079446981
0.7271838543654415
0.7280180606747955
0.7280140794486424
0.7206988629224576
0.7205756226593656
0.7204593329701175
0.7203422420778267
0.6993309037635975
0.6880959151704388
0.655305088895169
0.6398549456753446
0.5911989568640464
0.5764598132143048
0.5643142222015641
0.5618700934440894
0.4264302095503522
0.5145702254964991
0.5124739154035625
0.5139404965937406
0.5486675218112912
0.444860742761209
0.4398695728926448
0.43398291104678305
0.4221381903677002
0.422593296744235
0.422779892336817
0.4201075709221647
0.40697239858347534
0.40707967342363294
0.40850942566286597
0.4020264958029777
0.3982024118349052
0.3993147939202231
0.3943359127504964
0.4044524531691758
0.39656942461568556
0.3933272464937415
0.4023761469815535
0.40013336275409334
0.4231606172539153
0.4198192556403071
0.41668369754567003
0.4178868037052321
0.43006331183012386
0.4199548413104737
0.42376276663197987
0.42484170528060505
0.4368725352437018
0.44103359020276073
0.44436262390106795
0.4465077303323443
0.4354099100683352
0.43680519620936087
0.43643946562989877
0.43828107823016094
0.4326152724106862
0.4329549966613879
0.42912126039908544
0.42838651619517804
0.6946385226432199
0.7912039677798272
0.7912422585819796
0.7912587837378849
0.8038589094347243
0.8038512529673398
0.803842336204859
0.8038335365799644
0.8038241145763192
0.803820278019348
0.8038150029761694
0.80381066059265
0.803807935105277
0.8038029367631653
0.803796640055445
0.8037892333255087
0.7974778664091406
0.9266893735312148
0.9267315387418181
0.9024459902398013
0.9457438737615815
0.8164790475687579
0.8164095697866088
0.816370796804966
0.8415608463184118
0.8415460166691476
0.8415325920377658
0.8415274238614686
0.8541313859746316
0.8541308744931723
0.854134930510772
0.8541418211913199
0.6784089485833739
0.5351896347426011
0.49831253752920524
0.4896696801889089
0.47600232971193857
0.4779307215035005
0.47693552720382204
0.47622484759845446
0.4658458152977642
0.4663038276986762
0.46738901652065695
0.46657206618323105
0.45064682102936826
0.45297388984710074
0.4499406572362596
0.44462877221132835
0.42001168251876636
0.4125760055678511
0.42101554799150276
0.4234611251703611
0.4325249540003075
0.5291227140177267
0.5287388399579483
0.5284460224518354
0.5066107354051644
0.40959547141018116
0.409919365268451
0.40793654187792083
0.4062565937124356
0.3979377515667612
0.39833179322604684
0.3989236499396174
0.39311437838696495
0.3934978533452721
0.39394542500693547
0.3942412275700997
0.38805029696292015
0.38808837236610255
0.3881259111437147
0.38822395505400026
0.3873629998741186
0.3878327122745602
0.3881532986593709
0.3887499686076648
0.40741312750711733
0.3979421610924593
0.3982334693269793
0.3984648948752653
0.4106971309012992
0.4107496070663323
0.4109249267668502
0.41112583905668887
0.4173934370258669
0.4174157173523271
0.4172798441285691
0.41712345230717834
0.41749102076640016
0.41710296271168934
0.42691828388920944
0.42494730631145705
0.41953120005101036
0.42794333709225674
0.43275282012564364
0.4282245614693471
0.6947016766492143
0.7912442157215529
0.7912928177650492
0.7913279971810955
0.7917311648681419
0.7569266682670655
0.7317733590481661
0.7050482253021721
0.6930799266621213
0.6785570728694464
0.6671390368653526
0.6642198809224705
0.6657997386644869
0.677600264687735
0.7156177935719874
0.7294925015969379
0.5747034136480518
0.7023318210695288
0.7494841860517027
0.7539863611271888
0.8972762712561129
0.7675513186524677
0.7665717528645098
0.7563078935070097
0.7929358610794206
0.7927932347875374
0.7924338135944201
0.7927096172684566
0.7948658059156584
0.7802680985179621
0.7698736185140858
0.7598671613717303
0.7573273142968335
0.5758598501433787
0.4662290030264239
0.46802477244655727
0.46046478120108647
0.4598607027977667
0.4592491482127717
0.4594735379951027
0.45251622852278117
0.4526668569927147
0.4548556739910559
0.44755707711159765
0.4367970972282433
0.4377288503007389
0.43733815388503383
0.43491592985081245
0.42444506249429287
0.4244296620633499
0.42448884757397515
0.4221131633888585
0.4302921501022211
0.5278941198871481
0.5287321781072811
0.5295191383485632
0.5021916145709157
0.40576417111709345
0.4061364668044421
0.40674306388707154
0.4005542616097796
0.40035593010989284
0.4003198905497051
0.40014762325177183
0.3939974101244576
0.39396600860403763
0.39394024964434493
0.3940413582853965
0.38796113292462114
0.38832226571013156
0.388791189522158
0.3892960233558519
0.38801908005284985
0.3879180985108504
0.3881214739790214
0.38819262317928793
0.4121402444183254
0.4120312586152642
0.4118730524025375
0.41169055920878667
0.4170464993602918
0.41905073369700147
0.4206798221301933
0.42200424493692945
0.42923043909554104
0.42867621146429347
0.4278973080255327
0.42508517587635347
0.42979603132855765
0.43280029456773367
0.43416856335427034
0.42453751381678906
0.41814874193890855
0.42350390465972265
0.4274695411172609
0.4099440821879659
0.6942440413783879
0.7912025849850554
0.791254318852078
0.7788499732195506
0.7306861110778818
0.6634830402129259
0.6534000512821456
0.6624499412563407
0.6457986668657806
0.6396381025247734
0.6613412226860874
0.6723517293595207
0.6730126023079281
0.6754093578080094
0.6787864340311468
0.7024882499373838
0.6347913804800118
0.7322905252217862
0.71745689662498
0.7104867614126518
0.8543593084486544
0.7415560674332938
0.7427691187958544
0.7437209776639379
0.7714556985958168
0.7698460257426301
0.7690746909109233
0.7529155442170605
0.7566704761477179
0.8159877205053082
0.8205580141173454
0.8093434806438543
0.7616108680295646
0.6401371767606676
0.4748464002406044
0.48295093629836605
0.4694854808448069
0.4683169660194303
0.46482587492538446
0.46409311316506013
0.4600224386859314
0.4570797106351121
0.4645165035305894
0.4646812030587631
0.44450729761238567
0.44882150502865326
0.4563536220160392
0.4488340310186801
0.4188306173697167
0.41637893858267905
0.4173210737277858
0.418931655515959
0.4302609005643504
0.5058355262384086
0.45896282481273704
0.45969677158305516
0.5061909975570386
0.40591274483014395
0.4082210552240586
0.41089478474180213
0.4074444514556996
0.3979422546113174
0.3982950757563377
0.3986386229700559
0.39293193952693195
0.3937274582939522
0.39435478293070964
0.3950872902585973
0.3890652716390729
0.3894575339291162
0.389878588576838
0.3902298996879606
0.3892544213128998
0.3895141181288082
0.3897907794386164
0.3900926844320057
0.39913848282867714
0.39951535687388445
0.39993742301117496
0.4001030445510149
0.41213162716750124
0.41175847612494426
0.41141799525649153
0.411066836661061
0.4171722080793492
0.41687805595068644
0.4255221906392079
0.4250109559385416
0.4163309907706055
0.42578900250276736
0.4241908437221049
0.43843706822509276
0.4286981068257281
0.420199408875923
0.4126626661625398
0.41120756834086464
0.6948109771591269
0.7913515857721445
0.7913953615387779
0.791428950128306
0.8040400502839555
0.804040929373589
0.7923824392183608
0.7698133781322524
0.757899129711306
0.7583614380295277
0.7585874048078588
0.7690362593501413
0.7690521330474355
0.7797475447220962
0.7923711586976341
0.8040052952663198
0.7976797251312815
0.9268737529095314
0.9268791116535939
0.9268697254252833
0.9457530760104258
0.816523309428844
0.8164849685451447
0.8164636088702278
0.8416567267030842
0.8416377182996165
0.8416194948634789
0.8416099983761215
0.8542125339035319
0.8542113282755375
0.8542143427071894
0.8542197275414741
0.7600417871164827
0.5938167117190744
0.5509733162057888
0.5561204191814644
0.5463039661120862
0.5351522440106371
0.5341490658277883
0.535609066668031
0.5209078590334908
0.5123828958359888
0.49886384551383434
0.49852889526706534
0.4773639107378783
0.48403343340425353
0.48270734083076583
0.4787884982238677
0.44760084020799845
0.44645825636203007
0.4455290486861498
0.44397769599440756
0.4213152825470117
0.5186820893602064
0.5191056032433591
0.5197113510959815
0.5231974163905717
0.4276714060864797
0.4338682279119362
0.4286186148266253
0.4043285756850099
0.4089315383524415
0.40056070187289883
0.39491758932292736
0.40303684103505794
0.39412916684611055
0.4047834737618957
0.3951201198916142
0.38953743895281356
0.3904537685864925
0.3913990222188399
0.37839968183905154
0.38831993875096965
0.38963647852685007
0.3908079639252119
0.39431468065767494
0.4180055935468421
0.40150069784788417
0.40914222818233065
0.41133517797308927
0.4228122809931485
0.4160082069765385
0.41454079984976927
0.41344448410502815
0.4294599582461728
0.4293135531751421
0.4367850524224761
0.44370990796492893
0.4499693795762847
0.4543485935102998
0.4616601695613702
0.47792076102447495
0.4853679577272114
0.4903541852927796
0.4917889471732131
0.49469423749119895
0.6945367476636589
0.7911862070005887
0.7911970137211103
0.7911900366337776
0.8037919236293057
0.8038117998396788
0.8037975693608025
0.8037565487231269
0.8037206556329922
0.8036928587058588
0.8036690486336977
0.8036488890290088
0.8036216890056571
0.8035996495625181
0.8035827436082243
0.8035671473133635
0.7972478596019786
0.9263876601332105
0.9263511545719217
0.9263414757706874
0.9452539912931742
0.8160688911889258
0.8160718718340179
0.8160806503780689
0.8412960387234524
0.8412852589128329
0.8412625691894545
0.8412412952089591
0.853811062202109
0.8537329388723651
0.8537072959224318
0.8536977040882597
0.8411079654335877
0.7325161752816235
0.7240461644127986
0.7137015064476502
0.6935112120084594
0.682828199751694
0.6939150773633712
0.7066783538213618
0.6997112228015464
0.7008388068687421
0.7008467854171563
0.7011003862823412
0.687101731514814
0.675817276683914
0.6552612999393429
0.6430090891116961
0.5728978762102718
0.5645980340903185
0.5644870797045198
0.5606392687774601
0.4497213380899692
0.5148630299440949
0.5130125066438387
0.5099536643616842
0.5802082808076034
0.4809288634838071
0.46763092965270187
0.4638817168664631
0.45354491032458544
0.451492355788737
0.44835897518353374
0.44656002243935844
0.4355624011571834
0.43134165565484534
0.42684459397893293
0.42360412465364083
0.41585864983237086
0.4132005815527972
0.4174476758684476
0.4115314461504212
0.4180957497035329
0.41074641778149534
0.4039673381542034
0.40431660298965294
0.4396180231694821
0.4328454310687014
0.43220469086698055
0.4248018318709387
0.4394349648954474
0.44776167574973075
0.44627277360348355
0.44388767389488526
0.45723357727416347
0.47139271145110423
0.46876723342324866
0.48045361852226165
0.4795445135768292
0.5105333799648466
0.5274473055365894
0.5304408054048294
0.5298335079632455
0.5230277646116012
0.5237805802608579
0.528690136626203
0.6939676576788399
0.7907349064351485
0.7907372336430655
0.79072847334769
0.8033223780692849
0.8033135834669421
0.8033036376417352
0.8032936280969087
0.8032845838658329
0.8032789783031916
0.8032700788237728
0.803260131768425
0.8032473451648771
0.8032329384500217
0.8032167003958945
0.8031962645303634
0.7968678249321118
0.9259906539964311
0.9259416683733658
0.9259216688544827
0.9448225788075754
0.8156186359590701
0.8155962533685266
0.8155815388726688
0.8407789059588386
0.8407643699911795
0.840749019306585
0.8407398714431259
0.8533395331649802
0.8533398333243642
0.8533483322232491
0.853363221863779
0.8407776215533437
0.7439127981657988
0.7439260987679375
0.7439364132906626
0.7376423065392728
0.7376487607799707
0.737652326793161
0.7376520554490249
0.7313476041862215
0.7313526159249327
0.7313622382489069
0.7313719924895928
0.7084813376819253
0.7074933014571541
0.7079268113801572
0.707986809820331
0.6876875392287503
0.6689619395951015
0.6678351786620017
0.6677616519799053
0.4989782062554347
0.5267844175283053
0.5125791256866464
0.5145438669941514
0.640180602613462
0.5365296672306467
0.5327707454679663
0.5154467573103638
0.46933000889975207
0.46701362296875837
0.46428299833125003
0.46070923305463835
0.44983441707501987
0.445502285078945
0.44141323856001524
0.43736390259617713
0.4295217384840594
0.42592406428489754
0.42363619713636247
0.41929562693239325
0.4252600641463321
0.4188356076130265
0.41655012451630447
0.4118643252901527
0.45147028629053726
0.44639912150102967
0.4410216726025422
0.43558748841347716
0.4500241245678413
0.44673143094128825
0.4491593610196304
0.4532705492304755
0.46629366064939326
0.4741433623862369
0.47876358796154694
0.48031361990688004
0.47707430280486063
0.4785300783472908
0.4898439729896954
0.49486477822121205
0.48884931691321004
0.4918912381620884
0.49479894183684325
0.4967932472995091
0.6939856013495755
0.7906268501542142
0.7906196301667006
0.7906089909804084
0.8031957869157829
0.8031854151901058
0.8031722363153514
0.8031624151142085
0.8031569109988991
0.8031484179562689
0.8031355944138278
0.8031226443249573
0.8031097452110041
0.8030900941575788
0.8030658400951949
0.8030369919892131
0.7967043006641821
0.9258098017767783
0.9257418359953423
0.925707165903784
0.9445960436321684
0.815424899793053
0.8154341907555823
0.8154277989557503
0.8406171423130905
0.8405962998032859
0.8405840567836049
0.8405862201225871
0.8532073961872799
0.8532853058927563
0.8533884678721676
0.8533316691605034
0.8406832415991403
0.7437937987876744
0.7437923332230308
0.7437998626202633
0.7375072963247196
0.7375165877259916
0.7375238363707008
0.7375283467094182
0.7312290125375129
0.7312326112378511
0.7312337188523783
0.7312315423113308
0.718626564051367
0.7186283657551525
0.718631274866399
0.7186319761755817
0.6997284371592511
0.6997372396462856
0.6997466009092274
0.6997513888689462
0.6096306289763366
0.5894187645289204
0.5726791085915673
0.564477266258525
0.5404707070296829
0.5306477027711364
0.5227867470178876
0.5249320663319673
0.6624457047500203
0.5637855696208309
0.5529659644779886
0.5492219550672354
0.523109550646053
0.504234287890853
0.4976933510780846
0.48391554580371865
0.46776015054319803
0.4636165393638911
0.4613647228494406
0.45738580152386143
0.44712023467513534
0.4420100243021772
0.4369728166449938
0.432405233733319
0.44041484341339043
0.43847868603412604
0.4358138332321002
0.4323208899451541
0.47407222913376124
0.47124923485274506
0.47077660375081204
0.47251797549121366
0.5013410697433667
0.5207890690973398
0.523823130904875
0.5247428779474393
0.524967332441663
0.5144520984063976
0.5123598760256176
0.5054576023307397
0.5058325081428041
0.5204848861447695
0.5261161088039654
0.5318500403144978
0.5336378028147319
0.5471849088271591
0.558552514857337
0.587185916434625
0.6936615291336694
0.7903449773760278
0.7903089799744966
0.7902778440676813
0.8028533261261374
0.8028347133564749
0.8028192225865578
0.8028033427353315
0.8027851307328872
0.802768048387571
0.8027511111002384
0.8027335895276194
0.8027146302932717
0.8026918344027881
0.8026665147515801
0.8026402028585933
0.7963138381882148
0.9254631988418849
0.9254417861474431
0.9254412484280995
0.9443567795655518
0.8151523032472953
0.815125784587514
0.8151090198186982
0.8403065901645943
0.8403010840563352
0.8402984425913463
0.8402990550720894
0.8529023400968602
0.8528933469853167
0.8528781757012671
0.8528631137308056
0.8402490480202482
0.7433647965895349
0.7433679625933752
0.7433726086547939
0.7370731564885232
0.7370772420720512
0.7370816158057425
0.7370851861530625
0.7307876606326283
0.7307970619127346
0.7308045256576879
0.7308087155637054
0.7182105866369191
0.718219996633914
0.7182280812952019
0.7182328223756312
0.6993316605718167
0.699347199134423
0.6993670064064114
0.6993800831757601
0.5577868037923909
0.53350869694035
0.5307776192260941
0.5283799003960343
0.6825946723978784
0.5834740883161224
0.5520488991899714
0.5386480210639261
0.5245843962047803
0.521145671005617
0.5043870064406935
0.498546260123384
0.4822631909817526
0.47731862975840567
0.4735586262564159
0.4690422701585589
0.4612933034293163
0.45239614182905213
0.4473733178438143
0.44225857363997617
0.44817006504549706
0.4427398605555854
0.43876387458831145
0.4336088652802442
0.48337845896208304
0.4810635644827027
0.4796670527372639
0.478362484596863
0.5003262135820216
0.5025016672927454
0.5038488663417081
0.5168572087809461
0.5249504654890008
0.5283031605132134
0.530806514521351
0.5328230113367154
0.5293073480627626
0.5306993583952013
0.5357071435005035
0.5385203184743854
0.5295093829077607
0.5321385257423762
0.5352461230293951
0.5389351587792979
0.6933932750751278
0.7900406659115544
0.7900071721193427
0.7899767187592365
0.8025529813507594
0.8025397969452672
0.8025348945713418
0.8025311354763072
0.802524623995157
0.8025195279678757
0.8025127136048273
0.8025055775048185
0.8024996672583967
0.8024914553238246
0.8024806902535386
0.8024689492292252
0.796155377200502
0.9253610389484824
0.9253796475021556
0.9253843792782913
0.9442830198719465
0.8150537883833873
0.8150123513634004
0.814991495381443
0.8401906440567816
0.84018519670518
0.8401839675968148
0.8401899021824484
0.8528031333284416
0.85280543104153
0.8528018492970653
0.8527982865390217
0.8401923810158456
0.7433159416118732
0.7433289930042645
0.7433456642421715
0.7143306826637001
0.7135732965055389
0.6905954502784654
0.6790006404632796
0.6598648708518969
0.6305969428580349
0.5917163671132868
0.5773593556972996
0.5522551579862067
0.5475094065658173
0.5464861881198422
0.539163251434865
0.4951483685302617
0.4925071764446985
0.49009420683141164
0.4884088094788265
0.4147756408741163
0.5117078664283866
0.5120500654163395
0.5124737760675006
0.5411868212359218
0.4396807486759656
0.4327236632276517
0.4277707969655019
0.4220994430142822
0.41864335265006525
0.4158021154219269
0.4210836365342437
0.4087338560171085
0.41429001363352286
0.40787488126479654
0.39959184998207126
0.39379414932607093
0.39194595285942807
0.3889503440948671
0.3873730291690918
0.39110296100339714
0.39121537919345467
0.3915141578362969
0.38554427673285896
0.41853752618392825
0.410742536900976
0.4223003468421906
0.41015769454622275
0.4402435048285065
0.44536233369005024
0.4481404677650479
0.4555211454962141
0.46276689773279167
0.46139499984870713
0.462766962045396
0.46333886998307106
0.4639603047863693
0.4592966423625467
0.47009350825302215
0.4665751004916425
0.46043322699394185
0.4619956258623436
0.46500476056948153
0.4765419163720023
0.6937236950089904
0.7903331435898965
0.7903642947379971
0.7903637525996444
0.8029419685583086
0.8029239694510609
0.8029125024757
0.802904951718804
0.8028968262204224
0.8028941802606591
0.802893226863939
0.8028928058846618
0.8028926345499081
0.8028916997981991
0.8028907752966838
0.802890217191906
0.796590705097343
0.9258210685634437
0.9259072305903417
0.926012492871576
0.9450196349520639
0.8158755749201501
0.815899367307634
0.8159276470770376
0.8411647646184637
0.841196615050398
0.84120399770119
0.8411234162790787
0.8536754277787154
0.8536509196367985
0.8536384228060551
0.8536338780400774
0.7856839624063094
0.6958943056444663
0.6874241545582487
0.6770015511509472
0.6697114664977198
0.669444181927975
0.6699837420293115
0.6156717948612652
0.6127005550641635
0.6140562948272575
0.6036227227790742
0.6003188058193313
0.5832074647592653
0.5678461804779856
0.5516644414029848
0.5488829333921956
0.5102926896075444
0.4927532901180691
0.4761712220572995
0.47481843870477575
0.4157610639615508
0.5132658565519703
0.5142836492188312
0.5151920338048164
0.5345781213903608
0.437843992712057
0.43506035720165986
0.4348525597724154
0.4159363933929345
0.41388580998890256
0.4062766652455721
0.4106089668146699
0.39938149788395916
0.4105643353543652
0.38944286318949456
0.3961532229043699
0.39391732349974423
0.3950118420325353
0.38944642809065244
0.38748510173313594
0.3976903408047389
0.38946601100561423
0.39251779868166053
0.39338729628860264
0.4044269471216761
0.405812282906712
0.4099094377875703
0.40769576390383266
0.43299307299262224
0.4415226858836619
0.4632198759818598
0.47136190354390417
0.5014808275062681
0.5275391393242032
0.5316562434901836
0.5349592641515815
0.5365030479331557
0.547898326732531
0.5555950510452362
0.5547975800054106
0.5396933946433944
0.5380025386458583
0.5400867171995581
0.544139948357565
0.6941395064333733
0.7908120354304737
0.790803164632094
0.7907898483120239
0.8033752979633076
0.8033630095301222
0.8033535881355433
0.8033448010530232
0.8033359411687989
0.8033294139829367
0.8033230133874848
0.8033159281416347
0.8033072536337537
0.8032964758626483
0.8032841124883253
0.8032719342112248
0.7969608083474252
0.9261748417549601
0.9262133616008897
0.9262461187212315
0.9451756849249003
0.8159619927467404
0.8159269067422923
0.815911847951225
0.8411189737679693
0.8411236726160256
0.8411289818107933
0.8411366909306546
0.8537470011986557
0.853744816734525
0.8537372509396031
0.8537300365492814
0.8411230640584116
0.7442464923983566
0.7442585446675454
0.744273447248508
0.7379863282481035
0.7380011891856301
0.7380149071692226
0.7380265097428171
0.731736443909504
0.7317515886650551
0.7317660860105362
0.7317775270901394
0.7085647326893362
0.7080407405589556
0.7077404121703079
0.6952150043233059
0.6223117306518404
0.5890718043143988
0.5671385681021596
0.5711571022017257
0.4355775811625372
0.5157664680793201
0.5170349068351245
0.5186842437362182
0.5387992982512332
0.4336722856896603
0.44795077049152526
0.4421853568079121
0.4292204220441812
0.42760120388957196
0.4191438924249145
0.4144153187895037
0.4041394372395172
0.40248222454059207
0.41166701564681635
0.4114722443771496
0.4019059600342178
0.39980212735791304
0.3925814099668793
0.39412501351503054
0.38806567246497703
0.393848447477939
0.3911982519658063
0.3976655501556031
0.4119900312092713
0.4025182564369203
0.42082232747706144
0.418458469722679
0.42396195898045613
0.42715357698141365
0.4384762102359662
0.4415705081652134
0.45722578993929625
0.4545264081321167
0.4630353283914746
0.48159815714800397
0.480766031715295
0.4951200930019745
0.4967943675454196
0.49807242959569786
0.500787950126572
0.5139110017833525
0.5161674587654179
0.5174375508038674
0.6946063598635119
0.7912690996687285
0.791260622223428
0.7912284649472154
0.8038064527699724
0.8037904565548578
0.8037776304487895
0.8037663043872583
0.8037493519427659
0.803728564589342
0.803703546881868
0.8036767509833175
0.8036483114807635
0.80362404709197
0.8036051486131783
0.8035886630032479
0.7972461153080302
0.9263384381209114
0.9263253817710465
0.9263465473017407
0.9453034248464741
0.8161713560135087
0.8162006269118866
0.8162092326228941
0.8414150383187045
0.8414310776588005
0.841484851690823
0.8415622623324833
0.8542185796802902
0.8542255929124329
0.8542085122943549
0.8541873243931664
0.8415597180058244
0.7446602837604442
0.7446633488377092
0.7446813389982848
0.7384027857983693
0.7384152538176433
0.7383743036973228
0.7383282582775211
0.7320024803709915
0.7319991506123547
0.7320000198939512
0.7319977927869404
0.7194279720515808
0.7194711712967687
0.7194998048696323
0.7195136691014927
0.7006201218286259
0.7006396803291178
0.7006565733465203
0.7006670800300382
0.5497407530898494
0.5411220853439684
0.5129030742234447
0.5184890621350083
0.6870927714698445
0.5836604859763428
0.5821658997321213
0.5695564518623414
0.5577461589291526
0.5542676477870644
0.5419464315641729
0.5299430327750522
0.5083284099434456
0.4818923887827267
0.467126149528331
0.4648029847282565
0.45488053356801045
0.450403142186798
0.44588459618256104
0.44251023092480374
0.44959058365108506
0.4474751026253878
0.4452234132853954
0.44220666144606857
0.49132467602648444
0.4887314063405514
0.49593297233500705
0.49682441675602373
0.5249672853457944
0.5298137906132357
0.5631667639045621
0.5807527454276858
0.5993655180835451
0.6117227834838482
0.6266297652921566
0.6384019437137777
0.6260432038412823
0.6272436717651575
0.6287176920521158
0.6295564128625107
0.6213308350984758
0.6220266530129833
0.6238183590341772
0.6346603646886053
0.69285332671514
0.7896400331115422
0.7895986909568645
0.7900371499983547
0.8027057728619132
0.8028613594634104
0.8030226940176124
0.8031856628644587
0.8021468441447911
0.8019367093429196
0.8019250770312325
0.8019136648060173
0.8019018579211963
0.8018769756534146
0.8030362149983371
0.8044259209148316
0.7975011390024461
0.9259294179586273
0.9252962454672525
0.9247564060879391
0.9432121758797778
0.8139402524527208
0.8139828293274688
0.8139898868364053
0.8390207811299999
0.8390075552878595
0.839000400960417
0.8389987429166782
0.8515211722370333
0.8515128366151635
0.8514992915141202
0.8514866945873247
0.8389558877854193
0.7420710200990741
0.7420722145419629
0.7420741910552212
0.7358127676053992
0.7358126112292479
0.7358101986123963
0.7358056036923039
0.7295404447292736
0.7295404689817553
0.7295407277399222
0.7295388888381735
0.7170147621648625
0.7170174691012595
0.7170220425404664
0.717025642754602
0.6982481377319718
0.6982661393122913
0.6982902242552476
0.6983131636568166
0.6921143512438342
0.7891721253367886
0.7892651829767555
0.7892902467344719
0.7830285054369482
0.6860472010211637
0.6859705987602092
0.6859459687575784
0.6796936348574388
0.6797084716087277
0.6797199876450662
0.6797299120298024
0.6734808414684141
0.6734933601420098
0.6735058424291345
0.6735178840537124
0.6672694094646194
0.6672794719086071
0.6672883556228134
0.6672985889185366
0.6673083926723995
0.6673109277388557
0.6673150554835119
0.6673247483972944
0.6798606235883837
0.679846736791186
0.6798299527636779
0.6798223141402244
0.692338879978483
0.6923236260743187
0.6923002290277995
0.692276998085915
0.698515811059831
0.6984971515962013
0.6984811348885182
0.6984911666319511
0.6984973464576841
0.6984965205157957
0.6984667930820678
0.6984375711000574
0.6921603881422012
0.6921547667280856
0.6921505058365512
0.6921412158477975
0.6921291188379867
0.789014104934909
0.7889960168545503
0.788958310588099
0.8014375534845802
0.8014136274172025
0.8014046786400392
0.8014014115952383
0.8013972318612511
0.8013655999799277
0.8013119803132454
0.8012616604557408
0.8012214701365867
0.8011933116879715
0.801171676297199
0.8011573102768538
0.7948888310130651
0.924074313835716
0.924084331071714
0.9241076151864567
0.9429216561971626
0.8137263682931054
0.81371168533375
0.813714715085643
0.8387727157764114
0.8388113136303372
0.8388630574923668
0.8388992612737262
0.8514410558554523
0.8514392050886488
0.851427555248661
0.8514156199797931
0.838883793603401
0.7419736810715505
0.7419526685776722
0.7419445889827332
0.7356820947874754
0.7356838176305895
0.735686179083994
0.7356879440154918
0.7294281556937767
0.7294336200499494
0.7294380811194517
0.7294387378764519
0.7169180390090808
0.716878586664792
0.7168412676341915
0.7168262783566585
0.6980476528752767
0.6980673555454485
0.6980895813745518
0.6981077954594186
0.6919105964311651
0.7727118906570577
0.7110538193371084
0.6757940883504607
0.783048353690879
0.6858918208247562
0.6858207232565678
0.6858049725578096
0.6795549121260501
0.6795704819348313
0.6795811269486259
0.6795887613697026
0.6733343247673959
0.6733447685308371
0.6733594480537859
0.6733768946872103
0.6671365900352365
0.6671540975952851
0.6671686321361917
0.655525221079003
0.6438878272221317
0.6437805515698182
0.6179863633688335
0.5856627658420441
0.6350752587305594
0.6573003939944123
0.6681485153621932
0.6797357627021792
0.6922313170627687
0.6922098108671938
0.6921901302813447
0.6921762577535974
0.6984290968060247
0.6984192427820819
0.6984042366807305
0.6983851241483524
0.6983642497534938
0.6983480720024071
0.6983329783932809
0.6983216548765516
0.6920480480080726
0.6920416375017749
0.692032260450013
0.692018325568312
0.69200961366182
0.7888829933696675
0.7888692772744776
0.7888529776195904
0.8013579258046006
0.8013390744788944
0.8013183695012046
0.8024734996421762
0.8026285141077606
0.8027886725417078
0.8029520348296858
0.8031149541941832
0.8028975399459634
0.8026851265615217
0.8024779125223813
0.802275835258313
0.7948372766635814
0.9238944549703904
0.9238778328582083
0.9238940512170345
0.9427196197102689
0.8135549210037331
0.813553101764334
0.8135448023956608
0.8385810202443962
0.8385771456458587
0.8385771224933465
0.8385810352159393
0.8511072581218505
0.8511040343868547
0.8510983234987998
0.8510950754665486
0.8385737386876406
0.7416975068089829
0.741705236071536
0.7417136661055305
0.7354595671202918
0.7354672528679091
0.7354755243670212
0.735483114051439
0.7292290400884823
0.7292395439275832
0.729249947126571
0.7292575790332891
0.7167418317901019
0.716751288619226
0.7167629562028575
0.7167740215362196
0.6980022442580789
0.698021621610639
0.6980422971865914
0.6980580939613086
0.6918553554368675
0.7889377119590362
0.7890646767949983
0.7891213271377278
0.7828657862867162
0.6858627524579607
0.6858132555011535
0.6857948962250867
0.6795478824663719
0.679571997308738
0.6795982862425229
0.679626726619881
0.673397806164639
0.6734213983942452
0.6734351273372974
0.6734431808581428
0.6671887667137341
0.6672000078779381
0.6672160043104828
0.6672342992369004
0.6444178696055367
0.62022756051684
0.606149536316857
0.5739522538097808
0.6227496653078957
0.633161340816974
0.6334863108766651
0.6337576085064447
0.6694550574352256
0.67971567320206
0.6798905771908237
0.6799678905854688
0.6860882368230757
0.6859827130825628
0.6759757382874081
0.6758660353851068
0.6757224370066065
0.6756598599506054
0.6755463873594383
0.6754637231077009
0.6687500085871602
0.6687350292540779
0.668767839135576
0.6688438667208568
0.6922245021661246
0.7890759480889175
0.7890642518402192
0.7890531563072167
0.8015655889116036
0.801560314961693
0.8015563851974822
0.8015524226291898
0.8015467943895256
0.8015427787578149
0.801538885202387
0.801532798622396
0.8015236405131431
0.8015122671175238
0.8015006822708052
0.8014898461057234
0.7952194726781038
0.9244867865516039
0.9245631576246178
0.9246018915613741
0.9434395707268289
0.8141995861663737
0.8141268249452458
0.8140903678807146
0.8391268398818491
0.8391296305929627
0.8391347358031178
0.8391420753657305
0.8516719495763536
0.8516776216930715
0.851685475447298
0.8516967311707069
0.8391893333847757
0.7423223949241737
0.7423346669915256
0.7423429627739907
0.7360874588626471
0.7360941214913462
0.7360998655420632
0.7361020799008641
0.729842343470441
0.7298525476675107
0.7298669110249505
0.7182788160662754
0.681108993222051
0.6616699586251129
0.6368022433467874
0.6338541939164609
0.583783902735551
0.579292113058576
0.5552436810232421
0.5367163450194082
0.42006449345513297
0.5147214209979329
0.5160395216559421
0.517492998153556
0.5404550570424169
0.4434714558419682
0.44281267578754296
0.4433930227246927
0.4309443653056567
0.4323395939901852
0.4218251118304845
0.4177936684618325
0.4082477951209017
0.4059862542285913
0.4036099518563325
0.40230466462248754
0.3938566741618707
0.39282001747693224
0.3934967496508382
0.3905989867651672
0.3905101574510249
0.38620632931131055
0.39187926534988976
0.38587108776566875
0.41373791242051294
0.41242325796817525
0.4104799434052243
0.4152200757706795
0.4390988618715772
0.43983961181860665
0.449396056220474
0.4579669825625377
0.4807761612658472
0.5274857968564934
0.5341751972299212
0.5262985175431557
0.5351149694061601
0.5562920316559204
0.5634761876096595
0.5611535280459043
0.5524711255452369
0.5432596142720784
0.5423156584472633
0.5452769609278327
0.6925938727697986
0.7892789714813014
0.7892576164769108
0.7892278845349386
0.8017221178082504
0.8017035958009614
0.8016991399889483
0.8017065907032679
0.8017223477616126
0.8017359645337916
0.8017427651992953
0.8017449113560633
0.8017452458808166
0.8017587315044513
0.8018026277463871
0.8018712495191731
0.7957183673722433
0.9250315581541672
0.9251000895905076
0.9251798545208154
0.9440233237272719
0.8148107883364857
0.8147866812833272
0.8148000325197285
0.8398733222213624
0.8398990793594947
0.8399195934083411
0.8399382331212587
0.8524754158313662
0.8524859098189298
0.8524966915512189
0.8524601837178387
0.7701145421099193
0.7429203082208834
0.6973961417395639
0.6337048643013522
0.61482731806786
0.6143634429317661
0.6126909597896062
0.6038988990535952
0.5833700630224555
0.5817699711592904
0.5791152792612781
0.5766696090012569
0.5597673082071905
0.5591692384352956
0.558456279812467
0.5577024302016571
0.526973850333692
0.4609081135889921
0.4494547677534591
0.44887494324880733
0.42173233008304245
0.5189170029128153
0.5193547475190301
0.5198046705895425
0.5206783515871508
0.417219062614262
0.41785222146829254
0.41294856967985893
0.39561531612735584
0.39602486725118546
0.40544642608636006
0.4174784418197153
0.39783484826702625
0.4032413619785933
0.39719272781881837
0.39710467763108237
0.3824332341009085
0.38285713904938434
0.3832545382649877
0.38365219562693287
0.3829898304173514
0.3835344688516457
0.3841224022558673
0.3846639894141658
0.4190003057456693
0.4187526233479015
0.39818298484013886
0.39972370057777723
0.4241207437000393
0.42010289675905216
0.4275576735220477
0.4320661528517434
0.44797306558559363
0.4583817030355489
0.49657152502703145
0.5015071419327004
0.5020426188339291
0.502396157975592
0.50421560470332
0.5171537874767342
0.5130516720691647
0.5132446308870504
0.5141551113532141
0.5232937472805583
0.6932343478906069
0.7899151702104495
0.7899212625654616
0.7899089510535336
0.8024177137308203
0.8024067768229937
0.8023960965592818
0.8023848067114466
0.8023733890604331
0.8023646003706022
0.8023498843725637
0.8023316753108922
0.8023102038104591
0.8022860604512922
0.802262287064547
0.8022408835907595
0.7959637127689643
0.9251509146567575
0.9251593949984782
0.9251702986157117
0.9439637066487673
0.8147646477070373
0.814745521608377
0.8147357904692993
0.8397770105213644
0.8397786784065056
0.839786202646295
0.8397991741249972
0.8523366124796076
0.8523428375747654
0.8523432691234907
0.8523440845965616
0.8398244366845212
0.742945008659539
0.7429487777007326
0.7429540647838667
0.7366945435491147
0.736699799605898
0.7367078116568558
0.7367150085109858
0.7304614893119921
0.7304786936256319
0.7305006045381531
0.7305224530278175
0.7060687563162183
0.7060852300336463
0.6949122985366586
0.6869604085972105
0.6292947491283832
0.5867013548245716
0.582047668757241
0.5665303200248427
0.4537703175569698
0.5168858599534004
0.5153616384116935
0.5152155106988099
0.5447757767390329
0.44006288083278927
0.42814587192577025
0.436906736767285
0.42417973023560057
0.4286342065931101
0.4165606859891711
0.4128622399993524
0.40448382985703013
0.4018803455793397
0.3985390713623475
0.40353163147524956
0.4022675711762464
0.4015564749352083
0.39497404260959845
0.38916856370424757
0.3928480005931847
0.3958843644030442
0.38869410516137604
0.3856517236982809
0.4063758347348717
0.4074717068084788
0.4098257506288294
0.4023785530778204
0.42919449742487764
0.4363583764973494
0.4357005093954108
0.449205920662464
0.47568739906016066
0.5059496780706441
0.5305123672122994
0.5061624392678999
0.5043742875543706
0.5063707100291659
0.5292326855920169
0.5245980710476653
0.5112700842432045
0.5113646553384698
0.5129927391902696
0.5238990870142807
0.6933747882675566
0.7902356187145918
0.7902475815508861
0.7902253609049079
0.8027205093076761
0.8026920016324124
0.8026645231148306
0.8026398875714543
0.8026183183571794
0.8026030264794924
0.8025912778652732
0.8025802746348939
0.802560771049628
0.8025335667740737
0.8025023261802744
0.8024707645446145
0.7961818331774717
0.9253356822311934
0.925341152504079
0.9253899725236502
0.9442577210225813
0.8151538539141724
0.8152412551624851
0.8153410910988083
0.8404905684126548
0.8405815179357973
0.8406387441872923
0.8403249175205884
0.8526338486807622
0.8525689220584396
0.8525622455971565
0.8525431265478471
0.7675623892369939
0.7437104375253893
0.7436783135260877
0.7316428050596993
0.7248611863463664
0.7247582504330685
0.713094763689281
0.7034558885390275
0.6945375312123054
0.6939629102689784
0.6934295627254823
0.6928048402589919
0.6463035292981055
0.6315306768644634
0.6306395372308948
0.614234015141618
0.5420216841892201
0.5368037261423397
0.5308567386517103
0.5258308761072122
0.4220702757566587
0.5119368458978325
0.5116376572149486
0.5119097718835616
0.5970230267112309
0.4846098891791904
0.4783024608725548
0.44924022435831457
0.4313423037012567
0.4288725875121597
0.4268161986706183
0.42002843243012344
0.41009030968246757
0.40130642253031196
0.41523461878842366
0.402655925858525
0.3880711956917243
0.4067607748320744
0.3997050349127182
0.3993317977645252
0.3997727052984706
0.3887652250114731
0.39471110283095423
0.39504228363719723
0.4021924641390811
0.4079792484899933
0.40588437365126034
0.40204129774051445
0.4212929832498343
0.43617551694916334
0.4353670330758326
0.4408143802507261
0.4589193697121275
0.47847248445215185
0.4966761786150383
0.5250724949073142
0.528028964446792
0.5434854201314759
0.5509362033319055
0.5574695803205153
0.5419147331921523
0.550117282920608
0.5528743940109373
0.5557256726659184
0.6905766026577
0.787455573609635
0.787455573609635
0.787455573609635
0.7999764106106443
0.7999764106106443
0.7999764106106443
0.7999764106106443
0.7999764106106443
0.7999764106106443
0.7999764106106443
0.7999764106106443
0.7999764106106443
0.7999764106106443
0.7999764106106443
0.7999764106106443
0.7937159921101395
0.9229023381695399
0.9229023381695399
0.9229023381695399
0.9416835936710537
0.8124972476116534
0.8124972476116534
0.8124972476116534
0.837538921613672
0.837538921613672
0.837538921613672
0.837538921613672
0.8500597586146813
0.8500597586146813
0.8500597586146813
0.8500597586146813
0.837538921613672
0.7406599506617371
0.7406599506617371
0.7406599506617371
0.7343995321612324
0.7343995321612324
0.7343995321612324
0.7343995321612324
0.7281391136607276
0.7281391136607276
0.7281391136607276
0.7281391136607276
0.7156182766597184
0.7156182766597184
0.7156182766597184
0.7156182766597184
0.6968370211582046
0.6968370211582046
0.6968370211582046
0.6968370211582046
0.6609546651396202
0.6226400753789803
0.5575061499616673
0.5686968913010778
0.6668133666193553
0.5560173119316677
0.5416990121852798
0.5197528353686977
0.48933359598485293
0.4730719981486628
0.46446318132795494
0.45764635967227724
0.44688645616737405
0.44298364341028196
0.4403662586206607
0.43702876545956804
0.42771711860052697
0.42373082682595264
0.42026423989885453
0.41765830844902313
0.4180609065847711
0.414075715594901
0.40488342851796494
0.39517217495704243
0.44082132559679493
0.43943190743321486
0.4423276469826945
0.44847106785947166
0.4650274998393513
0.4663497736953771
0.46599152072641625
0.4656582593596058
0.4745748573528501
0.48000916077032374
0.48438339346017584
0.4955446212962417
0.4966514638124602
0.5018395130211004
0.5070266974504952
0.52957317085453
0.5237021762654869
0.5280475760961301
0.5414258848609045
0.5450825511078216
0.6905766026577
0.787455573609635
0.787455573609635
0.787455573609635
0.7999764106106443
0.7999764106106443
0.7999764106106443
0.7999764106106443
0.7999764106106443
0.7999764106106443
0.7999764106106443
0.7999764106106443
0.7999764106106443
0.7999764106106443
0.7999764106106443
0.7999764106106443
0.7937159921101395
0.9229023381695399
0.9229023381695399
0.9229023381695399
0.9416835936710537
0.8124972476116534
0.8124972476116534
0.8124972476116534
0.837538921613672
0.837538921613672
0.837538921613672
0.837538921613672
0.8500597586146813
0.8500597586146813
0.8500597586146813
0.8500597586146813
0.837538921613672
0.7406599506617371
0.7405077991476843
0.7295297988147752
0.7229727429201059
0.7234023405757084
0.7233706661650446
0.7233590191408614
0.7150112853651558
0.672013155650884
0.656476500871249
0.613903532776002
0.5869018338871376
0.557528965278466
0.5512364603644414
0.5358530107384325
0.4900181119612371
0.47546980930686716
0.4676904299604957
0.4612561778178764
0.41410943662406396
0.3744531194755692
0.37635000634606924
0.3763708963858971
0.527194677184276
0.4339116158971526
0.423805971149991
0.4245072001327069
0.4067915109587986
0.4060931722772848
0.40031837196744396
0.4102344720472826
0.3887607463102113
0.3899712698230345
0.3909579318145261
0.3920840038488475
0.3863968026943633
0.387102287498322
0.3877289572674606
0.3882531406240813
0.3873758068733888
0.38770554227555903
0.3881056700052777
0.388528777439765
0.3980478443930468
0.3990150452249222
0.3999828120496434
0.4002588830856416
0.4118223112777503
0.4113122625114203
0.4107948539187088
0.4100486147789458
0.4152030973680444
0.4178927750829523
0.4194710585635525
0.417525687705572
0.4204544731178414
0.4254053427368997
0.42367101908301785
0.4273464643480904
0.42461716809915356
0.42939057669057223
0.43221749637036927
0.4316474597404257
0.6905766026577
0.787455573609635
0.787455573609635
0.787455573609635
0.7999764106106443
0.7938035838987086
0.7868566662256583
0.7864774899724811
0.7857823585712171
0.7859422997481923
0.7865336690057111
0.7874334119015209
0.7999764106106443
0.7999764106106443
0.7999764106106443
0.7999764106106443
0.771016483307145
0.8360028364882207
0.8295448738336346
0.8473821349686163
0.9416835936710537
0.8124972476116534
0.8124972476116534
0.8124972476116534
0.837538921613672
0.837538921613672
0.837538921613672
0.837538921613672
0.8500597586146813
0.8500597586146813
0.8500597586146813
0.8500597586146813
0.7485190041691961
0.5617762449347485
0.49458469723919424
0.5040895574938153
0.478179990083186
0.47890167843738346
0.47386842391849254
0.4877834125522378
0.4691040657200912
0.46526955700490424
0.46552339103238627
0.47080536786823973
0.4555420935315613
0.45565691921971935
0.4593098726930911
0.4492856006903883
0.4281451303267343
0.42582584174887017
0.4225781406127436
0.4216335413428064
0.4196056996906949
0.3859998250607971
0.3912570442350443
0.39444445459094807
0.501230853522874
0.40522992428712024
0.406123289269989
0.40719321357550975
0.40153170222923423
0.40201876522641955
0.4024027739946381
0.4027651959209592
0.3975011906440042
0.39834371897744514
0.3771774172727956
0.34856711108515137
0.31293838919308997
0.28679787019704894
0.28321608424506806
0.28410669089710644
0.2847451813047022
0.2767911496342166
0.2682012464062035
0.262208112785976
0.3089423324705728
0.3142716548750373
0.3153826189807345
0.31790399625941185
0.4149942220009744
0.4133703247117724
0.41151497959919875
0.40970638891818983
0.4202495831879002
0.42234456033105755
0.41888630678918964
0.4237929726944514
0.42371101045163173
0.42996785464228715
0.43139486669044075
0.4348351957074776
0.42893166949198047
0.43276304568254376
0.436032758991049
0.45754782441004377
0.6905988670787028
0.787455573609635
0.787455573609635
0.787455573609635
0.7999764106106443
0.7999764106106443
0.7999764106106443
0.7999764106106443
0.7999764106106443
0.7999764106106443
0.7999764106106443
0.7999764106106443
0.7999764106106443
0.7999764106106443
0.7999764106106443
0.7999764106106443
0.7937159921101395
0.9229023381695399
0.9229023381695399
0.9229023381695399
0.9416835936710537
0.8124972476116534
0.8124972476116534
0.8124972476116534
0.837538921613672
0.837538921613672
0.837538921613672
0.837538921613672
0.8500597586146813
0.8500597586146813
0.8500597586146813
0.8500597586146813
0.7674330376248706
0.6585232667123851
0.6504348529939187
0.6411228310405105
0.6103896756547404
0.6054484285259978
0.575634973498084
0.5579663529886046
0.532025643794873
0.5271451263120891
0.5232405178251827
0.5101679744069635
0.490476173142963
0.48781769467315955
0.4852980705743195
0.4834841281750784
0.4458844901082723
0.4466705999093679
0.4440231746394778
0.43523728527705063
0.386351369048293
0.39245716360985805
0.3922129607176869
0.3944711618076878
0.49876537856557307
0.4022519954211431
0.40276511805790643
0.40325711625302824
0.398527634255529
0.3998311967720095
0.40124705436138863
0.38013896933906133
0.3218122780929404
0.28806636800122976
0.28381327253694355
0.2808688844605452
0.26786826813518283
0.26934082817428173
0.27004853115543875
0.2650805451157701
0.25311243706523173
0.25825861137153855
0.2631441204373239
0.2670135345747263
0.3033482615671074
0.3063863923605211
0.30880586315358344
0.31333216032913047
0.37133692929642215
0.3708987387186507
0.37089993052557263
0.370324132942857
0.37643271164067865
0.3972658033376878
0.4173892123275483
0.41635490304779166
0.420437614395622
0.41685805021100203
0.42488722775471754
0.4219956088610175
0.4271867574154099
0.4289953835182925
0.4277166898328035
0.43444677622519223
0.6905766026577
0.7696452954018171
0.787455573609635
0.7743879084096353
0.7859670536999291
0.7858104892711197
0.7863804954478227
0.7865775955178739
0.7861147538608645
0.7878582053258645
0.7884252751441612
0.7999764106106443
0.7999764106106443
0.7999764106106443
0.7999764106106443
0.7999764106106443
0.7937159921101395
0.9229023381695399
0.9229023381695399
0.9229023381695399
0.9416835936710537
0.8124972476116534
0.8124972476116534
0.8124972476116534
0.837538921613672
0.837538921613672
0.837538921613672
0.837538921613672
0.8500597586146813
0.8500597586146813
0.8500597586146813
0.8500597586146813
0.7521831728896945
0.6537002075822121
0.5755865502455279
0.5534612077060236
0.5247914226862218
0.5237072053501542
0.5216835567749799
0.5200244239868024
0.5027895176484709
0.5106948714364334
0.505404244818448
0.49706580135501816
0.47382342860226195
0.47314751762144985
0.4720885518834245
0.4688544832126113
0.44873411031553423
0.4327438522201139
0.4537625243938924
0.4331685347866638
0.3618385325850455
0.383336359689351
0.38096339396293405
0.3808740832601333
0.5024350582025865
0.4112466258077422
0.4112834506793113
0.40851850872194295
0.40282701780409585
0.406273318096896
0.3964835671386504
0.3968813844214946
0.3913349410486395
0.39220735583025895
0.39307025423596165
0.3939530827855558
0.38791588706039265
0.36635756876815967
0.36262669663314107
0.343238479736174
0.339829322028017
0.34115445444895837
0.3399081776450619
0.3397910344257293
0.3994527147133287
0.3997715882796333
0.3999674516990729
0.40019025665429336
0.4117462050036389
0.41138230497496303
0.4109173045226315
0.4100449983109225
0.41621516356034866
0.41608579931563683
0.4162486909169254
0.4160460523322447
0.41687137639378957
0.4168441703744505
0.4167232268768817
0.41661201573254836
0.410495664503986
0.40996350764458434
0.4095182751179485
0.4091556997447621
0.690687572521681
0.787455573609635
0.7602067568020318
0.7635246754296596
0.7720337004860118
0.7535661826743233
0.7288319734281435
0.6794358500158703
0.6701994234266195
0.6412012354238705
0.6489201988971143
0.6531584069319322
0.6773609977688531
0.6816120620041553
0.684286262174268
0.7004027628615478
0.550413701454596
0.6688220826812281
0.6651967205194498
0.6558630506833601
0.8020868586472482
0.6699524934310211
0.6645398326182799
0.6598515317655719
0.7072736459553781
0.705470464573017
0.6964166415688
0.6948607230172024
0.7195703800261717
0.7179860024695672
0.7019559691161972
0.6974440827456722
0.7552345261653916
0.5658730857134017
0.4694794820704959
0.45900009524854407
0.4525848393671087
0.4682117445091195
0.4666731347420346
0.46437439139701553
0.4530956964195279
0.46200336044066337
0.46091318329565945
0.460264859096945
0.4502477737013777
0.4526579959533058
0.4321421273868396
0.4324113591598493
0.41519557071609925
0.4151859590230378
0.4152397696238219
0.4152103159489931
0.3528518471269678
0.40124175924187605
0.4035620307392423
0.4097562575447427
0.40867631711782093
0.30212183831683154
0.2890085598231185
0.28129604498666216
0.28715230819606236
0.27965337891673026
0.2923006511289312
0.28827305130864284
0.2778281755278112
0.27268896216767685
0.2752701167131143
0.2789272180493311
0.2603639749408465
0.27031471625008346
0.2605076304308512
0.2650209544954029
0.2658003971368642
0.27054547863879497
0.27187165245698514
0.26997873456655097
0.30342961098000554
0.30102054039247833
0.29892552204367695
0.30049485563462497
0.32561176535553976
0.3492189196496906
0.39332362176894714
0.41394309913010596
0.41946759128965533
0.41845352299172034
0.4201204809352068
0.3969482947551461
0.394259013396373
0.4012509389359054
0.3957765493612383
0.419762644591381
0.4141045555034932
0.4198666430035272
0.41759550473346707
0.4219134248895929
0.6906795566450928
0.6882298450795171
0.6764734214212166
0.6686524567664317
0.6682137833787206
0.6654617834994757
0.6636900164953672
0.6626222147222444
0.6625417070546001
0.6655742277218507
0.6698297219457485
0.6747088897953247
0.6840409749825024
0.6933231251338687
0.7036665649594841
0.7159878124035112
0.6254970359323571
0.7500457474214344
0.7358918510390179
0.7357196328754646
0.8607114194506013
0.742924303321909
0.7540299308980365
0.7607693782365195
0.8127255736736376
0.8125634589190659
0.8098834862334492
0.7760562599820524
0.812714599737399
0.8257655798138186
0.8398576212281884
0.8490208973410733
0.7667882776722729
0.6229361014769669
0.4794742668036655
0.47134346631706464
0.4648682532048232
0.4645275524189632
0.4609228140280809
0.4612728171716939
0.45938550989462346
0.4542958666259436
0.4529511971533139
0.4530505325065049
0.4373166256259943
0.43655089023755483
0.438598722896011
0.4309896208577727
0.42796352930908643
0.4163046694440769
0.4171837404704075
0.3964541857440977
0.3019580836067336
0.399122452703697
0.3964655943741401
0.3951647242103273
0.40985833494675133
0.30663302533192194
0.29802353052660635
0.2848788632740507
0.27770783770880336
0.2783173622585411
0.27823903146404033
0.27308037599397217
0.26883916348874265
0.2654311925033159
0.2613983137403275
0.2627342788794402
0.24709841066438057
0.24746281711775525
0.24793913821914426
0.24845024085468678
0.247220459620458
0.24795242931409875
0.2488695891745679
0.24985159605731388
0.27730067440886536
0.2779377777685158
0.2847211996613911
0.29157628663123525
0.3077364864366619
0.3041801347811207
0.30263521339711985
0.29765753356011415
0.3153988942120583
0.3225363329241188
0.34998703223554156
0.37261834049584575
0.3725213390789409
0.3731830964372364
0.3732403282308823
0.3733879368341801
0.366172736782066
0.3619679930554702
0.37334700070888827
0.36703672038762614
0.6907249933493734
0.7108851146825047
0.667545022917286
0.6563290436788015
0.6647010573369456
0.6581330939237164
0.6562755974312005
0.6563443556939131
0.6540439288311021
0.6554366517537735
0.6575825739107911
0.6595405608199717
0.669696258260676
0.6807156032196144
0.6891376554967149
0.6917932306995751
0.6194741515287449
0.6994623580785868
0.6876187586859439
0.6813726836888212
0.8298499775186223
0.6992408816188945
0.6986858182432871
0.6787345803641827
0.7304465745342089
0.7310124407006362
0.7315238919643308
0.7328319838132415
0.7580169336491142
0.759690515206946
0.7593885304062317
0.7590565765614696
0.7571191736313232
0.5888407839412605
0.46893725543736603
0.46032755795578295
0.4550634204184272
0.4532850559986067
0.4650142322983054
0.46056285818665205
0.44745906140782993
0.44704641412991714
0.4443129196709562
0.4457988950837153
0.4403617045361933
0.4381222136818152
0.4409579537490162
0.44405308346582145
0.41684830223495756
0.4168176080671323
0.4169985965695105
0.41720195245392233
0.30051884555224
0.398374046740962
0.39292923213080627
0.39156251443003015
0.39728582633429066
0.28538236655894855
0.29488843832457745
0.2854410676247693
0.26874502593681654
0.282313274366142
0.28202377410385776
0.2746047927106709
0.27932225736886634
0.2728030422720138
0.2658939454796471
0.26977133018505556
0.2650220174828908
0.2555932033790526
0.2565508755600538
0.25733942922843855
0.2736128397643738
0.26729826630219045
0.24855757893340172
0.24961224051958758
0.278355870643236
0.2780424967833934
0.27809747077780755
0.2862606466534139
0.30682909452861507
0.3071180780178888
0.3090865322912541
0.30875120608182177
0.32525010059816595
0.3065045662614596
0.31275030371857016
0.3193339020511219
0.31927363466704434
0.34467399949678923
0.3457498649406297
0.36764178349863386
0.36797219672467896
0.3632125143343171
0.3711320089575576
0.3695182653955789
0.6907243745843533
0.6858735469712007
0.6749392607733733
0.6601000679957884
0.6677477598332172
0.6656055950660665
0.6633543262174167
0.6621564599320261
0.6597047010086096
0.654357972310137
0.6550336311967311
0.6574600465127368
0.6698979417749684
0.6814116499204268
0.6907377756603386
0.6945218143663554
0.6153382839290518
0.7268903743431122
0.7336090249166847
0.7294987576400037
0.8567758748960262
0.7290297551687359
0.7270081336033914
0.698248680361913
0.763771812021131
0.7774961823280206
0.8089571465329625
0.8147562433848066
0.8374229490612122
0.8109081076802565
0.7667338076534879
0.7144198632068487
0.7598839735002934
0.5911368365507521
0.47705163863924666
0.46771457340243994
0.4569701320639515
0.45410159317698756
0.4556773697002228
0.45579559657471713
0.4541160193286988
0.4464484263750423
0.4481460519926728
0.44800255441136355
0.4388453558035017
0.4392843050614539
0.38839689317250636
0.3829197266784478
0.34145041387412467
0.34339105090336913
0.36762768698303283
0.36637754064728695
0.30414175244478936
0.40303935081217773
0.4026872825347159
0.40318193895278803
0.3854251375307932
0.27353792251261055
0.29127213741219926
0.294273460088367
0.26483556228574334
0.2723307522817576
0.26718826260617284
0.25897895091720585
0.25272495033987635
0.2526740541113547
0.2525792219745235
0.26069977081398477
0.2473871195904454
0.24854910543018938
0.2497147274594219
0.2510454958061255
0.24968469498467183
0.25045057178639735
0.25111271510149524
0.25196033680774227
0.27101814181679607
0.2799611506956151
0.2892627392487209
0.28491855288247814
0.2767632440870423
0.27474953706967215
0.28747190680101775
0.2915600453547184
0.3036709943415722
0.31307245033402353
0.3206626893416702
0.34841221078324736
0.3470019427566035
0.34905859750674156
0.34920226543741173
0.34990491920021416
0.3422120582833016
0.3430922781555682
0.3441160259127063
0.3656695275830576
0.6907334196773026
0.7098129063257048
0.6580010908087177
0.6550522761400192
0.6546418387287828
0.6523022089041363
0.6505534183233556
0.6501119918859682
0.6458031200350858
0.6447717833317921
0.6449370424740255
0.6457075997865933
0.6471799502709827
0.6485507615959368
0.6504299671093869
0.6519618994963908
0.5360023115961496
0.6506455621160908
0.6459158895756225
0.654498515465756
0.7648136712998879
0.6146039336010074
0.6063002322194567
0.5861977326589468
0.6193902038610891
0.6192430309760195
0.6180986864391244
0.6163433104259664
0.6359029310352027
0.6354738312216385
0.6340946502702409
0.6335007151802777
0.6891402701133034
0.4317282162279262
0.4266158141789991
0.42016324689232004
0.4108387412759927
0.4092383397414719
0.4076918864039546
0.40707434596617365
0.39775013435318907
0.37464721550528873
0.3704509939753947
0.3737094133944724
0.35223302965798803
0.32859104150185325
0.32180708590376567
0.3244933980123953
0.30469866648998417
0.29521487511590333
0.2943132600170264
0.28984810157121255
0.3209605285482287
0.419918097248398
0.42176958438563716
0.42390927066083184
0.36530371713304266
0.26853697286727457
0.26878699251102556
0.269073268792822
0.2644300156236415
0.26557161562582776
0.26674799518025055
0.2679983903435924
0.26221698851934033
0.2624621754504269
0.26283621740000646
0.26338672186490614
0.25708484844481916
0.2569434075675897
0.2571343385410201
0.25733266601102095
0.2548868378475281
0.25453358456200764
0.25417278957850453
0.25387557824717927
0.2836672638451767
0.2837210592669107
0.2829289714091634
0.286221618960293
0.28318336078229545
0.28279520156895754
0.286287152461443
0.2989270874444936
0.31746211408814423
0.2969910117449846
0.2984063629470037
0.29618837037595636
0.2827225227885891
0.2834208802186628
0.2812607636694282
0.2904808160912552
0.27605558374657585
0.2716776326964488
0.29935059458317903
0.29878664540875227
0.6592219517002635
0.7105205495086673
0.6241135236785541
0.5703449278446521
0.5914131395645
0.5846417378106817
0.5821599379541135
0.5808636506730456
0.5651332371880534
0.5743135310870373
0.5686202310187637
0.5720915868068225
0.5788494943840926
0.572973043339916
0.5689360597251171
0.567499441093092
0.5250580778397606
0.556847555765102
0.5057340109208087
0.5456783386818448
0.713305101263201
0.5799118793213353
0.5854322100921016
0.5696358785669463
0.6055600393202807
0.6009404510582259
0.5898673225966715
0.5875648966642129
0.6102320277774197
0.6066686942152026
0.6022599775427637
0.6040114140303771
0.6313667611913261
0.35798061678340126
0.3631656346772327
0.35338430007520755
0.34548891025798145
0.34436753277064
0.34359662621637665
0.34002611518094517
0.3339499274358123
0.3197240752988389
0.33451219538964055
0.3316525479506002
0.3243361796185961
0.3237460032882224
0.3097131271671806
0.312364689246754
0.29570709189906724
0.29497435474994926
0.2960928078233849
0.29485216132297726
0.3184907818441177
0.4153658354933342
0.41558265321067056
0.4158895013152029
0.3658397511626144
0.2694977942055303
0.27020578237711634
0.270889991866701
0.26604098762943273
0.26718523942356875
0.2685307473126774
0.2699751948438585
0.2641378045074047
0.2645575823233686
0.26484089484258
0.26521255604753013
0.2583655217736555
0.25809011865945636
0.2579481418955216
0.2575362958030311
0.25567865575519977
0.25577658762853933
0.2558531640581481
0.25572464218009894
0.2626259104367014
0.26295131428123764
0.26310486161224356
0.26318051547730364
0.2745259069404178
0.2742753476697987
0.2839017188043812
0.288513549921256
0.30449852589837506
0.2966228632272295
0.30552580573997995
0.30330832512166406
0.29825966086440725
0.2986085647782723
0.29268447221427346
0.30197390084608056
0.2930985149631168
0.2921745415396292
0.2980159395482598
0.30421845639039724
0.6907899468303986
0.6468911668039171
0.6465279708915317
0.6392444906944247
0.6339223654634096
0.6152273348815755
0.608270652607563
0.5949301736331483
0.587050202389379
0.576871268323347
0.5751867551653912
0.5724258976299998
0.5773623773556631
0.5815389756671056
0.5854686134280499
0.5889145070867874
0.5212602081267455
0.6520351228386404
0.6541999234746008
0.6560786171631469
0.7325703223062869
0.6052761421151575
0.6064979230333055
0.6074609435617471
0.6401296943050566
0.6364423161897619
0.6335841689309113
0.6304094849207175
0.6473244681838274
0.6453616380417089
0.6437634661530784
0.6403932489248376
0.6756834270603168
0.4656508440675977
0.4762810552392936
0.4653739040860314
0.4584124798182284
0.45707057300146586
0.456071318408085
0.4553102222092155
0.4499510243133231
0.4286148847396604
0.35853907365382115
0.3424119673239068
0.32542424838358086
0.31680874838019435
0.3042280028190028
0.3028926991757955
0.3077392100568034
0.3021532721942076
0.29841307780584864
0.295111105862592
0.30683904932796263
0.4074235737025556
0.41141780547735884
0.41524463304599557
0.3600437072321122
0.26379315505178086
0.26425827814483976
0.26476301503673555
0.25866940753791984
0.2586006957983214
0.2584891656713705
0.2582612302218827
0.253182491089163
0.25413700182212123
0.25513292607172594
0.25615019692945223
0.25034566895632265
0.2510326504956097
0.25151066608895367
0.2521409463190387
0.2512694230546303
0.25220552721040235
0.25309917961547335
0.25407915812497317
0.2604656767533672
0.26006481443827056
0.2596524077737027
0.2593234042098819
0.2867830733003216
0.29237700775785913
0.2942569231911424
0.2920492740947117
0.3093692128837774
0.3374478050081661
0.3635692470407797
0.36398695633008193
0.3630558294202334
0.3715732134012438
0.36826267366429605
0.366108015830657
0.3600974677814534
0.3613133285311332
0.3643897349083369
0.37031165001421756
0.6907278428747569
0.757035600828892
0.6937388456620854
0.7050424686865028
0.7026333088315707
0.6827300693688827
0.6720533348730594
0.6665367536769984
0.6635972463914952
0.6640371937071541
0.6664773647429734
0.6693849251410064
0.6710202462545313
0.673515955333906
0.6827414092015959
0.6841561382329793
0.5791002733153436
0.673356527716296
0.6673879157391065
0.6661990633391524
0.8482338305675516
0.7304665076175163
0.7408400604049129
0.7395286975841977
0.7980287640412056
0.8137233779152463
0.815118967722836
0.8265593249338284
0.8496048068832767
0.8500597586146813
0.8496707690951534
0.8397629535961941
0.7185486153487856
0.517885817193327
0.4665187843007618
0.4717967274264091
0.4606359627755355
0.4601879327155555
0.4707114001932721
0.4554406023260753
0.45176097149962546
0.45135190356964344
0.4506639456835348
0.44651286931324274
0.44059047041460764
0.436962391741142
0.436655689074171
0.43650250274076974
0.42957964108658925
0.41604260344837457
0.41743105394168556
0.4189330540668769
0.3303771708057108
0.381251663671387
0.37902518419192704
0.37970458600369694
0.47779956174532984
0.3806820690868587
0.3802394827219427
0.3800046059006786
0.37425601942201786
0.3738976742888434
0.37373619792283835
0.3736817470879749
0.3672044742626375
0.3669842553312027
0.3668438199106406
0.3673202221611604
0.361121000761922
0.3392841825856783
0.33640082045871295
0.33761226037854825
0.3391737073463561
0.3386621285359341
0.33819916809619877
0.33891773939889797
0.4044578221040933
0.3943927228054045
0.3946645900053641
0.394764801737759
0.4128628535490611
0.41343358705937555
0.42319452575939953
0.43145795662615916
0.4227317763224452
0.4232625860097706
0.42386422424142606
0.42231029896806366
0.4142886396540307
0.41439387617133966
0.4146569259191375
0.4148184219968522
0.40900261811954136
0.40885302213572844
0.40790389193174786
0.4074565967154187
0.6906979145916651
0.787455573609635
0.787455573609635
0.7758589141628537
0.7752445936953866
0.7462096067850749
0.6715761615155638
0.6481803590975579
0.5994963165653383
0.5954757169452889
0.5930480072613497
0.5901312130730907
0.5883535937742135
0.5871295219883449
0.579863083986089
0.5777381303067998
0.5155127147904892
0.6420868666822066
0.6420153864025269
0.6421114109624049
0.7349767618366059
0.6032326355592837
0.6149251935892655
0.6054289544719267
0.6576608911093706
0.6549803663130047
0.6451117911744519
0.6437153851503349
0.6798710994024877
0.6789647222825491
0.668282936088628
0.6663782449452302
0.7061149134790026
0.46937563606474547
0.4744888043054718
0.4659703373356323
0.4590064863275827
0.4578638120196881
0.456799655408305
0.45592485759632956
0.44990989139285004
0.44925466266682523
0.44859207618230335
0.4481247999849749
0.4358573690096069
0.4354641755993356
0.43512271894085924
0.4349015496959683
0.4174827980338615
0.4172057084128293
0.41698984870414774
0.41674081434943133
0.42693219320204623
0.37566360967491924
0.37799086697855805
0.3757924994996895
0.5014534210132954
0.40441072627117436
0.40439346997311904
0.40441616179168527
0.3986644405192795
0.39900678809513623
0.39951393019676285
0.3999559561444336
0.39368151682097474
0.39369005014748504
0.39376867475316
0.3938042104665144
0.38752704845680297
0.387657013567403
0.3877138778185928
0.38772982440625614
0.3861647861816125
0.38589585713234714
0.38584378164629185
0.38565504250711546
0.3944855187473905
0.3947581329100483
0.3949570453557908
0.39478064897437476
0.4215994495833355
0.4121546608314411
0.4063395528316589
0.4095678955728948
0.4218815329778036
0.4398219004886939
0.43656074063415257
0.43387367633634977
0.43939939998782795
0.4487143875406187
0.44348397227842756
0.4423842935165812
0.4303384871735808
0.44752959264107356
0.46100539501231214
0.4833491615041915
0.6934833613836585
0.790358825686239
0.7903945750051041
0.7904092741493491
0.8029281861527823
0.802923858762379
0.8029206981988464
0.802918411008254
0.8029160385218711
0.8029145944493442
0.8029123521612329
0.8029085413300727
0.8029026028882151
0.802896038196968
0.8028902073335858
0.8028849059377599
0.7966197528839276
0.8729643751046116
0.8426081083244017
0.8191859514886647
0.9439326281082262
0.8155170578950971
0.8154424123655658
0.8154109614964953
0.8404536877646505
0.8404464181612666
0.8404311182580844
0.8404164063235003
0.8529277198007474
0.8529185742730725
0.8529151351114698
0.8529192913407307
0.7270777137190892
0.5868600320407333
0.4948161358758118
0.49710621293508284
0.48802546597065716
0.48461405613359126
0.48580587149634596
0.48532859609135615
0.4678482630036467
0.46577160132754214
0.464404281315456
0.47152582364641504
0.45129144776182084
0.4521561889505729
0.44270601465591475
0.45098802872112936
0.42541352798433557
0.423029074509416
0.4225260711059311
0.43248752728538753
0.41779057663233976
0.5135660609875404
0.5123016053463829
0.5111558447049509
0.519985352367326
0.42287164541952926
0.4205463725981624
0.4125175351600866
0.4006855691986733
0.40316724401139736
0.3939396923960745
0.3945028896308562
0.3884446230551895
0.3885241298397603
0.38857361041227145
0.38873932259877614
0.38246262115071206
0.3826033260860254
0.3827313336998334
0.38296114633956657
0.3817713466600524
0.3817514731241233
0.38193474791212095
0.381940021829158
0.40608398887894787
0.39774025932222157
0.40091387207013823
0.40243603869045436
0.40856718143486187
0.40671692158388306
0.4079568594568314
0.4082410140309781
0.4157910261782315
0.4151359924020128
0.4152871019066052
0.4151540298194465
0.4145667729485208
0.4146770088088291
0.4149767669403101
0.41540421969499375
0.4095378378175708
0.40889199533530846
0.4093049940218899
0.40812646964545224
0.6933941756828784
0.7899509195614564
0.7900171070058415
0.7900531690900826
0.8025821776338045
0.802585240773861
0.8025898229934376
0.8025942253578211
0.8025961819620366
0.7452665875656233
0.7029233558062983
0.6677826437019515
0.6531250672572896
0.6512646821569872
0.6502261545732526
0.6446126883184323
0.5397523658560061
0.6651045824664238
0.6647320536795855
0.6697673489583086
0.7704121808264977
0.6480186318162315
0.6470128921831252
0.6388405661031449
0.6863866652834489
0.6859808278906298
0.6842810267944548
0.6832208851298147
0.7040705866871942
0.7029981568657653
0.7029040327058629
0.7017897076821187
0.7346723342550865
0.5063583472340981
0.468928326840447
0.4601813367619653
0.4535549029985176
0.45250354383284075
0.45161717577919497
0.45092450465380407
0.44496041284102483
0.4444836382532936
0.4750475207543277
0.47609832271886143
0.448689373336249
0.46603561933888604
0.4596739947737229
0.45774168958542244
0.4131007283735136
0.4129020394203454
0.42197666145846924
0.421520707518522
0.41583887706762523
0.5128023248033671
0.5128595891946117
0.5130191737923446
0.49710515877855965
0.428317795964567
0.4267059035784764
0.4221016373082035
0.4216111554776137
0.4239911960726917
0.42702640745775433
0.43033361662625413
0.3874748341752301
0.39763560084556376
0.38814438909858495
0.38862253674443786
0.38203264630693834
0.3817930584602798
0.38167170293408853
0.38147054348812337
0.4078229639249747
0.4128514471230108
0.4150741087880176
0.4091126557030108
0.3999676284632565
0.3999333521465265
0.3998526971638693
0.39967156114739966
0.4314768057137624
0.43390584466075616
0.4354147351663026
0.43758523792090964
0.4465021173982801
0.4602363948936986
0.4595574277021006
0.46668507723309405
0.46868997359960596
0.4817257464121321
0.4881511717583756
0.4834413375225117
0.476267898618637
0.47639078349446823
0.47712413128514225
0.48926643652396423
0.6925272730949511
0.7891365666779238
0.7891485088177468
0.7891532214546416
0.8016706599769382
0.8016689507353636
0.8016691163727733
0.8016688532545734
0.8016674468148685
0.8016697819488927
0.801673796286246
0.8016769667256665
0.8016767958986898
0.8016738540934941
0.8016689084785148
0.8016651719475959
0.7691578964173196
0.7792219349358434
0.761482251194122
0.7756805796755482
0.9438441341843905
0.8143528309482116
0.8142855268500581
0.8142681852454924
0.8393193488552143
0.8393237829310289
0.8393183375271834
0.8393106876234768
0.8518273477991543
0.8518211299567987
0.8518182991471565
0.8518206854659712
0.7034143775942239
0.5507300139051772
0.4861316031326541
0.4914174337297107
0.4805208457342546
0.47733576367882724
0.4762800388909372
0.47033170678160724
0.4553292483572336
0.463239454161724
0.4530317632914207
0.44525077713551325
0.4421809601541854
0.4506280530278372
0.4393699350876755
0.4549203734580244
0.41597834056129807
0.4190857328197908
0.42092619827287286
0.423051471123201
0.3729520324651091
0.38790235696033615
0.38603440060343414
0.384533580365307
0.5003529150053224
0.4038676058141324
0.40433692247033287
0.4048885885287564
0.3994309416478603
0.4000279216009266
0.400412423806163
0.4010336748757489
0.39512319486017006
0.3954956114465074
0.39602435661704877
0.39645391016669806
0.3905341962415877
0.3908555733420896
0.3910410769626866
0.3913637250809138
0.3903654814169199
0.3907922688823748
0.3911705376044245
0.39163390418564964
0.4005989559201214
0.4007248922282695
0.4011221903121382
0.40137034157148693
0.4123048878891949
0.4116479549350666
0.41072262420855815
0.4098014255804327
0.4248531463986089
0.4269439333546672
0.4264236871380784
0.41571307703698684
0.4197094536489586
0.420910423078851
0.4237053362348226
0.42695864692507796
0.4241238830566204
0.4235333249347213
0.422894709379374
0.4253249609267954
0.6924559343605611
0.7893257505545962
0.744224307325594
0.7200697334270272
0.7169997777867488
0.7040732370083115
0.7030991267065355
0.7034070449535117
0.7013759329596225
0.7025509435161503
0.7071033104082111
0.7163051865765584
0.7192964592353446
0.7317046380498724
0.7339323034259773
0.768126009547351
0.6256400764631915
0.7314673634124156
0.7276448304677514
0.7207948685347314
0.8605705766799697
0.7214728556424586
0.7195085201831424
0.6960313835339396
0.7350627191811581
0.7473763625986363
0.7374348215289463
0.7374443095608127
0.7810596895083797
0.7815447843919293
0.7803681373177019
0.7611322227654518
0.7635522799812893
0.6651061887624378
0.47823560229552603
0.47834217001193
0.4640379277342963
0.4623452031432766
0.4705871208521104
0.4589365494063897
0.4531696771563291
0.45980414590751373
0.4591343480999731
0.4659851219333272
0.4454572226265073
0.4454489646686192
0.4336195530609968
0.43506027636027605
0.4240769800608629
0.4266752284602217
0.41923654588030485
0.4239398380316888
0.361657815033901
0.39136038067660434
0.3906423332889906
0.39175836497182703
0.5016779602039111
0.40506270683497747
0.40551929143066545
0.4059848472130449
0.40049105655777506
0.4007703347987373
0.4013116398370564
0.40178726412771903
0.3960653345117584
0.39669944363346055
0.3747919781659113
0.3465823809491097
0.2951367707803709
0.27824792534450726
0.26593462947424723
0.26654413839585306
0.2680775123559716
0.2677567191803733
0.2671938365016368
0.27074327948621374
0.3560979880477429
0.3542313249267953
0.3514172927036282
0.3501934188760515
0.36805497174478513
0.37024732665096666
0.41355815125226925
0.41268272378464493
0.41856247599023866
0.4179334963264539
0.4171581983423637
0.41640363744825626
0.41629444039912367
0.41568709710130036
0.41502129344320776
0.4146052939667867
0.4177958223207126
0.41062414591107005
0.4172080271403446
0.41624586768523214
0.6929433648733822
0.7894748941141965
0.7044673394416767
0.6850828607895477
0.6888292720310967
0.6774394181122433
0.6742972034837581
0.6653997900152784
0.6631338331872579
0.679337050478271
0.6743414357833485
0.6765863821456128
0.6866935534304468
0.6899705665205255
0.6923314315018977
0.6939612677388071
0.6008430651471797
0.7210758432562655
0.7129217559463281
0.720495222834068
0.8415460522005639
0.7459450969542103
0.7317851915328258
0.7165456409981399
0.7470828430354027
0.7357133706283236
0.7341717281121714
0.7322656966601607
0.7726873838014309
0.7613252618549204
0.7725125846475376
0.7722277793657558
0.7654715560761147
0.5829200085568562
0.4693998469858768
0.4620239153592833
0.4581289913352746
0.46674531468826175
0.46131350101139224
0.46080448770158716
0.446454294072898
0.45688745816850823
0.45625114079462936
0.4561511385478327
0.4482993699322154
0.4456997230071599
0.4334401159851903
0.44619868009908564
0.4216141083168529
0.42201687861773546
0.41399429212371064
0.41468954893607557
0.36838702208869745
0.38426336648121656
0.3824294995706653
0.38122438012537313
0.5013740428078997
0.4044611008817068
0.4045246208127022
0.40454731570404606
0.39861906039249484
0.39889451476694626
0.39912479608568435
0.39926516237003745
0.3932393005800355
0.39351685558945476
0.39391109708247574
0.3941690662727695
0.3881846762762942
0.3884168274012101
0.38866539806703565
0.3890217813112048
0.38819768117359377
0.3888147718695101
0.3893540055136074
0.38986175441193405
0.3979629978236338
0.3974159586782433
0.39692407555929926
0.39647415092671745
0.4083745320073039
0.4083054963258136
0.4080248348902273
0.4080044361810542
0.4145747532514737
0.4146182682585276
0.41478390915590346
0.41491599942337076
0.4155465982896794
0.41529681017963255
0.4152175218657321
0.41497683061265667
0.40884284143451577
0.40846483362488767
0.40810527292684423
0.4078286659822538
0.6929534251253128
0.7894925630893659
0.7654380050888859
0.6652774681842473
0.637738387597828
0.6146155959815336
0.6014303658957109
0.5971373162212896
0.5911681598895111
0.5868520510446924
0.5837828598764401
0.5822679807448315
0.5795048307592993
0.5768952147909439
0.5740613625470228
0.5735596317132696
0.5151797952583861
0.644391265000409
0.6445685426879308
0.6447563764978346
0.7170616226191499
0.5886990651166459
0.5885984785089056
0.585694542154978
0.620411129881688
0.619774597173159
0.617778269178895
0.6159598816091516
0.6352256803421299
0.6359835287008639
0.6347584800192129
0.6345207357382154
0.6893120527380099
0.4672311932051341
0.4732070299845377
0.4652847176075216
0.4584779597669072
0.45729613766119587
0.45652135194342747
0.45580699710984557
0.4495544649688896
0.4488098011826045
0.4482201704200609
0.4476862000750221
0.4351869843271853
0.43491041098048816
0.4346316569707246
0.43419807775716235
0.41672642994357223
0.4163973575783407
0.41615914071380805
0.4157187814446265
0.4227562412313161
0.5200026814433215
0.4158950886895997
0.37307266718379817
0.5012719236557214
0.4044713106032549
0.40450586873546396
0.40444164611228955
0.3984828112053619
0.3984751305482171
0.3984171027564243
0.3984675852406411
0.3923505143872973
0.3924027414277312
0.3922140474203297
0.3923045517917571
0.3859610107174948
0.385766606954753
0.385752585619224
0.38569629689951956
0.38444879331924625
0.3842911769794717
0.3843370986612986
0.3842788212655605
0.41391263570944237
0.41595846989410534
0.424497441653305
0.4277376327615777
0.4322683662490313
0.41985393737502713
0.419362158351668
0.41910265191609397
0.4215176718056099
0.4201478287593459
0.4126443220072449
0.4148836340409979
0.4130392319294233
0.4160403490998512
0.4246269260978661
0.42521464999282804
0.4144297270557991
0.41798875061235213
0.4230837868149781
0.4276260168704825
0.6926528223101922
0.789187112640324
0.7892164750168106
0.7892274186011112
0.80174305925609
0.8017367370027478
0.801731483127156
0.8017269129455777
0.8017243714418966
0.8017241330416529
0.8017227435003047
0.8017189392474225
0.801713288504258
0.8017068752915871
0.8016991831117408
0.8017258904343124
0.7954921999130738
0.8904264864251638
0.8622066964032364
0.8349624156351714
0.9437406786553092
0.8143344794779539
0.814243333235083
0.814198643986685
0.8392323555863652
0.8392235855312562
0.8392119449615177
0.839202619755549
0.8517171407036095
0.8517076155885932
0.8517001062544233
0.851697141693934
0.7264431797945089
0.5662091639874148
0.5318924028103812
0.5159463966662391
0.4924994842712747
0.4930207662970858
0.49299749631031115
0.4929784023206277
0.48357499195659215
0.4845038237074747
0.4878154058773884
0.48701717457140536
0.465240082814957
0.46342788714044636
0.4578654315304523
0.4474433754063668
0.4312871953825407
0.43146248291537925
0.4317191207469659
0.4359714902607472
0.41536445160495306
0.5133539694255268
0.49215853817480254
0.4208737642360493
0.49792977441237213
0.409595573981236
0.4101630129492671
0.4049921840020902
0.40101412809774334
0.40209742802466336
0.40343788291864646
0.4046949851965169
0.38881482875928547
0.389736191003413
0.3906489504049354
0.39140405311651244
0.384914809799909
0.3848474679597983
0.38474743029652897
0.3844441849293224
0.3832801325943404
0.38329742656227656
0.38328408565906424
0.3832933866274784
0.4051538305889568
0.4020773750296185
0.3945776502166058
0.3953919959682971
0.4073713909156056
0.4083369263881051
0.4081992650925901
0.40788020888001325
0.41413096417969486
0.41389325479221817
0.413377379795022
0.41195130745856523
0.4398896930965197
0.441176020802192
0.41930235685113815
0.4178882686058697
0.41063201141187694
0.41279985792643653
0.4141394410718973
0.4176556557076061
0.6927593150735603
0.7892844758704044
0.7893319528426174
0.7893584083506531
0.8018842127192055
0.8018862576136625
0.8018894200826211
0.8018943903707269
0.8018992855166994
0.8019056812479477
0.8019111523910986
0.8019161735119877
0.801921166082406
0.8019240745563829
0.8019260491815222
0.8019270882823843
0.5936685283460847
0.6485428803555433
0.6391197563100021
0.6479841718228855
0.8071465414866614
0.6768308508124503
0.6624714940707199
0.6485332828639478
0.6791138488890934
0.6754761281337719
0.6613963267936679
0.6486228679333835
0.6732097605786516
0.6487928701036474
0.6417976618451774
0.6355709171726596
0.7214729420409537
0.4780786953419074
0.47211463911663
0.46428270136554456
0.4581057613187805
0.457730069438914
0.4574341343971385
0.45711400007941627
0.45190772244008176
0.4521995974428847
0.45248158785884923
0.45284353049632564
0.4407565368809967
0.4178923082453875
0.3829147822992308
0.37862436762710494
0.35979721188464353
0.3276727520676172
0.3143543054440948
0.3051548305697355
0.29176130457198785
0.3888324418253118
0.38885082325635584
0.3890659813465916
0.37345636922579456
0.2714615528715298
0.27093065044474646
0.27069179952356687
0.2645150163467761
0.2722006287988959
0.27326795811300275
0.2741435251517967
0.2501777424971483
0.2508082638693407
0.25161535469241275
0.2524025044602798
0.24631328396155577
0.2466712531560899
0.24713433530867093
0.24755891227266358
0.2438490467492269
0.2564017426581679
0.26519344556495
0.26138701650473206
0.29930896183189226
0.27487516615062146
0.26639560304929555
0.25734120802516736
0.2691622712980063
0.2695936607077131
0.26969110375994026
0.26947709160230654
0.2842531552438347
0.2955121328294153
0.2893641717529311
0.29565223669179364
0.2988956826090853
0.2964057682714288
0.3033078569243324
0.3144065164209381
0.29137952657668287
0.2927881970791113
0.2911517890706393
0.29566200320530345
0.6930910022817706
0.6131409824281842
0.6215213954783535
0.6385421499768281
0.6379467493401245
0.6341035572731918
0.6317234950065035
0.6285250986604249
0.6196847012134848
0.6146289034697086
0.6099392060857973
0.6082707317031053
0.6149635329252335
0.6248065527815114
0.6328433496014808
0.64789584271589
0.581968872455537
0.616575260215177
0.5864896583184315
0.5834218321882467
0.7672247903093516
0.626849800839371
0.6161690898906529
0.6093918950795403
0.6365907922750541
0.6277574452854513
0.6074142799885153
0.584659081162815
0.6077948861086706
0.6040316232835954
0.6007466185631508
0.598665864515242
0.7058577762715526
0.48522548230470036
0.3375196655162182
0.3161958596298908
0.3289310304393666
0.33778467656411776
0.3383935411329732
0.34527183109606535
0.3232879983565462
0.33200365386447017
0.3330237099420241
0.3325068479141624
0.3343598835814735
0.3558134083756784
0.3534724284680062
0.3509411718420243
0.32623208107485663
0.3248629183537234
0.30652170365366227
0.2864007486288859
0.2853554267188426
0.3833271265702533
0.3846028171271625
0.3858270218597949
0.3363810181670568
0.23987928086732527
0.24061680196341956
0.24133133499841414
0.2349879668563037
0.23434627898771132
0.23362264190419588
0.24273241963547829
0.22794017296212446
0.22880195076037782
0.22972420758195336
0.23042834249937702
0.2250669524842577
0.2255365877197625
0.22597772910860553
0.22626141814865353
0.22582425328772404
0.2276468932307735
0.22939246533759555
0.2308726837924095
0.23542187717044247
0.23441247816743374
0.25300922535937237
0.2638497139485875
0.2703171121167644
0.27431242585117194
0.269897488348797
0.272841242587756
0.27807502209011975
0.27846896626951045
0.27870762873241595
0.2814277309293147
0.2503966057490433
0.25074428824236966
0.2503224980459256
0.24982141777278047
0.2433220417502938
0.27372541602910067
0.2780414510064997
0.2688823059759966
0.6670082449267488
0.6203941198990439
0.579168895283714
0.6151634048311455
0.6104902563124511
0.6082805657179813
0.6053806208183535
0.6036074277314913
0.5958134938276621
0.586329806605651
0.5898861689138577
0.5887652067881052
0.5911575785913947
0.5881824088991312
0.5983175788098364
0.5987540932729716
0.5102029860192242
0.5919138462699426
0.5622317061190248
0.5677345976142891
0.7302367262912498
0.6001291996606504
0.5884401358535188
0.5794393674009974
0.5828230816772951
0.571357123323201
0.5620695396631917
0.5504230030075904
0.5718875546020745
0.5809971148913196
0.5771351786522587
0.5830038843742618
0.6242237501710122
0.3865759656545289
0.39812199128051823
0.3833785129878919
0.3684631644808777
0.3677473882419063
0.34268246446312667
0.3051074192265869
0.29463088219167793
0.2875813534975406
0.28818011493896234
0.28895068847176214
0.28770321236480967
0.27683242425212684
0.2802892295301643
0.27091585819507497
0.256885345250133
0.2576383309379328
0.25848524760367136
0.25932767112768906
0.2970356770665545
0.39506267779574716
0.39613303182376025
0.39715885970589615
0.3469127275801981
0.25040009871071495
0.2508496790340527
0.25092802862595304
0.2463163010158606
0.2469318603791475
0.24754707282340996
0.2480261942746811
0.24194422563881932
0.24160881877088486
0.24131679797780575
0.24106275478030093
0.23617195438653313
0.2369383265285259
0.23769008376179468
0.23854775178316207
0.2373615356100959
0.23810488484958522
0.238586283166238
0.2394303624472171
0.2451523563114801
0.24536434737775178
0.2455694728205968
0.2459328093467997
0.25549072012974083
0.254526885971465
0.25350052915255306
0.2523115571747035
0.2556890759239883
0.26469143715054955
0.2548730858262443
0.27104212932865435
0.250706145085179
0.26453220102603253
0.2534403282280821
0.25887279266319196
0.2545100435765896
0.2542665376189746
0.26041269630360897
0.25847784712500194
0.6645674340714516
0.5958718171853665
0.5936599219469056
0.6054433602611383
0.5968787381837092
0.589457336726909
0.5881942278943069
0.5855246773652586
0.5868889087393012
0.5824618117456438
0.5907595181492991
0.5864424463169368
0.5993447924682442
0.6007085268433504
0.5942207928865183
0.591692578707635
0.5365447043112732
0.4865694992055504
0.48580367059644175
0.4830687000749969
0.7306816979823392
0.6036882764396773
0.6020953909914064
0.5985869207829541
0.6226312012847917
0.6228938075972196
0.6197046576297166
0.6192455278775535
0.6363638914259035
0.6328217111104892
0.6279448394269301
0.6224044884302303
0.6498772865637092
0.36166399654686804
0.3574793277067515
0.33676858748665084
0.35161911452293837
0.3289583935599476
0.30471497112883517
0.306561971818649
0.2843698246560006
0.2941291685389892
0.29345164893290704
0.292850880144187
0.27472841314532537
0.27650844906671623
0.27782678529370286
0.26774739374193746
0.2537647600740294
0.2545145660001523
0.2552451017719643
0.2559300413908259
0.30173643773923314
0.3980315243253553
0.397386851957653
0.3967553658347159
0.34394368489780935
0.24724543644420954
0.24733776342020586
0.24743076269177253
0.24261151846567386
0.24303939823860055
0.2435599960003747
0.2442057016564693
0.23948137694227734
0.24012829903682986
0.24085117104154843
0.2416576247139921
0.23587881187303436
0.23570335637933124
0.23558967591921562
0.23557318509365918
0.23388385190229327
0.23409297121231418
0.23442656119668942
0.2347769519182245
0.24086305517002413
0.241480378148156
0.2421828039704966
0.2428889824072593
0.2524582569068987
0.2516056574794593
0.25054758314067727
0.24937958707980587
0.2541388881780288
0.26141422855269936
0.2689072334535268
0.2657230818189239
0.2573987843312202
0.25275578857440306
0.2507001944625139
0.250234727537513
0.2537112261441545
0.2464462121221383
0.24576625425929874
0.2449118678055123
0.612526614109245
0.670907647805556
0.5949523307509287
0.548898921900406
0.5679258032632045
0.5764268154494376
0.5757582268291157
0.57575915215262
0.5651714384566896
0.5658040897255321
0.5538161570202447
0.543245565348203
0.5329807470123474
0.533394329331962
0.5415301834668259
0.5279470958345567
0.4323499383519663
0.4917171524659916
0.4909394835159166
0.4937301829228461
0.5388924828338706
0.4169567936317775
0.39881865091900953
0.39746374510219323
0.4303997318638157
0.42201781667919575
0.4097455857157506
0.40246385446658706
0.43011986140580233
0.4349152328552364
0.4375767235696111
0.4500080858335725
0.6424785369367506
0.31322921527463415
0.3189317998353409
0.3070637428995753
0.2982340407243045
0.29602492246556183
0.29414688641419473
0.2925928343112471
0.2890304883498107
0.29021119009076163
0.2915126997066787
0.29303274815592883
0.28260121478274064
0.28262958597785093
0.2826161256522001
0.28276201425505676
0.2683064415132571
0.2684235153705442
0.2686219755610052
0.26886213080354965
0.2876250704467958
0.3853495931043646
0.38623727994827584
0.38722153830388956
0.3478285414610818
0.2507480188108497
0.2504238556994652
0.25035767156541067
0.24491358679551198
0.2448183885229948
0.24470334184692605
0.24474385933976633
0.23847129930358446
0.23788743346746893
0.2374842018510113
0.2371471248447796
0.23162088251187435
0.23201219840574908
0.23240457597443834
0.23275380654359892
0.23175441320393808
0.23295133290906794
0.23427657425144116
0.23563310634548257
0.2402143453941933
0.23946822988123764
0.2387666860073643
0.23808465712948607
0.24830923744034789
0.2481615999866329
0.24787426742943627
0.24761312761022228
0.25371993019013245
0.2540404140731723
0.25413097966036075
0.25430148095117117
0.2543254450738836
0.25346365857478004
0.25264290346064994
0.2520301835389395
0.2471209642537166
0.24704849655753333
0.24689948673117337
0.24682156210294146
0.6669931575039018
0.5153901097436199
0.5095065388580888
0.5295662485290276
0.5170147854972045
0.5172943273350973
0.5221409722938414
0.5232585459521417
0.5027024919872698
0.5029109293521123
0.49894151629318984
0.4972397195645861
0.49326945558880464
0.49725049544799615
0.514457601783294
0.5116572708201413
0.3790518559871358
0.5055849090911567
0.4998893228088393
0.4987096522018866
0.6506001864119316
0.5258185791757451
0.5320993305187799
0.5393979291814837
0.5523027209852804
0.5440487629837946
0.5250051181099523
0.5257794665683847
0.5362313130123267
0.5363431802253864
0.5363259699628888
0.5365607241477954
0.5770455721061801
0.29605142226144193
0.31767624377745324
0.3102354150707575
0.3017580716941148
0.2992740708453652
0.29732052684549104
0.2956291030747706
0.2905499598286091
0.28997277048622916
0.2895127283602235
0.28927234623037273
0.278266409023116
0.27779699889066456
0.27738730721006727
0.2770466833394113
0.26259281031983883
0.2630908717021983
0.2637801590054368
0.26466673546382663
0.30099334642435893
0.3999718137300691
0.40200857157082703
0.4040054324995267
0.35989852125224925
0.26316819559976007
0.26357102285993805
0.262455611863842
0.25537957663069516
0.2537618288464682
0.2522396259730213
0.25082940853086844
0.24499405813333552
0.244791749726877
0.2445221255781594
0.24427700459686438
0.23845325015066368
0.23842547261615418
0.23825973824770874
0.2382785392932556
0.2360643716192355
0.23601501951865209
0.23573892784071096
0.2356171610034691
0.2410528935545475
0.24093850032028477
0.24088067559014
0.24067788870139828
0.2515938306293432
0.25185448556759066
0.25214589275568644
0.25243543738536506
0.257990103599742
0.2576198800588393
0.2574071022110849
0.2573391895042124
0.25807703802334
0.25785913835453
0.25749191738394245
0.2570645045706958
0.2521077876152824
0.2522276993346738
0.25215340991540214
0.2524459320434345
0.5900905807058618
0.481005427650188
0.5098504360112921
0.5074706406871676
0.5018540853909058
0.5005372651631841
0.4995375931698809
0.49761063172102094
0.4957872541326333
0.49523295221140423
0.49475579817318516
0.4947499738914958
0.4942569947580507
0.4939112726013618
0.49196724030518696
0.49154681955143903
0.43820793207200154
0.49666284527489785
0.4941219546603577
0.4949111438374209
0.6593585070743091
0.5296484952406443
0.5026296029182786
0.5032244818478714
0.5253130964748615
0.525856330303141
0.5266533896949772
0.5274044192965823
0.5378922271571288
0.5379515531701854
0.5381351208880628
0.538297417561601
0.571914714153279
0.2979917477628203
0.31988915477564833
0.31166908701466806
0.30257290270031045
0.3000403293874638
0.29795177219331004
0.29613455820300666
0.291075037391035
0.29046137340204636
0.2901613118510027
0.28992621662943496
0.27885122670430024
0.2782619959839813
0.27767829195348914
0.2771169583307446
0.26188912072236653
0.2612702517914111
0.2607567446041146
0.26494660830243055
0.29120805240668346
0.3871697096579494
0.3861007791485964
0.385265443907024
0.34727382589091044
0.25088318661864306
0.2512909520809487
0.25198665729987424
0.24678527899903427
0.2467587581379778
0.24690164836274503
0.24694059755004188
0.24143652622219466
0.24141239617937862
0.2414683140485073
0.24153783233667112
0.2356999747519352
0.2356182603317132
0.23567776277890762
0.2355177826353413
0.23350713237488388
0.2334208359492954
0.23344889819410417
0.23349285180246548
0.23842703650701425
0.23841314839817543
0.23851603840271668
0.23922816829419294
0.249632864737024
0.2497846771345611
0.24948830913724665
0.24896019128582175
0.26216499945205607
0.2547173357256557
0.26705984264296956
0.269234319471212
0.268470434646464
0.26946713713831427
0.2682358583722112
0.2713374421064919
0.25425627413796154
0.2561656205731263
0.25556697540407247
0.285801121780121
0.6669826194277002
0.6919270013911762
0.6532058017956593
0.6457479964601359
0.642789911789616
0.6335148937207743
0.6291564686159496
0.6254825393071913
0.6238108274950147
0.6259582903982063
0.6287094404272606
0.6326919421545543
0.6367000992544922
0.6468615283871145
0.6505485390686485
0.6588809256006134
0.5835034000629676
0.6782715716338746
0.6780401480577304
0.6514577008203465
0.8194676523862133
0.6900707180358598
0.6804312905177147
0.6595212800754066
0.6845413967485685
0.6826358978641609
0.670026741168259
0.6681517177340208
0.6967407446888769
0.6967085894180508
0.6861437765664253
0.6867026657915322
0.6734851680367222
0.48750090648959016
0.382804818605506
0.3705115069104814
0.3596732237168231
0.3528595647079897
0.34013593825753335
0.34230452803522726
0.33791294908190417
0.3280093027097067
0.30554327828456995
0.30328456367600815
0.28404690366349433
0.2984874201108744
0.28480242899755404
0.299134276561187
0.26096855470857966
0.2545636462654674
0.26147717106467744
0.25584996678705885
0.28752218164558746
0.38451999021034716
0.38492604425746485
0.38514435183587015
0.336548726053522
0.2408524632897343
0.2423032518927996
0.2438166285705416
0.23846303530620935
0.23869608484495572
0.23897242145411418
0.23914775901391713
0.23411877685066568
0.23462801351783455
0.23514882148541602
0.23555350233161512
0.2300473808087408
0.23041538114754018
0.23060844159985125
0.2309390219580675
0.22989543334691606
0.23090196902098303
0.2318632157238282
0.2326453983772935
0.23831515041601967
0.23832639433698172
0.23850263599518642
0.23852196329361838
0.24965104887506512
0.24980275245100253
0.24954614226324165
0.24942471527466872
0.25394154265669994
0.25248368461881
0.25141796279397216
0.26071928794460913
0.2506940678527834
0.2677152638685386
0.26409340537573356
0.2571442304462867
0.254323918123982
0.2566109211168769
0.2577703447473789
0.2518418332144462
0.6670047430719406
0.6210185524717952
0.6165030297689242
0.6188543995159181
0.6167112721396656
0.6132444482655421
0.6042134548586796
0.6056648876172103
0.5971103130773886
0.5938009177964547
0.6004674967052501
0.6073158076387517
0.6039706793698445
0.602733499920752
0.6091948523168582
0.6001477301719719
0.5037740375108206
0.5701981904836689
0.5775054035187537
0.57951453131878
0.7385999210366944
0.6018044155770124
0.5836648256798086
0.5699835831577712
0.6107087549583745
0.682839470379239
0.6608239351262022
0.6561807347737851
0.6749521055048627
0.6863272458276389
0.6859723653904406
0.6856447797551934
0.6528640143179119
0.40400310306162285
0.38741740619607357
0.3755284104142193
0.3749982107360441
0.37603134624853524
0.3675720950250507
0.359183272248731
0.3535394252623625
0.35301312378488203
0.3612461208227974
0.3698849351062961
0.34130687581315705
0.34156735223216944
0.34179252150639233
0.34173544129319217
0.29968663216359004
0.2924378390236611
0.27139560295276244
0.25597716838839407
0.2851376065712799
0.38419073973499746
0.38599955826363624
0.38799168055081845
0.3382442909265278
0.24190214034182708
0.24235230803167465
0.2429363647591237
0.23885052329160456
0.2399781856614298
0.24091422369769475
0.24235817278867816
0.23712359602320657
0.2374063455948212
0.2375505386177113
0.23804733044550477
0.23304510882101692
0.23337268453244514
0.23419310903556834
0.23502976731222547
0.23230211384314428
0.2316519618564743
0.2312414491506542
0.23095616973912236
0.23670491069910302
0.2370499043526056
0.23767368883922166
0.23815221570261985
0.24949216342248776
0.249638603837567
0.24961774367799444
0.24943840251342358
0.2532379595566972
0.26192145271916234
0.26413987695536156
0.2575646473094939
0.25163294570830574
0.26496240341699784
0.2679587647430449
0.2709468536889825
0.24806183512703942
0.2462171848985853
0.25668657230065367
0.2578758687455823
0.6632240650225344
0.6841632322537831
0.644878502634543
0.6474616272777179
0.641809668255158
0.625120215816492
0.6231483682723665
0.6217598997888808
0.6155172375715131
0.6171440740124955
0.6186988074492863
0.6222043723024372
0.6381542871696445
0.6410395917389872
0.6546399865408002
0.6683796452839059
0.5617861154932643
0.6827512964446788
0.6833257358583873
0.6582185772039875
0.8331940891228753
0.705328184639406
0.6945789563224383
0.6798784879460081
0.7186816170097169
0.7154763609878805
0.7028789903266776
0.6920415760260712
0.7268850241357934
0.7271160702653455
0.7397588079515922
0.7302492068571096
0.7210825699062269
0.4852790922952385
0.4426722557580646
0.43879344458936054
0.4248322208232266
0.43747085122808893
0.43821325650710896
0.42799966392264904
0.42271797268708844
0.42354666950119213
0.4247187522643605
0.4261533152936245
0.38569839494152225
0.380343007949934
0.378138981271565
0.3532619189409645
0.32581334586523525
0.2986023356769284
0.2963902435299101
0.27197350477152876
0.29726821027489364
0.392500855654473
0.3913762817979927
0.3900023573864018
0.3373321171751495
0.24122846169215023
0.24201148634823616
0.24256602259478943
0.23768655133319871
0.23821532609819812
0.23877349723665348
0.23907028312644288
0.2349640819904853
0.23625818392043155
0.2375133121327704
0.23885042005317664
0.2336314021388228
0.23440567487534378
0.2349129246666311
0.2355471193863715
0.23432178102375076
0.23508445223649577
0.23569047299353316
0.23641811557152723
0.24161976239826505
0.24121401983421217
0.24071026941684004
0.24042743042077921
0.25096420250357815
0.25046439568032747
0.24974358596900295
0.2490495904761116
0.25427680384807044
0.25338732516627716
0.2530091102990147
0.25246802408297786
0.25314827026293374
0.2530313796852512
0.25336516023704786
0.2540386724353631
0.24910070154880917
0.24894376217888114
0.24897049808726762
0.24906365069362754
0.6630612210572736
0.5072270246425282
0.4975726359371317
0.5162926504407349
0.5107689521140563
0.5098332364465457
0.51001324632942
0.5137306038128568
0.5114256017900218
0.5115837700815348
0.5109332840889897
0.5116072195477884
0.5126308709673627
0.5137101485310367
0.5150564973468492
0.5150597241553942
0.4748446986938535
0.49270231555675187
0.49279049256691465
0.4920394111236183
0.6514398412056047
0.5251842475882642
0.5236792912258348
0.5255873154204004
0.538441493721514
0.5381192623094899
0.5430050894707099
0.5448309870337121
0.5470405090061865
0.5488878830370759
0.5502322633186457
0.5547829718178751
0.583132559173057
0.29216361231227633
0.3104589459105331
0.3038347816310096
0.29728566960054936
0.2964229207963963
0.29582012504793526
0.29551564301007954
0.2901733252924461
0.28969535430177157
0.28926683019655447
0.28884985668531604
0.2780196051898786
0.2774493353093637
0.277274188660807
0.27676520413981465
0.2630809242528147
0.26343368071560047
0.2642563071304729
0.2654234224738633
0.31625283596960746
0.4124859503689407
0.4116084981514996
0.4105632158015479
0.35315082143595294
0.2565629801918207
0.2566468430175953
0.25698713536195994
0.25148094685579186
0.25154796695954035
0.25136022384513645
0.2514096843180727
0.24576185656305483
0.24540301138849493
0.2452582409467911
0.24499234111735088
0.2399921019178114
0.2405622173529067
0.24129354202764125
0.242170560907156
0.23957482839560054
0.2388076170646948
0.23841703071249246
0.23801989757856093
0.24380989892708588
0.24393053440181148
0.24439653082374613
0.24479890045831793
0.2552679001222925
0.25542811778384206
0.25525141387938616
0.25532159961308326
0.2605966620003997
0.2602276819459003
0.2598206406306888
0.25926561743415816
0.2599171335438667
0.2595270495661756
0.2593458228530769
0.2589694488607231
0.2536149086406437
0.25333991777008597
0.2529534642120252
0.25230440856933106
0.666264234784817
0.5139660793117627
0.5061597521782677
0.5181409344300353
0.5110406521167498
0.5080796309870288
0.510723059183639
0.5130581262007695
0.5135771554548948
0.5161032823146972
0.5207042169439817
0.5103169710983575
0.5150590429567355
0.5322696825181585
0.5479590511317328
0.5512384451303896
0.4655892119240597
0.491543517885322
0.48002552146713207
0.50813335642989
0.7219377008778374
0.5810244843681809
0.5707541504598289
0.5507044404778036
0.5603551676695933
0.5588076247935743
0.55656400299849
0.5555721097936227
0.5719043011232116
0.570860986838731
0.5694688907673479
0.5663292754114719
0.6369942157768474
0.36351654948430884
0.34811145645841884
0.3480944372427932
0.3360405055900507
0.33460945762099076
0.3373008403805526
0.3162214167517332
0.2926361067926155
0.28555601366717065
0.2881897868546965
0.2891632226237047
0.27046390429092426
0.28026813802698797
0.2703813206350783
0.270470851704764
0.25630119870497664
0.2566521256821451
0.2569185525923986
0.25748920133490893
0.3033596707368568
0.3996421114052539
0.39901768775459434
0.39857979853647807
0.34622678703969095
0.2496209121920724
0.2503824913558528
0.2509532079253595
0.24595507740147454
0.24614052175322274
0.24648652912691812
0.2469218376719268
0.24075375269721974
0.24034467489196437
0.23987490251577168
0.2394172121929778
0.23399525305906557
0.23438685382063865
0.23486970763101053
0.235221281346223
0.2340261815418334
0.23520799904195497
0.23633587695452185
0.2377141636433381
0.2426847210912743
0.2424281676168508
0.2421768616613624
0.24161175253909722
0.25254720422756594
0.25186665125536556
0.25120337639692164
0.25035963893140956
0.2542687034013951
0.262990783938694
0.26612789530938186
0.2602179077905988
0.26077352633035117
0.2606649068791325
0.26217213991701255
0.2630408313449329
0.24481992708571831
0.2445981155022113
0.24395064260086027
0.24346123820226592
0.6643750101193606
0.5865783982155894
0.5658364591717909
0.5881180060174351
0.585236133273255
0.5819921391589558
0.5762692996265816
0.5755503730216266
0.5687234069861672
0.5741299096430514
0.571657340483119
0.5761943261355422
0.5738060885627967
0.5738789314063754
0.5743331833982628
0.5734707003346725
0.44371093891942104
0.4946371839871661
0.48341591004878687
0.47762050362942404
0.7150582610979163
0.5724803263060046
0.5716201761609316
0.5634895635583289
0.6019422312758353
0.5952986982592426
0.6013836097570378
0.5995314210381177
0.6210887369515008
0.6079998665127215
0.6027876736072947
0.5999861300192185
0.5755147814021325
0.3174771408539727
0.3122001232088118
0.29514898532145384
0.28873623639816964
0.2968681598331495
0.29598415873913053
0.2947000172052169
0.28021400255481416
0.27919167183240434
0.2785427679454557
0.288097780528137
0.27643129365780533
0.27635264576394125
0.2756001267528995
0.2749337034699078
0.25095345000247016
0.25093319023202765
0.25104817425525444
0.2510699376770482
0.2738196416490523
0.3706145842662258
0.37047078223027124
0.3703566835546799
0.3365188698038076
0.2395699247011308
0.23942950521894085
0.23915469522550317
0.2341119666189329
0.23441742766542586
0.23482837906266113
0.23498657120184763
0.22886960374078888
0.22839279905608786
0.227846802560853
0.22748797131756465
0.22165903043489915
0.2216451658468164
0.22145198343535663
0.22131491858898805
0.2200866243552838
0.22085202804856288
0.2216827825130592
0.2228758589546153
0.2391110305893499
0.2451529167500923
0.24195773346793875
0.24692287769749216
0.25735743501995767
0.24194354553381217
0.2555077739645575
0.2720362567394977
0.2713896687379778
0.25541997068772143
0.2664802775284899
0.26453608673154416
0.2620620725700093
0.2466808119851246
0.24668918431194034
0.2506463744509451
0.2485693298844567
0.24464850632050397
0.2813508558958365
0.27702514670759554
0.6666352536086876
0.7315522908947715
0.6230030865480927
0.6139318377532988
0.6280225065919157
0.6184275172699812
0.6174927594752048
0.6161745056102788
0.6148379584788031
0.6148303702885092
0.615870671446524
0.6176382804878422
0.6156693750762693
0.6140368734101198
0.6109838070330614
0.6098166033523051
0.5606407037357733
0.6784069101853012
0.6556149201737315
0.6302959137132702
0.7644912810612622
0.6288483838701842
0.6157109361159099
0.5956707579564492
0.6242617354579342
0.6236419300870845
0.6109069396752983
0.6111464285289455
0.6270656282849755
0.6250617281395088
0.6250203163297149
0.6225833157267242
0.6711274573580139
0.497344205372121
0.32392823122630815
0.2890183392049465
0.3036471341968104
0.29920334220771605
0.2871811143295465
0.29108311308471774
0.28990773918469
0.2826994907893517
0.28590869558064486
0.29265258475063455
0.2803753256072086
0.2718325251796551
0.2836551488383702
0.264284246496394
0.24977223411802932
0.24979787738362108
0.250171658663967
0.2504041876285584
0.29670107434277376
0.3957311372340273
0.39791756043486726
0.4001224656192791
0.3421031017427302
0.24597589909024695
0.2466251141851953
0.24718400824858588
0.24205970511665434
0.24225210211079237
0.24248207443289282
0.24257166159395438
0.23819425444536274
0.23955197190126126
0.24085102411646384
0.242101070668591
0.23679488146760463
0.2373789874839435
0.23790053606797432
0.23826813908742564
0.23642358616795128
0.2363825507247254
0.2362287262919685
0.2362356622914382
0.2416639578150676
0.24161294322507054
0.24134365701655142
0.2413629026469891
0.2523941396510338
0.25194777935951007
0.2514091454536716
0.25081450019747986
0.25501258345368644
0.2533483673647184
0.26144535434197275
0.26513602355567656
0.25793911128872044
0.24939992179466128
0.26637771286479894
0.26730058159574743
0.24311023821131578
0.25461982193907806
0.25933934863612695
0.256428776749697
0.6646095107192215
0.6698339558704735
0.6464861616591379
0.6412572638936027
0.6412723992009207
0.6234676030288776
0.621802064421214
0.6193014520934477
0.6158331416410489
0.6159175606196811
0.6168454150465544
0.6225155118564917
0.6334741604333871
0.6380139834467464
0.6625809775953468
0.6654062929166882
0.5595994558752477
0.6904518068428794
0.6841783833751209
0.663301774733594
0.8468735147800484
0.7178965181046449
0.716492968846735
0.7021729636963502
0.7063951735841024
0.7016959685621832
0.6845923411695658
0.68165913324595
0.7269778457961354
0.742270142729462
0.7416082489152568
0.7406818233722989
0.7206705066209994
0.4834250193956392
0.44313601216573556
0.4395113099586476
0.43535413020113817
0.43449041492054846
0.4307061842156013
0.43243399985164
0.43131086982297195
0.42087919110093214
0.4211204656566381
0.4252115724163305
0.3960677447338602
0.38045824618798124
0.38824665197294345
0.3736089527267701
0.33924481485900004
0.32531330136859304
0.2948761096931105
0.30556412333815836
0.28975172704954505
0.3866353756709531
0.38593882298750093
0.3852272066617518
0.33647118083042604
0.24084375171089414
0.24179707778808904
0.24322533834805368
0.2380537633775212
0.2382722459929875
0.23831948139406237
0.23853774691193533
0.23361191419839267
0.23398996593123575
0.23464687009121793
0.23523707399543742
0.22932455732196314
0.2293494453930383
0.22912674480292441
0.22920299609435238
0.22753439686835814
0.2276801499004502
0.22808850528329777
0.2283412220720671
0.23428356667002706
0.23448466466272655
0.2350603892665681
0.23569366141648013
0.2457650914027661
0.24561684259435343
0.26574424180718426
0.2633391980111394
0.26901323045853914
0.2660341518978184
0.2650082654267284
0.28356608387790594
0.27429402437116834
0.274344611772027
0.25978415317630654
0.2679411773584816
0.2543424694716879
0.25745886883182806
0.2625120504197863
0.2634369224331516
0.6637100869911433
0.6674589889206031
0.5826458585313781
0.6223607906666582
0.6109299498341536
0.6071484731331903
0.6069224197400422
0.6045452251621197
0.6010167980097104
0.5104298362536563
0.5057123010176252
0.5084191212838107
0.5045211916358043
0.5025688071198781
0.5373142321342197
0.535943484357913
0.49388370770692236
0.6231656375883828
0.5114135856415576
0.48179186298143034
0.662272486532404
0.5334619080355664
0.5333069458535061
0.5220483130313353
0.5606349517410774
0.5672593439846318
0.5704470047664915
0.5726890790480975
0.591885025803572
0.5889965191492825
0.5855602170235812
0.5819914847288743
0.6718457986138155
0.3746553671179209
0.37944724497697846
0.3844258941512632
0.3275131434967298
0.2901066549039507
0.32776908478142275
0.3292212940541041
0.3045137009029802
0.29991173677964894
0.28832232884171066
0.2952010094223316
0.270646758181554
0.2832513470623221
0.28167111000214395
0.2779599969136137
0.2675434456590467
0.262836981930467
0.2555123758115397
0.25302940366016646
0.2673879944688331
0.3651003508913957
0.3657694623258495
0.3667024893422541
0.3523644959351966
0.2551873199922973
0.2554027577509302
0.25546278929845034
0.23932564856282795
0.23050500518865452
0.23071146884799243
0.23092990899890878
0.22537449442433424
0.22560611968439287
0.2257887050487484
0.22593285762862436
0.22031746348392772
0.22040951095584485
0.22071506375384423
0.22096110141957673
0.21922374974980807
0.2196775372455227
0.22002233025046422
0.22043814966259706
0.25246632321766627
0.25735224005805013
0.26036538638260787
0.26413744078731594
0.27625226427289773
0.2726576211640701
0.2718776830573761
0.2675656910377252
0.27771248146165267
0.2807438802947709
0.27999260348830235
0.2819484518397579
0.27628971540867514
0.281142190047553
0.2831265453034736
0.28681165994985813
0.27476768736559215
0.27344714547841986
0.27455706057752655
0.2736351856798581
0.6667433766896237
0.7666655395024802
0.6405749113195404
0.6343616470081992
0.6260709871602111
0.5992482173751229
0.5864818974841172
0.5759592470937556
0.57226414952948
0.5728267702604158
0.5708178309535469
0.5692320524315656
0.5794055457872116
0.5709383977972374
0.5803227527984076
0.58215090105815
0.4932534331689437
0.6483027721843557
0.6139147671822129
0.6152646883111377
0.7074068258826435
0.5771358392047905
0.5744765654510998
0.5701269428776454
0.6004514008624287
0.597958666022314
0.5968438326461423
0.5942955489313182
0.6140644362345795
0.6147496758272438
0.6151460103397796
0.6163376036408647
0.668319566333386
0.45202750816769305
0.4451511010814699
0.43707000333539714
0.43062441891481473
0.4292876987443222
0.4280434200491672
0.4271754997628728
0.4216873888817376
0.42084661762930364
0.42042958720227147
0.4198966321490954
0.4089804107025801
0.4087089631028351
0.4086964588016952
0.4086881774423975
0.39289589704455957
0.392752589857165
0.39252935115041543
0.39235242983911667
0.2556423537498664
0.3579384659987616
0.35526111763279644
0.355930480364615
0.36883991225344365
0.2651284802143131
0.25362608118399205
0.23691217878741358
0.2409816013741743
0.24481857596705958
0.249350682072094
0.25078685602121076
0.2528988236919123
0.2603314647782451
0.23490920737416307
0.22496812116197526
0.21940830424670166
0.21949117216362682
0.21942076875305827
0.21963914063693385
0.244841501644466
0.2434257344765261
0.23904192423723183
0.2373195401091767
0.2740977918244428
0.27321094057437567
0.2706014684726662
0.2697470337929644
0.2852447487318667
0.2850562426481712
0.28641874635476816
0.28571859374253217
0.2926798340984451
0.29485993359291607
0.2963436162079538
0.29756630227560565
0.29149013994369455
0.2932858805865937
0.29346800359547226
0.295972390312668
0.2866971779075495
0.2866806688500286
0.28907032186535686
0.28919464846363674
0.6675991448826899
0.7664696384330225
0.7347869922617759
0.6137571471205395
0.6247227073742466
0.6196403708761771
0.6160586982217009
0.6146166630473735
0.5854922459382291
0.5734328373062231
0.569918470813802
0.5687460155567173
0.5642755580825904
0.5564730529604008
0.5534857535165055
0.5522038694799345
0.4903003953287911
0.6183464094903598
0.6176504282709236
0.6165843827754093
0.6824208857580156
0.5523916710204402
0.5517031272142984
0.5482322143046056
0.5788857657562536
0.5776454718641147
0.5742543717579544
0.5719486097907701
0.5914947951904354
0.5952526871568334
0.5953732570209949
0.5953151971152784
0.6583835511285147
0.4434073823049783
0.4483058485095818
0.4412121678663983
0.43471303758170016
0.4333086518123809
0.4323996620515518
0.4319660337701867
0.42719325171906425
0.3290976606918075
0.3162197342299975
0.3014727986643133
0.2771152319225002
0.2765076315251073
0.2851935641827039
0.293772275265381
0.26058483314037795
0.24961966111384254
0.2492558133967882
0.2489109907119019
0.28118674667815835
0.3786958568012563
0.37903328465237374
0.3795939793101902
0.33830214653252166
0.24176350094141247
0.24226387715770356
0.24255133715261729
0.23716689248965797
0.23688951010995898
0.23646291056562155
0.23635667294725174
0.2309483275024312
0.2311923262630913
0.23125837602861798
0.2315805062242973
0.22623188328030866
0.22644958616816288
0.22687698695490902
0.2272532510556027
0.22574493806302734
0.22618634550086825
0.2267388631504423
0.22747481764168712
0.23282223476278874
0.2328999147193318
0.2330344534729887
0.23308376616832116
0.24391541558348084
0.24331626918740012
0.24331891977369255
0.2536279739146782
0.25700311651456864
0.2742340233842648
0.274386552998037
0.26739158805780905
0.2704747042284828
0.2604221557392964
0.25593520005904513
0.2600191792622082
0.2624438729370996
0.26248621783824444
0.26106743137888255
0.260148604416659
0.6687033020629444
0.6965167848786689
0.6288431255646252
0.6303388844841135
0.6224163188161034
0.6187383113147603
0.6170913290145459
0.6164718221250317
0.6121733635619296
0.6109147646799201
0.6108773616578561
0.6084734506283215
0.5976264359324075
0.5864905805557339
0.5995045730277331
0.5474582774288328
0.4886726522080254
0.6179452459415209
0.5610396377397497
0.5584113674835617
0.6821999907147503
0.5517668407873536
0.5471351984228398
0.5656940347338305
0.5970607638044934
0.5929712719243911
0.5898753917988677
0.5865591534481944
0.6064601405241561
0.6060323518561066
0.605751110205381
0.6071336986373134
0.6808090789992176
0.36695185492827376
0.3452780564875916
0.3523154640372334
0.3133660541214796
0.3073220034706362
0.31133605864434494
0.311854899351429
0.29321898329817103
0.29167419178702014
0.2814491483044883
0.2864686114824704
0.2882596064913065
0.2934005064300096
0.29511892187932465
0.2880774957738275
0.24870127570384062
0.24870267307357205
0.24872246988435018
0.24891854107603412
0.28516272585490116
0.3819252258550597
0.382080025622446
0.3821938304674511
0.3378671300701714
0.24188216228313328
0.24279320962835757
0.24382667282097825
0.23891058030157963
0.23916233667761533
0.23957626808706464
0.23998858012983698
0.23505666550164395
0.235571197898125
0.23624502059713184
0.23698548169868613
0.2311357545284805
0.23146348857562665
0.23167957777549578
0.2318312917924177
0.2303715332450593
0.23103052850428865
0.23171841553603456
0.23215990058580813
0.23807099232106388
0.23845526475283363
0.23878830425169587
0.23918589553417477
0.24954406219621367
0.2494002103514777
0.24899000255699308
0.24835362546597506
0.2537340015733187
0.25313279543655204
0.2527077587605109
0.2522508174284255
0.2524686224516782
0.2517100822868738
0.2503347471045251
0.2595268380711188
0.24403552513932794
0.24354273317992634
0.24294465124586465
0.242389356543523
0.6683933608226005
0.6008496952225345
0.6045922934302
0.6063555170708834
0.6011081742238066
0.5967004555286928
0.5974374400360848
0.5972507477658549
0.5924659983219845
0.5939987111225434
0.5994683855508933
0.5969976449842779
0.5950272377574118
0.600014226586003
0.60430220192456
0.6083687346649768
0.5141089166973506
0.6189830391872788
0.5685541632656669
0.5597039123913078
0.7380914728489903
0.6095646425127157
0.6061027482441098
0.5924960753170065
0.6210323226851626
0.6196745823046271
0.6175161790281687
0.6179381516559779
0.6335910608953221
0.6320461109253293
0.6322682189606965
0.6299285370071336
0.6390733461738143
0.3865201122965793
0.3832079122208103
0.379097468396215
0.37721566945112434
0.3757847308626664
0.3724271839504976
0.3725907498731289
0.37546868600409194
0.36300562392756647
0.36479787011852516
0.3330548308533763
0.31240313075813775
0.3131872298748269
0.28581943556864164
0.2784135732711261
0.25672433915189086
0.2617881601152864
0.2533053820089252
0.2631844928866146
0.28061650484271305
0.3769149542042602
0.3762289928639181
0.3756182129790214
0.335941648211298
0.23924782208733736
0.23938503876984923
0.23945534621889014
0.23443908494476345
0.23466647217092867
0.23493114586442843
0.23510523688347404
0.2296400883221557
0.22992405747532024
0.2300276650370249
0.2300255073670657
0.22444755565017166
0.22438743334023642
0.22441302658399953
0.2243596868439266
0.22234085669095544
0.2221553640646366
0.2218329381231756
0.22170144354376758
0.25299544387583334
0.25252785364458996
0.24715285928054942
0.24886421527685001
0.26163619957437634
0.25912364126612736
0.2654756590718821
0.2676302998611741
0.27196767148299966
0.27317993577005395
0.27113891558106706
0.2693983371611595
0.26135548283512267
0.24768067561632873
0.24828161024565837
0.263206392653091
0.24735101571629128
0.24454529290757276
0.2413461415976641
0.25504738836691865
0.6687607955745082
0.7376558725985362
0.6080747130525868
0.6256584913528289
0.629734995115717
0.6249848550695469
0.6223547579237482
0.6215824110523838
0.6181399327412953
0.6174719103751403
0.6179556021571546
0.6206193706683348
0.6300782645524228
0.6317663327381309
0.6435490767261431
0.6460432630883767
0.5523195961178025
0.6289360139029947
0.6270234769997962
0.6283042445291097
0.8107608296742786
0.660090885163403
0.6702090650752812
0.6434641040499525
0.6809864111312716
0.6556254628397025
0.645133683861922
0.6399987942160913
0.6659611716267742
0.6680983883659299
0.6670249038224894
0.6671797581222197
0.7128395834657948
0.47978399440501657
0.441706683930887
0.4336560324241129
0.4276755675434054
0.42697797973468776
0.4263144676471961
0.42579917657734767
0.42089005637979915
0.4211353706638706
0.42150681584192273
0.37383007415687003
0.35771445543530006
0.3424320211864113
0.34984630587615867
0.3533268483650466
0.33630126320727516
0.3261358809528736
0.3259762498086065
0.32567905598935304
0.2763566383391904
0.37540358623132103
0.3747453268071643
0.37510227712844124
0.34640894455167354
0.24734082029231155
0.23989564747863776
0.24132346612787728
0.23667775025186255
0.23740698970278307
0.23801748175104215
0.23875325027289335
0.2338367654892366
0.2342119822825361
0.23479358656757052
0.2353241281037921
0.22948747624786403
0.2293257455058111
0.22919019236333255
0.22933020811831653
0.22747921405111582
0.22726547709313494
0.22746478164220357
0.22751340228758554
0.24292883407888155
0.23369356984946188
0.23431534964697015
0.23489985076302053
0.24611634939273
0.24694582401830606
0.24735089931199028
0.24775559263896788
0.2533259762842193
0.2529910501859737
0.2531110666222962
0.2531286592056178
0.2535629864666901
0.25309047227831505
0.25247222731358154
0.25169311246213283
0.24672921019527402
0.2468158010742699
0.24688624372900383
0.2466148063089759
0.6689956928394719
0.5162159201767966
0.5015050154904113
0.5226888194178314
0.5203719107024496
0.5089746530035191
0.5130717636898524
0.509485709208559
0.511809790789914
0.5124461016243091
0.5134234958720121
0.5135104246240115
0.5035468495492316
0.5000878629435117
0.49859511805982004
0.4970379521267379
0.4216189532930034
0.5062260445778294
0.5039705275989602
0.5052170345629675
0.6356938995373285
0.5072801158228684
0.5094764775382747
0.5170778889502536
0.5275218684289015
0.5295150724362456
0.5351198858974038
0.5367084217210296
0.5384124384188334
0.5431086241350604
0.5498218665194062
0.5580994976365966
0.5876560880253109
0.29202637556809796
0.3113236893947104
0.3037786798513896
0.29687624324444095
0.295311314051407
0.2941797347823429
0.2931237301711414
0.28791342177983414
0.2873034346684823
0.28655874821300553
0.2860695534386524
0.2750798388434145
0.2746158430370114
0.2740364111724289
0.2735717609324739
0.2587268835563611
0.2583651708939053
0.25798137034978375
0.25781154271767015
0.29171904521072317
0.3894410759006892
0.39027430847882444
0.39136123900451303
0.346068747084246
0.2483878122299266
0.24803470049076462
0.24746097598228992
0.2426421607986429
0.24292998594340978
0.2435638339837296
0.2443399811667497
0.23805765260630163
0.23751311796404145
0.2369892435462183
0.2365529888702076
0.23075794118027235
0.23076640933093392
0.2310748132116531
0.2312225730577338
0.22930003957510012
0.22959660363443563
0.22967578205014066
0.22981632329154783
0.2351854217638542
0.23532642505649876
0.23545206756734943
0.23528279225135912
0.24615275434017644
0.24692511325170913
0.2466380516900556
0.2458753333548214
0.2701707847985078
0.2637883926211579
0.24918832240534505
0.2480345189114557
0.25701480552107714
0.2593235491483699
0.25883806036641616
0.25594532540550574
0.25876316065975863
0.25948323283059527
0.2595569466521408
0.2595897027671495
0.6692172516683966
0.609797938939923
0.5221511945609486
0.5631929049811427
0.5565681352466992
0.5548603759047955
0.5511937890678357
0.5487605545475936
0.543622823163378
0.5433008885861299
0.5414112445188362
0.5429492276792794
0.547786985692222
0.560510492553775
0.5621087561003711
0.5749705911139545
0.494083716370888
0.556577554362986
0.4767328962176321
0.48413009212472286
0.6902987753737517
0.5610293854567787
0.5591334036675325
0.5520418272298329
0.5849718839308954
0.5834642415778895
0.5826814098627172
0.5800767574658181
0.5953550574873248
0.591435793389791
0.5884256689278116
0.5846291669654726
0.6187103543626428
0.3482607614260308
0.3276773740111366
0.31235375611571164
0.3039955673075976
0.2976271827282363
0.2994369646874271
0.285568459388828
0.28783070246207176
0.2881274182780206
0.2857658629686326
0.28637307415830215
0.2818695853806881
0.28069388991113825
0.2817332725890813
0.28281333959335625
0.25132994131598485
0.25201114756955045
0.2527180408175105
0.25344188435896936
0.2920851962536242
0.38985344839716585
0.3910106808387831
0.3921315555895281
0.3422596111707716
0.24559387653146378
0.24572487200075982
0.245915474421572
0.2414350219701797
0.24254257052243047
0.24370062830892383
0.2446455458274338
0.23949354795848052
0.23987350905537486
0.24021314296458787
0.2405561523462961
0.23515694670464443
0.23553445222634325
0.2357792757805246
0.23617700929664273
0.23457630406669078
0.23491854417332078
0.23523006103508642
0.2354425156325445
0.24082737006194246
0.2407076972950241
0.24041213017886273
0.24030238507395382
0.2515003209172004
0.2516599390297385
0.2512842523004829
0.25111041615668156
0.2555562670771569
0.25410339057811876
0.2532244798917819
0.25253269077966656
0.2518302667671269
0.25029081488581373
0.26752480956000474
0.2603280383734732
0.242740090365341
0.2423722919298805
0.24184548218214824
0.25827609209523866
0.6683716811101917
0.6190098405953806
0.605799695544809
0.6084754988586787
0.6053017210340352
0.6001770100032027
0.6009659129996261
0.6019353573900839
0.5900817932345737
0.5728277848581864
0.5724038371370048
0.5724940217990093
0.5472776298906495
0.5395906403160491
0.5455529168556151
0.5419999020196087
0.49836463986288915
0.4898100460184188
0.482190593411222
0.4794655226648518
0.6752247801872446
0.5458540708747397
0.5454587017154835
0.5379471424305347
0.5702113003964103
0.5693764348771795
0.5661223884553503
0.5637184839138764
0.5807069600987076
0.5791033445000184
0.5757191264044526
0.5718179969487852
0.5615737358971127
0.3109680720076563
0.3003021744118603
0.30221312658486815
0.28676551977064135
0.2859619322476859
0.28576090274501487
0.2852881541851297
0.27967373142928337
0.27920103446289235
0.27876584461741416
0.2782835214856126
0.26795030745811865
0.26773193761186276
0.2674763997079092
0.2671642566795852
0.25276388569739977
0.25320862289264545
0.25383455937147126
0.2544011876435749
0.2960177378028192
0.3930109768862248
0.3932191897408132
0.3933415309147203
0.3435169894880287
0.24675045092249512
0.24678156512766333
0.2467163769591007
0.2415952296292164
0.24170781714636413
0.24174507328209144
0.24180534133686996
0.23669214662094612
0.23699376153747398
0.2371730417418716
0.23759574746755932
0.23184768675632114
0.23180791200594766
0.23177825896884172
0.23186376069172415
0.23027922075384255
0.23049262400853374
0.23088722184338833
0.23113940683406903
0.23686727699125049
0.23703848304628605
0.23736279344762556
0.23778309917538396
0.2484482151535909
0.24821929749089605
0.24803612272719971
0.24766034664544642
0.25319389341487375
0.25292187657587895
0.2528325149244327
0.2524844769376447
0.25141844415653686
0.24971781271655014
0.2661614822993997
0.2566508680078494
0.25775614514940876
0.2569623416676778
0.25515126128293064
0.2501023284912959
0.6675965052000868
0.6364619978429752
0.5814933248859312
0.6127784847932463
0.610229558584622
0.6076519680598308
0.6059228989716574
0.6063847032952071
0.6007464424872472
0.5988071526578167
0.597873012667877
0.5858458758920517
0.5725975803923433
0.559335204674717
0.5460965634857612
0.5417828645154716
0.498472681275543
0.48999052762966355
0.4859635765858426
0.48406407493110637
0.6639023233844229
0.5401901118146973
0.537880285427178
0.5310112256931124
0.5587535865701504
0.5571201848015229
0.5547412224260165
0.5524742440765897
0.5714930351398411
0.5695483666422301
0.568228911350571
0.5665885321994527
0.5960869786309873
0.3082312846735608
0.30039926519088217
0.3100129899365801
0.29547058311776014
0.29454060585365843
0.2942140817518953
0.30367735389094525
0.2787683876837216
0.2783597114189417
0.278160443670137
0.2778131695031517
0.26738668724985704
0.2671346843756198
0.2669738971848063
0.26685613992162976
0.25221422377579306
0.2522592720113784
0.25204246168464245
0.2522101859100007
0.2863041415039435
0.38417985489084283
0.38493216086978504
0.38605112473155123
0.3411464450862606
0.24427203954434
0.2444491167989599
0.24464001746113528
0.23892327782348444
0.23831909586963432
0.23804081936951546
0.23766520911595693
0.23251114684402432
0.23254299359787983
0.23303492818138666
0.2332314993498745
0.22749880071600295
0.22754298596213673
0.22771187078085914
0.22790824715849411
0.2256289850978367
0.2256643278749342
0.22549977896123669
0.22543471160706682
0.24023869938775175
0.23190037787873155
0.23258692216863608
0.2331813546159975
0.24398082569469953
0.24429777674423672
0.2445981937572101
0.2447034443204509
0.25076531265778335
0.2509169109529348
0.25112711316495206
0.25092910635381505
0.25172034545455174
0.251216991478063
0.25075632076672266
0.2502847787177597
0.24534662996560092
0.24531015147801483
0.2450575679127357
0.24514863816669116
0.6675538392177497
0.5416103440927563
0.5134049262934944
0.5514055238639795
0.5351615974719799
0.5228416071677926
0.5232977181445041
0.5309494938735209
0.5178981735560078
0.5302277733943529
0.5219856261694552
0.5082428451582577
0.5047191283447596
0.5041526534758001
0.5027634854884021
0.5016476303417257
0.49648585556828984
0.55328438752608
0.4837035658598362
0.484256663615597
0.6515041119631468
0.5029326090578757
0.5032686754788648
0.5035640291216228
0.5572924933654373
0.5551148078606818
0.5506104193945611
0.5404414800097682
0.5360531612879873
0.5383679138168747
0.5394470820996199
0.537241372853326
0.6596169285441171
0.29448236015753615
0.3168798414567728
0.3080176998229741
0.30230926426615895
0.29482706556839067
0.29451202855896363
0.2948487641985109
0.28912817324015627
0.2879812740323618
0.28820842546770015
0.2874809450926988
0.2769056900020706
0.2767122019913271
0.2753675054389879
0.2753218560215317
0.2611031438591144
0.26126250661146366
0.2619011646983545
0.2623467726997985
0.286925570764542
0.38417707109177257
0.38488462057835604
0.3854382645126269
0.3485154771756318
0.2524463634495725
0.2532307729486808
0.25396765674326344
0.24762909002462294
0.24691017952180375
0.24615417939572068
0.24561774653950066
0.2395092977778048
0.23931572833686843
0.2389312269857997
0.23848833697210653
0.23341957698063517
0.23430923002242984
0.23523298164486214
0.23588240514499872
0.23423659447228587
0.23441826941514093
0.23471576652902956
0.2349785033940513
0.24082666098643482
0.24104389002122745
0.24117963386658162
0.2415121891607476
0.2513772219993778
0.2502055403483313
0.24852968270872625
0.24702028023291714
0.2513047234952551
0.26020978489237967
0.26273341238266
0.25870048648837124
0.2572847168958676
0.2535010057397304
0.24893434794082522
0.24976809092479083
0.26487841403593987
0.2601678017429035
0.2583977008795687
0.259059857966184
0.6689701053170188
0.6513441194308462
0.5896510098874449
0.6345492418549137
0.6173009091903159
0.612487177985313
0.6087730118914496
0.605158822416636
0.599750737551169
0.5990483124242935
0.5979624689082261
0.5956787427698313
0.5998397399242307
0.6041257577443154
0.6084190382357199
0.6144064744917023
0.5579131553059994
0.6460684761121368
0.5558259216882571
0.5056852933616588
0.7646773566666647
0.6375260653276025
0.6357071216005703
0.6190723476815159
0.6459429422303998
0.6425458163145243
0.6413526517321466
0.6371179389526436
0.6364433050167431
0.6185796737007015
0.6127660860961913
0.5890722325338716
0.5910114176189882
0.3346691278839524
0.30878975839644696
0.2969460693388862
0.30145273052793287
0.2987628791857835
0.29628740407033627
0.29219186716407053
0.2843347018749621
0.2853619042662337
0.2865562669234073
0.276148088843478
0.265533334009242
0.2656108793161268
0.2657645976357901
0.2657924103864655
0.2507567716130471
0.25068489876630257
0.25051948223477716
0.25024443803137947
0.2894459649481724
0.3892053880312297
0.3920167887267588
0.3878595806373997
0.34400599152677575
0.24710289954127196
0.24698567053791531
0.24688526735130492
0.2417342659393259
0.24186779124967606
0.24187296961542115
0.2420089557613646
0.23642045324116745
0.23626855538786776
0.23605845831521946
0.2361197048193738
0.2306579019482013
0.23088740078911543
0.23098277739909076
0.2313770568345814
0.2299887277876812
0.23041957396262683
0.23088733336727552
0.23164925065429856
0.23687274282506426
0.23650854014744507
0.23631173477700465
0.23612188365236447
0.24743830781389745
0.2480109797473923
0.24884302771520592
0.24972658620115606
0.25509123548421825
0.25465517173044644
0.2540506072599749
0.25321900678170073
0.25388679382714097
0.2539044621045332
0.25377778321357447
0.2535669158157367
0.24722780211979056
0.24601905353530598
0.24487742656775635
0.24347599718960872
0.6692656329517802
0.5923758869307995
0.5853214231585109
0.5898349258384917
0.5899000412610471
0.5909182273948137
0.5940572918887347
0.5974329394439615
0.5767547789607759
0.5729340073053099
0.5705539309039506
0.5678476613386392
0.5711735577060653
0.5742533056950857
0.5753881590519221
0.5813546063621345
0.46429466056363883
0.4798706463845101
0.4824935323088734
0.48676412814818476
0.6905620472588294
0.5581612702105868
0.5566153903641538
0.568106768727801
0.602868594858953
0.5958073262380712
0.5780156337019551
0.5636826936001783
0.5757363283117479
0.5764857657091699
0.575237270160834
0.5613661008071453
0.6164733746673293
0.3025991894980042
0.30812076515516623
0.3001916569818005
0.29382419401592
0.29282260292537066
0.29210483804070225
0.2913414408171763
0.28653375349793236
0.28616417169429714
0.2857531859019918
0.2851394691969391
0.2744414353868344
0.2741829454918593
0.27371458019507183
0.27350022315483025
0.25793658574682365
0.25709691323102923
0.256029637318143
0.2553315137975967
0.2845096766192539
0.3839247779816666
0.3862955668764465
0.3889773265722175
0.34392356937454294
0.24691729963070966
0.24684877099834074
0.24696072833929492
0.24180722119148915
0.24169669261605356
0.24184008416947844
0.24200756450172245
0.23691770217973837
0.23713699841720481
0.23778186181980915
0.23840636845850638
0.23253206757951847
0.23253754822025693
0.23259349905182292
0.2326620526137297
0.23111812815124078
0.23179933179284753
0.2325612693337213
0.2332553946826861
0.2387758514300605
0.23910461166764205
0.23939351748620016
0.23956836010427027
0.25060148734380455
0.25073874576202304
0.25051715434815097
0.24984678828032905
0.25425068291550446
0.25291080410545425
0.2518054511650447
0.25051550362661773
0.25010149505107354
0.2587786057070871
0.2650367698729342
0.26099738560820795
0.25102448084843393
0.24584742972189577
0.24029074831796263
0.2544306656568391
0.6659855771414944
0.6072423837038337
0.5664834213137716
0.5898571103942165
0.5871029482555267
0.5947895112915967
0.5920385361521199
0.5931247897375806
0.5968402592982496
0.5950210168425161
0.5899842510319453
0.5899041765167173
0.5936698592095778
0.5964353441351041
0.6005479985578235
0.6046605765422677
0.5576140301874692
0.6446999213547375
0.5686228435246483
0.5755493497859723
0.783638110548097
0.6436573707806897
0.6387878312625398
0.6117981369071839
0.6358036547506349
0.6331927228161194
0.6316359168335002
0.6339792015388533
0.6480084804164917
0.6440093943670029
0.6275398135520759
0.6128887810802396
0.6083879590462694
0.3273846817954853
0.3108277591683641
0.3007678116778992
0.3002988468077646
0.3002389726699696
0.29708794901237384
0.29837405261407557
0.28779285843343494
0.2774760142777156
0.27709525237523097
0.27714452146510177
0.26700287190517713
0.26706262455306995
0.26745746889527516
0.26778884839482336
0.2537304378550475
0.2540625713625283
0.2548473061422595
0.25550559407702533
0.2920131798205996
0.3888141618799022
0.38902654806073855
0.3891527463679611
0.3528143736290847
0.2563202326369632
0.2569116300225855
0.25753138729425307
0.252143387198307
0.25247226503014003
0.25261144957513515
0.25273881350041605
0.24881409534349308
0.2507862916581285
0.2527174836583932
0.2544058113992345
0.24895126037793627
0.24920233613664555
0.24947057056202118
0.2494658948701948
0.24566377110305757
0.24371596135160506
0.24189904558159306
0.2398768113098229
0.24772804526707404
0.25010807378673044
0.2525264871740207
0.2548959237681631
0.26420982597653
0.26264478872234326
0.26037406342431935
0.258447942707935
0.26376222140490463
0.26324896088045924
0.26258578171047503
0.2622537076210209
0.2615743535941275
0.25992208609193507
0.2587635775697744
0.25775291388058585
0.2528305223532719
0.25247959747555154
0.2523339534369223
0.25190736544592823
0.6062157387305375
0.6704211319118026
0.6002532885454281
0.5998358026639131
0.6059677234092721
0.6049826985387541
0.6034127230385268
0.6021419125946473
0.6020072758167173
0.5997383063917632
0.6012118528767564
0.603951330956592
0.6082257755253626
0.6104573265677905
0.6130717262570718
0.6173673181667015
0.44576761115446206
0.4909333660285494
0.49258709378762
0.4886449844019458
0.7348018947391439
0.6063949985296156
0.5963143547975241
0.5694698293053522
0.5952769632488459
0.5927090133992586
0.5906369193825786
0.5781535878866703
0.5938994467643325
0.590541981882121
0.588440816690414
0.5833180855561133
0.6704090579359707
0.33095309608734025
0.30653618797266147
0.2968918380085352
0.29029394191856783
0.2892460736901487
0.288495733649381
0.2880023306890421
0.28358851661623263
0.2837282882828893
0.28433068587956034
0.28481678001743477
0.27469053133964966
0.2748917290502053
0.27517590241430995
0.27549219616431314
0.26099690813691945
0.26156233810956736
0.26174729231342403
0.2623018780228102
0.310544805215802
0.4078117024377095
0.40818878594936775
0.40841451472706164
0.34903567239737143
0.25356206373137574
0.25475694910835556
0.25654722708087296
0.2520235264154514
0.25278452916113675
0.25363368335345443
0.2542283511089517
0.24937610777622793
0.24968231833643592
0.250379234485035
0.2509339989162644
0.24560674948457506
0.2460404900597287
0.24625757637380866
0.24684631879549232
0.24476251565338342
0.24488858887275208
0.24500602821844902
0.24509941583677333
0.25150910005631094
0.25228745887255033
0.25329869262748494
0.2542449042987396
0.26470411268628086
0.2647984889715946
0.26399506635460124
0.2629987766666867
0.2670196358930555
0.2647753595481072
0.2632840465714815
0.2613589699977877
0.26078176011094456
0.2592705033535378
0.2580836935698941
0.25704568452046167
0.25187760471393844
0.2518205449337849
0.25130906786111923
0.2507200495362044
0.6168195567562038
0.6740636210201484
0.5779367194856206
0.5658037799435521
0.5728279864821442
0.5719344701728507
0.568921340856785
0.569741660279938
0.5699870101010988
0.5698375889525488
0.5690913375572748
0.5690531789289128
0.5576453867077745
0.5574233328647475
0.5554894473102624
0.5462192693571611
0.4268387983874977
0.4841300463144701
0.4815623541678856
0.48201132556293413
0.690644190308167
0.5503137072533516
0.5460062044412854
0.5394528041416831
0.5646113513998935
0.5612127135137718
0.5579625819170528
0.5603586753286353
0.5741207607260337
0.564745614562832
0.562105712939434
0.5580693996882554
0.6036920359897161
0.303412733216374
0.31140801524855805
0.303754795553662
0.2955018604065124
0.29285720804929233
0.29074889317234043
0.2888081589084727
0.2834926352193477
0.2829811583955547
0.28244443118123763
0.28270188792244827
0.2719926867413847
0.27174094323488723
0.271645081214904
0.2712526690294656
0.25772118381404446
0.25846149311021727
0.25965859567638117
0.26090849235789887
0.30937967534617083
0.4047947841572303
0.40314934123933294
0.4018304584247239
0.34736433836032443
0.2501401416664062
0.24996677252530905
0.24963794764617647
0.24523051976564572
0.24598557917116248
0.2468514500064468
0.24785237700215781
0.24195840419970968
0.24213576295807607
0.24209756934071588
0.24205487860940123
0.23670577745448432
0.23690410356016958
0.23755213684280765
0.23780177350533974
0.2360628674606979
0.23635262641021995
0.23661367825836602
0.23691188093417997
0.24244138431619866
0.2427841499874522
0.24288703304125187
0.2430660079111489
0.2539391779474578
0.2539069886326377
0.2537802519866754
0.25345793182042703
0.25869704418531236
0.25818792416453146
0.2570136237183722
0.25618968070945514
0.25595524951598303
0.2548501468009327
0.25388757332471945
0.2527988603718861
0.24732092351447638
0.24639094333903291
0.2457083900828764
0.24491455697375236
0.6355061743907428
0.6795431199550062
0.5917861688070309
0.5873678515950904
0.5991221328899698
0.594767808748647
0.588263602494221
0.5897486357308298
0.5767413468521569
0.5851561286577668
0.5729724335152342
0.5721555434880289
0.5579914219678141
0.5500526041313872
0.5371807465855134
0.5311475047956334
0.3645766511659585
0.4833946859323226
0.4812079806017961
0.48231104723912616
0.6346244474595573
0.48333688229794597
0.47849833134436376
0.4662810297441591
0.49817494180448746
0.4898805427916261
0.48739152601148944
0.4906452090291667
0.5000716226315453
0.48885761657275056
0.4305862068556996
0.42196592315988984
0.6194880504689483
0.2994741843538518
0.3192230409326606
0.308801844877781
0.3008298325465333
0.2993419204402646
0.29813624104605896
0.2973519574659801
0.2927359410992553
0.29269214999438276
0.292921356308029
0.29311840453706856
0.28230365590676154
0.28195888565125615
0.2817048804542284
0.2816044295249477
0.26476396783515427
0.2631379004301205
0.26161540424531887
0.2602807673720984
0.30477697382195745
0.4011467992055872
0.40103861403951946
0.4006156662839163
0.35168877682291017
0.2549869996069896
0.2550341182516357
0.25524326960162524
0.2511786804586064
0.25259822441961
0.25407822367206917
0.25056068746118343
0.24568649750864424
0.24619841936566914
0.24667821402576512
0.2472274416629382
0.2415314575116075
0.24174271129739472
0.24162100717570845
0.24731919178971867
0.2451001523208978
0.24482098842229955
0.24457812767086987
0.244152029649863
0.25094931407590426
0.25200325148667574
0.25327589201015893
0.25465736941530026
0.2692235609446142
0.2733922513657841
0.27717559434624467
0.2811136919570685
0.2867638165116536
0.28609619882456766
0.2860147748758864
0.2856506164768184
0.28620586704161016
0.2860842128521919
0.28617930281665654
0.286726193924719
0.2802697481666044
0.27893658763227447
0.27753902874187514
0.2758831660145814
0.438676650264846
0.35103130587501885
0.367331421818451
0.364993074781057
0.3812025065721921
0.37787532728225887
0.377839920905647
0.37675831619606226
0.37737469820148867
0.3772244800261657
0.37685383250352844
0.37651905016679027
0.3753671260399605
0.37479764474270966
0.3727912176575178
0.37924469121850785
0.3721373252967165
0.5011317623302146
0.5009488631473109
0.5015140803771913
0.5185436641850427
0.35695355260122474
0.3639192001141891
0.3638387965189037
0.3904628726704256
0.3966880967777553
0.3804391864474658
0.3816902916267611
0.39420489594335417
0.3969760973727895
0.399533238079586
0.4025638598465288
0.6136725234163192
0.31582264360489765
0.34016902696970913
0.3316125711546007
0.32174053396369123
0.3182858887764194
0.31563552847459864
0.3129738306936535
0.3113131669745381
0.3145041742917701
0.3178470823218006
0.32158856491405413
0.3101494371391562
0.30931610582648417
0.30862540721956655
0.30751551908102304
0.28850692277760265
0.2841211714858461
0.27991925191776096
0.27607560139470105
