0.14955763383164308
0.16399060427147116
0.1644560789646772
0.16452608921621292
0.1603262698673766
0.14679658177035715
0.14719378470041633
0.147063991663065
0.16982609242021324
0.1495084235383802
0.15767339978032424
0.15198216214501564
0.1483492453846873
0.1466453798882497
0.1456431319724086
0.14395065240103067
0.14230464982441446
0.14209103641415863
0.141882862539709
0.1417463360537386
0.14193015368026113
0.14174827066314377
0.1417338006773329
0.14186423278788163
0.1444345862263094
0.1449428881884014
0.1443903886185916
0.1446677445550077
0.14709876914584152
0.1474225333619511
0.15499381661127967
0.18806106252832716
0.23439271920185875
0.3281311191417136
0.8386984880911265
0.2463125849617568
0.2456106354137414
0.24970645710833458
0.2545120223238241
0.25797324111855297
0.2575628369980236
0.2590813284073543
0.259808668504713
0.2603204035099234
0.22704506240634875
0.23810847415809624
0.23754688944325134
0.23796609010014053
0.2682502949453124
0.2552293883026686
0.2703922679133998
0.31431434395129276
0.33609059808226704
0.33894903039324686
0.3404996408866424
0.33946242701113993
0.3181791799947048
0.31328388351503544
0.3100608239322302
0.3069727802105228
0.3111425020541473
0.31192007528460575
0.3239171187428378
0.3408475190756074
0.3332518991136886
0.3213700040903263
0.31565080128448925
0.3121754947637373
0.33809863928560213
0.3339779362324893
0.3320064040018062
0.3321135824672035
0.34182912177709274
0.34188976194288573
0.3403795845858549
0.33984701260765715
0.326289640427758
0.32730670658613026
0.3283714168693258
0.3302458323227751
0.31131073208421717
0.31111629264031804
0.3067640869003401
0.30174538431073056
0.26540137931125146
0.27332364179166146
0.26269610972369695
0.26747424204759956
0.24171751645480993
0.24738505468395472
0.17056913267668683
0.16797137705669818
0.160542427999474
0.16248254947763557
0.16241237768396913
0.15793416334418106
0.14945723747249864
0.1637557148231424
0.16403767558948704
0.1641837018796122
0.16127816172311757
0.14730761705541717
0.14703746944311497
0.14690300414611687
0.16991455277451545
0.15052416402549132
0.16026654873789675
0.1563304181477851
0.15320520292235087
0.15189784118605948
0.15075598259942452
0.15063596269732948
0.14867858523914898
0.14850821248910978
0.14802259130446502
0.147853166604344
0.14968980011026423
0.1498085030459244
0.15058795590964588
0.15070720174567667
0.15766035789334643
0.15709275557905328
0.15619350164620655
0.1552074229120184
0.15818469616067932
0.1579257650502811
0.15875755070300102
0.158505489426128
0.16032968135156353
0.1610366530413554
0.16181456585772502
0.16277715079966695
0.16344515081842925
0.16561422991651933
0.16733960665825415
0.16891183024367767
0.2407667235867987
0.2903387049107909
0.24960952058999303
0.24637776467482708
0.2583040286925044
0.25919834800769315
0.1691400222366428
0.16607746118496283
0.25635895171707274
0.24101412762992772
0.24265427963544559
0.24405043435419038
0.268859850531048
0.2583579023097869
0.27017564952067485
0.2681069238699094
0.2651547010899888
0.26867986446887476
0.26702102640133807
0.26738932759373285
0.2838769957181044
0.3163325705063795
0.28321049501393086
0.27872462422789
0.29362465839790713
0.29271671651042996
0.2917983831814808
0.2918353977215261
0.31684908498853065
0.31739212461307587
0.31882166087735725
0.3169446538316808
0.32840387359175505
0.33029633962388577
0.3309652472288442
0.328896655116097
0.3177663418178788
0.31883083014460634
0.3177474790162562
0.31962131889184825
0.30450260195717854
0.3042464086683033
0.20259142726994986
0.1971266617650158
0.2671886504158481
0.27704377557723414
0.17533675690006226
0.17311802669566068
0.1684227778781997
0.16815923338929345
0.16751430448973473
0.17001731160341138
0.16217013782522216
0.16238294220914387
0.1633273435244214
0.1605236662776817
0.14910761085358268
0.16383521624496694
0.16415900856981708
0.16405550376546388
0.16332694411165027
0.14726363039728063
0.14790025450124483
0.14808727669275398
0.17275687218393593
0.15279883698421695
0.1630821502570987
0.1606365707827741
0.15755225995150923
0.15647448859062874
0.15548591252215782
0.15454111592511627
0.1525363452338551
0.15191321880572853
0.15210052993817721
0.151469235660578
0.15209530199294582
0.15115190601191847
0.1500855256943849
0.14900566002360788
0.1562318251234319
0.15632950575646187
0.15652670646114872
0.1558653013956599
0.2342205736302288
0.2358259945607796
0.23669113672030356
0.23728387501654907
0.24010902083866198
0.24167481405342683
0.24225013532415984
0.2427961383163038
0.2704922837781816
0.24577828416974903
0.2446584758142709
0.20223528832879334
0.2452265050487594
0.2430992262294135
0.24278271821022557
0.2432438747064556
0.2242719656756067
0.2394451163216428
0.23973379178124643
0.23954886424317326
0.25079041451655915
0.24381807188356058
0.24518513569715283
0.24411424514109878
0.2637206234438884
0.24996108604664938
0.2595380066314102
0.2584690314969908
0.25212900858254783
0.25071140195194125
0.25338424203293014
0.2521613618715083
0.2575721191575122
0.25871416610339554
0.25957247398900174
0.2608857393699608
0.27787237393927905
0.276518136744308
0.2762784724217914
0.2773503591181718
0.3042934888288832
0.3052632017690662
0.30610819762911273
0.3068341758031863
0.31857811050375645
0.3189630056713149
0.32070027192743883
0.31971429613033053
0.3095733739744901
0.3069236921598971
0.30636265285957304
0.3057186218927569
0.2923491222123408
0.2902982926481188
0.287885795960438
0.2887104410391657
0.2591548827338545
0.2639373995982976
0.2520143890204697
0.16486323504012235
0.1602755883225906
0.1629809860115171
0.16502227549502985
0.16013885421120208
0.1529373325791166
0.1550771655616275
0.15117225626560427
0.1505351463860232
0.1507373280019651
0.16482518982326247
0.16492954564832848
0.164877584061894
0.1607491475392529
0.1466994931417999
0.14690423859486348
0.14723085093171656
0.17355940817468998
0.15203785092867841
0.1630634339160689
0.15972535937726917
0.1567441056404663
0.15536398721625455
0.15399781041927924
0.15366086641512888
0.1516106618071685
0.15126046994228193
0.15091494921792684
0.15055534156420058
0.1515340460993404
0.1508678770192406
0.1508904006295529
0.15004290959103722
0.15820426552443204
0.1586845486692536
0.15880900508333085
0.15878790366269246
0.23723773735880926
0.23865321881667395
0.24059794700959763
0.28867459892772246
0.2509702252990526
0.25009341301205523
0.21146513195839794
0.17595525255855837
0.19463098008320925
0.2519742007884946
0.25220042685926286
0.25131320338302654
0.24975612796051955
0.25018329691557195
0.2505851437753928
0.25113835880983204
0.22749762190610415
0.2367792942295228
0.2373996384269281
0.2368696590555824
0.26247240522395787
0.246722522790406
0.24881725873046712
0.2506386721276109
0.27774181297823225
0.36291733499177087
0.8851156662228109
0.2871931239586202
0.2868731225253668
0.2902353631289022
0.28844237131614653
0.2874370325878957
0.29520897886842024
0.29377495574191886
0.29219022902403413
0.2912936892833769
0.3039892091841698
0.302752857749153
0.3011089771394137
0.29892307865342566
0.3262679983879467
0.32689878368219005
0.32707788113599634
0.33045612327831486
0.3398928758791069
0.34134705392265613
0.34054377209335235
0.34014657359964234
0.3298028893498022
0.3334048967083136
0.3316477916808905
0.3295169701687893
0.31584040252208057
0.31203258738581435
0.31420678164152077
0.31104052604954185
0.2719245676213031
0.285169338975568
0.2776420331387847
0.2820184903712246
0.2536338094080177
0.2554287231488745
0.22530109842687318
0.18471397045766694
0.19816819902261354
0.2229855050458074
0.17768933854691765
0.17244343935710338
0.14896760312232935
0.16024578128641268
0.1607965120544508
0.1612893943068019
0.17127741927706608
0.15890814622789312
0.15783825824604036
0.15592964546649427
0.17837154878856967
0.16474016780302797
0.17699991812232427
0.17431619304662352
0.1718555603642633
0.17215540605146937
0.17130972392302515
0.17085451080687913
0.1685897013908513
0.16765697205283567
0.16675763689270312
0.16590113676937923
0.16789693432037134
0.16747166552057055
0.16692874601736796
0.16632311390226204
0.17492636905176506
0.1758058469023243
0.17638297425178634
0.17687079190688723
0.18038438461907227
0.17892054993042816
0.17793861810189776
0.17679779674614782
0.17785840680590528
0.1778213075570418
0.17783862288909236
0.17865207367089056
0.2519313901630477
0.2544784815141077
0.25610660575425026
0.25746391512207334
0.27341234833380457
0.2575328065850633
0.2791792201921679
0.25842321562740894
0.2296918840409519
0.27317924717275005
0.23949392563520883
0.2426721695759313
0.2718115176874526
0.2561513799786602
0.2578036767417533
0.2607053761887166
0.2829513936703874
0.26964759666631993
0.2788721130883077
0.27313433344527777
0.26857466494380466
0.2673814913753176
0.2656313369431139
0.26555292719796697
0.18088277153985188
0.1831770434271047
0.26795079878400585
0.2724485407123848
0.28670575155239686
0.285759811379943
0.2855125649445731
0.28531585742924265
0.31429299997499116
0.31635859074972633
0.31535867950855156
0.31249900445699
0.32905077732461435
0.3269419320367123
0.32908907875634497
0.3286955088511093
0.31513477241405413
0.3147286460342446
0.31426308227867394
0.31373602344426166
0.29976967384522196
0.30554548147621713
0.3009983302025207
0.2984984102845035
0.2636903738679251
0.27410495954134767
0.2609393199038783
0.2616505967368255
0.236516942697796
0.2719094643480973
0.24120596842685432
0.2409913888155054
0.21285803493245906
0.212014472591026
0.21349914623572874
0.2124281264489366
0.18978463403846818
0.2039427663695071
0.20418240172571717
0.20428022574083982
0.1633057703218169
0.15022684565365138
0.15087653906476345
0.14909706838202164
0.17461394850180306
0.15584797140608928
0.1674720421981177
0.1641118946255787
0.1608601889988514
0.15931374081427685
0.15867936218201995
0.1573646607271868
0.15487714855366796
0.1573599033533867
0.1623909091901289
0.15326912065646825
0.15317382906068314
0.1521751563689835
0.15124271045230578
0.15032331979027805
0.15777388969460074
0.15827480132730967
0.15731927192243483
0.15638648492816284
0.16019570316864104
0.16064804664697754
0.1617525162316368
0.16311573247072086
0.16079918614200805
0.1620409564924516
0.2459056113530949
0.2513342762100637
0.2521838064254851
0.25613089648003456
0.17973289595261088
0.17881714862093412
0.17738616952676975
0.17702575825633138
0.176970655364259
0.1768624417717925
0.15571469254130185
0.16892403661911917
0.16828266786961532
0.16823462879234305
0.18426308513013548
0.17081024080568263
0.17217804265554773
0.17491792707189258
0.2053266491410016
0.1867763783972546
0.19744508667532187
0.19518327882730285
0.1959809283841052
0.1959950112386989
0.19643911521759894
0.1965291818904253
0.1933392493634839
0.28353967470706193
0.19100359569785005
0.1866588284986337
0.18832137224257411
0.1849765722246608
0.1813071631208733
0.17811057998684474
0.18097976440802702
0.177657235743845
0.179542259506326
0.17778362724734414
0.3059869026588596
0.3094947970472432
0.31146829516934577
0.31298441591287984
0.3017614974642478
0.300782140300657
0.3003523579086757
0.2998921916899387
0.28640592520224567
0.2858014443978919
0.2853762692556999
0.2849723306499622
0.2578050686056011
0.26305965502337286
0.2522529389915038
0.2554637799703041
0.23311076469472025
0.2759435977095098
0.16432116888236112
0.16073726689853698
0.14901691926178337
0.1486182978280791
0.1484254086994285
0.14838485950629332
0.15316201333812068
0.1671984831979139
0.16710136594457892
0.1668130484728577
0.16038998486882053
0.14615790013213542
0.1460299251617824
0.14601581466564276
0.1699783923783937
0.14736724718306246
0.15711545157026033
0.15408460320151807
0.15048758726951084
0.14882127554994673
0.14815543640193515
0.14663508666483294
0.14469774585690892
0.14408875912476443
0.1436555873384702
0.14311251148997356
0.14329708971809924
0.14268339249118506
0.14208887247596477
0.14176671724432405
0.14612351211314
0.14640716130396955
0.14585374267357912
0.14560767363752533
0.1484432380861243
0.14877602449765526
0.14864531622991609
0.1484368473605327
0.22403689057634774
0.22696150905281354
0.2292573563398569
0.23131591960905903
0.26753499931239944
0.2365139492872366
0.2354225305922003
0.3006798518502516
0.16396477382618993
0.15637083627635515
0.1543936530887359
0.15353012470197935
0.1565818305425304
0.17588126316732178
0.1757197048281992
0.17578248009627692
0.16984266214350674
0.15085680193901796
0.15125232488651827
0.1506965379063031
0.17510687784952653
0.16192790065736856
0.15888146296029976
0.15694221338864497
0.1563316125970177
0.15578961064327126
0.15527947140007287
0.15575653898275071
0.15328142817127377
0.15297752006736304
0.1526087763520994
0.15218460714415263
0.1575052955917244
0.15738144722525402
0.1578714695691888
0.15767442063759904
0.16468032011345635
0.28629618788965866
0.2892350055831755
0.29078844707558005
0.3035686461115421
0.3050633797660541
0.3071017588950476
0.307750593760223
0.29555597836803
0.2963285200147551
0.29703727035825367
0.2976771057049806
0.2848307819874609
0.2854931248295381
0.28562227344617186
0.28579956781713745
0.26013775288147956
0.2644847127550318
0.252943942517507
0.25648112558635194
0.23418096264829577
0.23239023765243375
0.23586459325495288
0.23277472616774963
0.20546018467915267
0.2703547913295659
0.21178716738310438
0.20761103374111478
0.19105443080824333
0.20529140014201386
0.16482114002345225
0.16482203039347745
0.16071193423380845
0.14632308408585898
0.1465966410221485
0.14568988820106882
0.1699434988744326
0.1471962290496592
0.15638676857585268
0.15078102111371725
0.14703384716481258
0.1466076119554224
0.14568607867335825
0.14498810017929162
0.14289753534001695
0.14229227606416817
0.1419266950703402
0.14178050651233245
0.14261529352807073
0.1424503360597417
0.14272535890565768
0.14246882613731168
0.14821007994638272
0.148450940119385
0.14828758518140148
0.1480794266744722
0.22631866964381367
0.22749488852759675
0.22792162476268477
0.2282144143057001
0.23061451407226946
0.2310101518536862
0.23132214629314551
0.2322196901557713
0.22907877752285033
0.22937948076001802
0.22963626478638766
0.3221203629761161
0.8293836112018486
0.24269638037814079
0.27320383405734455
0.2392296281104597
0.2238735136655104
0.24041425435834732
0.24153012279731456
0.24161176387485095
0.24393453110571567
0.22896305508471534
0.2286817067365243
0.2323791263814963
0.2596392242899815
0.24383762217713442
0.2530238909447836
0.32777749545493606
0.2759127462766699
0.25240471170357054
0.1635073829486012
0.1600435331898211
0.15895858922168696
0.16044372913058055
0.16300266925352327
0.15776869759785034
0.26489829261721837
0.26715651965262427
0.2735967936626901
0.27017544243652125
0.29815703144218436
0.29985930589656346
0.3010474891380491
0.30203809520469227
0.31746891535158417
0.31646179259427826
0.3169893894473209
0.31740648181137626
0.18292157215090799
0.1794698669320148
0.17677679971367014
0.17465854924213695
0.17215998159787346
0.17197437886907163
0.17198214241061305
0.28116434840264565
0.26066815795548337
0.26524139064442054
0.2503578172835204
0.253338251359666
0.22884724396014175
0.2305390728768089
0.23090256688245742
0.23151833984283177
0.20539513604010692
0.20433455765582018
0.151682413438711
0.1500241020192982
0.15012229403040792
0.16437984932253824
0.16469793098205504
0.16460124928163683
0.15992866622627286
0.14596649981504844
0.14590141737733686
0.14580944943016932
0.17216139566355898
0.14672544520345987
0.1580659120269462
0.15425280474865347
0.15211177836410858
0.15179943621485117
0.15164962856502145
0.15385493608615972
0.1531220653219216
0.15345798249646947
0.15376553431372317
0.15407142859012007
0.1918192738956101
0.1919957095995668
0.1917454220247828
0.19227098935465264
0.21889666565372398
0.21958090026593727
0.2196489104101393
0.2979041728980851
0.29995279566042643
0.2527426410413544
0.2993979152618953
0.253856846393941
0.2515952199751974
0.21509360751475892
0.25435951432894666
0.2537869403261684
0.24959232514651777
0.25114530415417957
0.2533056746262573
0.25706044968115105
0.2566477141006277
0.2546803194378174
0.2546349536712243
0.2547260353996045
0.22847082691652254
0.23720808070922453
0.271685014656124
0.2708100321859763
0.2639817203758669
0.24193809130707764
0.27082559072736717
0.24131176131785353
0.31661386530924585
0.2983850691629412
0.27154392231061153
0.2648438880910545
0.25684817891619566
0.25263881597670135
0.24959158563598885
0.24871190947024482
0.2540637495367154
0.25647718154407034
0.2570458770458804
0.2573821273056618
0.28108253336919226
0.32520465976451035
0.3213288073335509
0.2740318240634899
0.29588431613144367
0.29673143227211946
0.29463475244921317
0.29450788844470766
0.30384312737859864
0.30325048875972965
0.30155240040044684
0.3000094812356998
0.2846367951373756
0.28507567751094504
0.2860293469209256
0.2870683559293216
0.2802126670065344
0.2871482810088874
0.292887835779736
0.2919923756349928
0.2585757436680088
0.2591765041037028
0.24138755208523216
0.23954540231227744
0.21553373665145553
0.21711921572717363
0.15271014224757845
0.1538222666950671
0.15011937943176767
0.15011866360019147
0.14972298784684307
0.149837234823899
0.15246103316658274
0.16672092317594336
0.1671324875331083
0.16743065985839858
0.16245358986135552
0.14843566966240201
0.1483141144790661
0.14827846095270872
0.16182743798563967
0.1460960599321188
0.1444039982838552
0.14533063109425784
0.14436099576352
0.14469469450573247
0.14498597078290457
0.14526156341502502
0.1436589196236934
0.14339931312711612
0.14314818289062628
0.1429013963358595
0.141814936594706
0.14208983155806038
0.14390536998790426
0.14757552940193927
0.155465921114542
0.1543427183879251
0.15327424969230308
0.1520307189384655
0.15606316648454518
0.15687040875596225
0.23287139016934316
0.23598683809775028
0.23969797642755972
0.24120418782039146
0.2430148776787358
0.2448675433063752
0.24286862345886728
0.2444108679914071
0.24548269382692725
0.24710665625230185
0.24668706184156483
0.24825316332842917
0.24953205009976012
0.25049456544348253
0.22611124015796158
0.2380996592849444
0.23845779550124863
0.23754338522043156
0.2576160060961657
0.24153114068388604
0.24263752394046117
0.2447024094745953
0.2697770111651959
0.2608407898777113
0.2723080694651326
0.2702618086461938
0.26593575064359104
0.2645405869872668
0.26586960950486044
0.26513114599878895
0.27246123216094587
0.2739659982277069
0.2740805915098542
0.2737242022769287
0.28829256817315396
0.31590569716127426
0.28998406509210894
0.28782662301623724
0.33634120280596935
0.3228203482103504
0.31598206623165054
0.3573958800751642
0.3346862411397342
0.3325504922399187
0.368519212210377
0.3350949231290366
0.34730993506164537
0.37648891555090086
0.3328379098669453
0.3158075285045678
0.30505681790981554
0.3029500651683506
0.3020483400609026
0.3014571067084473
0.2661356572475378
0.2768659719295596
0.2643085620556188
0.26865340306949204
0.24176722818904844
0.24131795668282394
0.24107354504877426
0.24126223343019146
0.16376257203079175
0.16200081786553752
0.16100928873717424
0.16029528451790195
0.14895541073432295
0.16333950934303318
0.1637764788914231
0.16411281064789265
0.16238704237549828
0.14919617187090908
0.1499882298992525
0.15004609923847148
0.17487507201875216
0.15627033870073162
0.16751975985764112
0.16514048585540902
0.16199477804436624
0.16084753229207452
0.15984210557051146
0.15894038888688236
0.15656668736996115
0.15553629225566395
0.15523356315452094
0.1542840122833763
0.15529626517995745
0.15464743952231985
0.1539181474960719
0.15316932528722943
0.16071269023268522
0.16044979051764965
0.16081673454820608
0.15968863976548892
0.16192068225388317
0.16071264793627668
0.1594805061182264
0.1582506777660108
0.23702407668900546
0.24059559474614145
0.24298970958801064
0.2451998866575417
0.24341713357363165
0.24504227541558027
0.3389002256446764
0.8498009199927092
0.25166081886795344
0.2515600028940988
0.2522781072959035
0.2535908040572188
0.22640521368352579
0.23735688519072382
0.23728912906215963
0.23655262123714857
0.2653970567669682
0.25317003244813324
0.2567656457976464
0.26180708870798547
0.2897580025725308
0.27676510487244654
0.28862315410189626
0.29086790043285804
0.2877841726626573
0.28988489461115313
0.29114265166582104
0.2949413249454775
0.29828270513452787
0.298288861955331
0.29413439530640106
0.29203304152123405
0.3165076298964912
0.34659502435330664
0.31135945752584876
0.3071584161013006
0.3285648377531802
0.32585960008085
0.3231887599287274
0.3204995323065891
0.33543856205850586
0.33539053736646846
0.3322761344818969
0.33133325449431744
0.320084799776968
0.3176331169101118
0.3173872541938946
0.31288351662713015
0.29879471375189964
0.301239730858008
0.29767158860549653
0.3010906884885473
0.30482620934637517
0.2766242687027229
0.2587424640191921
0.3280241930113753
0.1704476607636989
0.16239841427849064
0.1601554013509701
0.15894033334248422
0.15358747369080453
0.15367751648992065
0.1587092220014274
0.15424782884662394
0.15036918248222952
0.16455673227635842
0.16469721081075436
0.16467948397459697
0.16200777201680272
0.14968413598442343
0.14802009778820813
0.14761187128298212
0.17363366526556628
0.1534543609887077
0.1647718505424355
0.16138380453288176
0.15849701862031912
0.15664817066596987
0.15487301717441176
0.1531343339044039
0.1509510240356658
0.15021957414290846
0.14957840188754257
0.1489962055753527
0.1522357206584717
0.15256582121219037
0.1530454307344113
0.1534648471148006
0.16112421784866812
0.16098115542806937
0.160518614495942
0.16065357857730198
0.16355987555124635
0.16320570140076554
0.17343665362836264
0.21572300081365942
0.30378701099176464
0.30368801106454857
0.2673385547645017
0.2664445222948521
0.2641190986663764
0.26609401642738967
0.26763435942866964
0.2682595536054495
0.26768739287230864
0.26894648150214123
0.27009279013415255
0.27019063225119627
0.2279287002701788
0.32948853038552894
0.8268598343743788
0.24089302579117877
0.27324360673001347
0.2591325452313394
0.26086999078477513
0.26318598505811885
0.2927722072253629
0.2934525213923049
0.29467833892998385
0.2922051253619014
0.2892014361292639
0.289917463376623
0.28968524253442873
0.2899107408681207
0.2977241933929894
0.29732231294540395
0.2934784387996286
0.2914019747818342
0.3040688270423581
0.30200828365952426
0.2997259531392183
0.2976736227145136
0.3236737663638483
0.3215185152530506
0.32013998938005706
0.3204317188087208
0.3314225403859755
0.33248264424065277
0.3331966614944077
0.3346045648972567
0.3249927464312645
0.32286998214980067
0.3181191712469858
0.3163337331348609
0.30226950325198154
0.30363491536490544
0.3027845961872062
0.3020215466806881
0.2668234618438369
0.27670489656390607
0.2624254243826933
0.2623485724089528
0.2436202958879489
0.2403833883507105
0.23788941843705352
0.23610872420625345
0.15907762767541342
0.15805687834308318
0.15786363893220115
0.15790666798569672
0.15016923331446003
0.16498122050375644
0.16529089996953322
0.16627395608117757
0.16033603073825886
0.14616015022858705
0.14611317450930114
0.1462802110845855
0.1672840002773504
0.14685071379060946
0.15855213162482706
0.15703754211335144
0.15226251075151054
0.14817850112686448
0.14499491502293863
0.1432780532197446
0.14195852573810025
0.14201245520048952
0.14202642405036672
0.14197652987442425
0.14206445783074997
0.14209161190987854
0.1428131166278253
0.14282158801015513
0.14750364959705492
0.14728614514472937
0.1461402126000672
0.14566802943876078
0.2243269521929506
0.15039007650021569
0.1517043962082832
0.15435323197044468
0.15729575027690518
0.15940170937072706
0.16218135592641283
0.16514999517230844
0.16543567956824032
0.16628348779143795
0.1768788743178409
0.20814540002514756
0.253295082174364
0.2539539653250712
0.25672992711855896
0.17974429943765388
0.15618456603755657
0.1682387468299572
0.16893700421041766
0.17227953666556342
0.18711630208554322
0.17108068438110718
0.17190503996473172
0.1723577906827832
0.20013078026606665
0.18759637167407306
0.1981459763679843
0.20264722559792073
0.28559926131161806
0.2875542475298937
0.2867781013118652
0.2874612576635548
0.2935371196808635
0.2012083385703269
0.20762513723857592
0.24452599500529096
0.3504470498683591
0.34939863298448254
0.3166282653425558
0.307038051033823
0.3302863458910766
0.32688008484524034
0.3231116993410088
0.3226081309313662
0.33409525607937507
0.3336681559000452
0.3353914513022788
0.32622398522014984
0.311604490137004
0.311693257850806
0.3112252287426122
0.31081780330886283
0.29732067984014304
0.2999104883181172
0.3018895215350572
0.2970852735732134
0.17458153972996027
0.17709135471224638
0.16611661495720373
0.16435554504877173
0.15780124028339607
0.15639655158345925
0.15518552141225023
0.15549196401757398
0.1539277991297584
0.15030010312098027
0.14833002741593548
0.1484991456359433
0.1516017308011357
0.16636017209512635
0.16677957393092874
0.16704406496629925
0.16135950655576234
0.1474317740307727
0.1476006481830778
0.1478573484049929
0.16377053304472758
0.15081073141998041
0.15169031545073244
0.1517331809754329
0.1490427793612644
0.1488543260948399
0.14724187493633842
0.1461822947702896
0.14397488688997567
0.143215698798631
0.14271827359854633
0.1424470351010208
0.14300180355495523
0.1426016190418786
0.14218340101274077
0.14181097480994118
0.14672093518549995
0.14692899114276523
0.14696547168747306
0.14708979575495926
0.15043313536514613
0.15020008963142475
0.1500853711534238
0.1501002501057857
0.15175430447970079
0.15295941574532895
0.15417226034664078
0.15722285745271145
0.2318463188938868
0.266931397615413
0.24230325044238404
0.27451845789286045
0.16452964804372902
0.15949468577913314
0.15838104465495947
0.15783984767749498
0.15586908726922583
0.1738835679188445
0.17325004269489963
0.172564480120417
0.17064702653021008
0.15292250005639466
0.15503969350844543
0.157966355672582
0.18479329059534838
0.17294557807486902
0.1852411170287654
0.17944355589016317
0.1779292356257579
0.17678640171878393
0.17637814120866316
0.17601350666955867
0.1739823639627715
0.1733722433984061
0.17187735321836276
0.17065669569431907
0.17458653983517167
0.17309682404674748
0.1715309160181222
0.27156308545319097
0.31179730799798533
0.1806373165282773
0.21043563427368067
0.17907004909406096
0.17874420983113248
0.17780435735596672
0.30575798652171904
0.3607454046180543
0.30313079769199375
0.300275837254962
0.30036300114493586
0.30089648549439446
0.2881134365403191
0.28803451629244
0.29112410994566906
0.28856548832236845
0.26001911029965297
0.2669644618626375
0.25609721141191183
0.2592590919465136
0.234874188680433
0.2934311672803737
0.24920269121567326
0.23749340251560516
0.17749183331449667
0.15715193208430508
0.20407452365815332
0.15691493465113607
0.15031803825780973
0.16492243956593153
0.16548922424935802
0.1654175826825088
0.16012809266097497
0.1461381729715171
0.14596386687869922
0.14580942348916154
0.16848363427986784
0.14449368276212998
0.1509065486928259
0.14618761304238323
0.14394163652664377
0.1434409241216502
0.14333770987542985
0.14336356393418787
0.1417718538878096
0.14176466505206392
0.1417571070369538
0.1417674304247258
0.14240515512830476
0.14305712926645658
0.14400332260566442
0.1445015382149898
0.15042829023814597
0.1496133452765048
0.14875312634386567
0.14802866199424852
0.1512938573845659
0.15203702017545878
0.15247087854613756
0.1529472276213992
0.15521417731424944
0.15680881568044058
0.15865818179825492
0.16089839030539269
0.23544961905170497
0.24014230634044278
0.24255128570977466
0.24481774269302148
0.24534133231531166
0.24761234014547454
0.2492833333817673
0.250689463292586
0.22592584988795686
0.23780249686043786
0.23754401224967012
0.23699152957868833
0.2621350855098177
0.24788716397519334
0.2493518776867186
0.2502163055570156
0.2778558646817598
0.266974076286202
0.2883703897249636
0.3188462863645568
0.28302433305388586
0.27943851906072126
0.2798129935094482
0.28041672010818525
0.2879095293608108
0.286212880521011
0.2889474839405116
0.2828065759896175
0.2957750814914207
0.2945670212533637
0.29569000490786834
0.2957327930636322
0.32369224585502815
0.3190747344014274
0.31952817790943205
0.3194032638137003
0.3310190845757405
0.33137883944826235
0.33137704294661735
0.3312553109364831
0.31748510538420494
0.3187363949918281
0.3163415477096195
0.316759884096536
0.30141953489949647
0.3026456732571812
0.3036074181435012
0.3035086841325916
0.2654490204868267
0.2740295377278822
0.2627303572027427
0.2660265778041067
0.24126822986779048
0.24151207292599658
0.17061162295312104
0.16935025288451386
0.16246781499796373
0.1665474883160125
0.167111590771569
0.16211945752919468
0.14807658232170157
0.16203753167634405
0.16207334415861496
0.16199570108202366
0.16971750371419478
0.15529454656958544
0.15434834450948606
0.15283153943429212
0.20667920109583884
0.19227128982439487
0.20521739488727608
0.20258038443572615
0.19551693347564597
0.1940469654482685
0.19267201143004123
0.1913564406002207
0.16161928100385206
0.16139983141062725
0.16074418540250524
0.16016293760589884
0.1609735162822657
0.160184339114714
0.15931699496992968
0.16015604966524977
0.16683325417395786
0.1699176828487472
0.16625455375685466
0.17327771570189443
0.17001928168393068
0.16897913017477734
0.16837987232108464
0.16778386005614565
0.1687937423914873
0.24453508793671003
0.24599760520232658
0.24757240025603405
0.2447850768919293
0.24546059791664107
0.24646465327710004
0.2475711173932281
0.2469324180900683
0.24820233884776785
0.24935078722285584
0.2515602982502749
0.22945637878797834
0.271448719401836
0.23558060316196935
0.23549099133471244
0.26516712488049193
0.2503880424930156
0.2521952769378661
0.25287215123505735
0.2773992391198152
0.2658423625575072
0.2758517559983475
0.27175405073996384
0.2686411344921965
0.26891535071101436
0.2698631867330492
0.26939605211780265
0.28641537545344103
0.320152101050289
0.2864675919046898
0.28277722580365144
0.29678787127672834
0.29669410799264484
0.2958034983862069
0.29493351084547154
0.3200664080013952
0.32046538141130265
0.3171306511116195
0.31592475629780936
0.1981119715308282
0.19275478903527146
0.1905655579037754
0.3200048119676535
0.3176553592800877
0.3135915946157709
0.3142853796513922
0.31684797875164217
0.20092257391796053
0.1963361601128698
0.19208990138799273
0.190131770059201
0.1760973091174385
0.17725134520020616
0.16543162428308028
0.16555370578415432
0.16277932310242121
0.162587469665448
0.16269973112762173
0.1628140544058126
0.15659577339565986
0.1563990072405155
0.16132445730125217
0.15724945861090106
0.1492428951210276
0.1632033725346637
0.1634388137015879
0.1634974892596218
0.1624729934468436
0.14846745609944628
0.14811745802498646
0.1475465145757148
0.17536952286582527
0.15549771870440607
0.1663359999670564
0.16331504824781512
0.16079569822712483
0.16001045832751648
0.15934716799537926
0.15875583374773625
0.15693758705545882
0.15738311753923206
0.15676735420184604
0.15635524132598702
0.15713941139310136
0.15619121747483838
0.15511800715495294
0.1540112600001521
0.16277045728667383
0.16328543330691878
0.16341197447858982
0.16342364241907126
0.16675948660548537
0.1667533948198653
0.1669768344089553
0.1673551479597783
0.17027792370151834
0.17087727230958616
0.17209901380190254
0.17362716366669037
0.24815262378702427
0.25165700550784076
0.25346776334029986
0.2551815353617593
0.25456364673983706
0.25583839523566526
0.25747721135697405
0.2591212358210299
0.22796394856394508
0.23674738527057562
0.23680573885483244
0.23625345567330258
0.2679720218919903
0.25560223348978933
0.25835188863549574
0.26031768437873276
0.2930427071258691
0.2850059141838528
0.292891121686075
0.2916337752059868
0.2877133516289555
0.2937495915106741
0.28807839772531163
0.28730741717778646
0.2932997129419563
0.2928890676209462
0.2915503015011242
0.29213835381431685
0.3040062608125762
0.3022396215083164
0.3000047173966923
0.2977908264579079
0.3242374287651909
0.32288777961604637
0.3215802364601583
0.3223275286758645
0.33358726536811517
0.33273336189839464
0.3333815965421838
0.3311927020687074
0.31768560969214477
0.319824749740072
0.31756513193318847
0.3168768319846813
0.30288372449936346
0.30507354670818704
0.3020637208957839
0.3006816374910878
0.26744127773377185
0.27501919689684023
0.26132125787692784
0.2636142033515581
0.2416840349903855
0.2394743019747653
0.23887337347018603
0.23880668597187849
0.21234912307860407
0.21160500089676976
0.15900306426877286
0.15726653684989353
0.15015384996339493
0.16464145657929316
0.1650958420020027
0.1653958772842397
0.16175326541027826
0.14651706132845693
0.146214170976017
0.14616575702883697
0.17052225449348263
0.15000875132025743
0.16050611280162644
0.15751249937611747
0.15497602111333114
0.1544861651665056
0.15415600286835307
0.15392426410871957
0.15142927624684033
0.15017604469135853
0.14957673638795116
0.14829347015768032
0.14878937372681572
0.14762647360275313
0.14635360019941504
0.1453205605043453
0.15295395079903895
0.15357920554926122
0.15462395167690207
0.1544234828350613
0.15805363680202145
0.1580685054792607
0.1579005195440228
0.15759038982010753
0.15952912270179778
0.16101863305188605
0.16184447434222266
0.16272331319952835
0.16212505373499847
0.16219773511524238
0.1624901204160342
0.16271286685917585
0.16145983486464877
0.16340919356344275
0.1636017776741564
0.16402040755864147
0.2242097603956904
0.24022414462874617
0.1712092382332374
0.17095373109916243
0.17031995482864995
0.1510785397427628
0.15063639012914506
0.150234544162227
0.18100768063127737
0.15975100452590157
0.172788603477963
0.17076852899807382
0.1711950134043278
0.17049675682967214
0.17052658905181795
0.1705573228981676
0.2570118833878473
0.26007052611517273
0.26192132687219105
0.2639752409757596
0.1770189912104538
0.17450367629812163
0.1725820796526504
0.1708599574222021
0.1761225765600925
0.17480034450194404
0.1839642767750944
0.33788234309993603
0.3180000963258317
0.31538663185665194
0.3143477587758445
0.31518779505678074
0.3030285258813665
0.30204346473956684
0.30373464473072354
0.3020997231365786
0.2888543759139314
0.28821268621754514
0.28767325741899336
0.28710603480769015
0.25945186815940746
0.2665467937477418
0.31326391042852486
0.26923949087945526
0.2554844173241058
0.2764228511836567
0.24188004756556927
0.24102047822411168
0.21535037337335872
0.2141149483882767
0.15730263590129118
0.153471603371004
0.15069347736345223
0.1652709999530013
0.16582024427862355
0.16621523385032577
0.16016789966817715
0.1460590577006884
0.14595501167536493
0.14580941085126456
0.16994189709257287
0.14574820548205134
0.154682360224212
0.15115677309680248
0.14812354125650212
0.14701813374240233
0.14612921048954508
0.14575463296991947
0.14364896884234227
0.14273747864794523
0.1420974917782244
0.141703017163702
0.14233849554529243
0.14197282908382292
0.14193899606194987
0.14207351267483107
0.14822062900440777
0.14973460550955714
0.1511523810160067
0.151954324635049
0.15396636087155052
0.15238758285782422
0.1521095116652984
0.1511828938046296
0.23056294843892056
0.23550659029518053
0.24047903293521775
0.2456830756323186
0.2479053442906512
0.2534332259968151
0.2564854812405413
0.26026948405064737
0.25991117352126447
0.26126586157216986
0.2616530768798176
0.2616828892957974
0.22915125251666496
0.24003059379513808
0.23919207027510678
0.24120754170272599
0.2700216760590827
0.25536619610754024
0.2533729693403042
0.2516077166327572
0.18763755081328787
0.16842471014123703
0.17650931287051688
0.17203428696331294
0.17492206224866125
0.17591202227282843
0.17658221589290765
0.1782453563912405
0.1735447914808996
0.17161707160510317
0.1716953338120362
0.17427573625276013
0.176920734058953
0.17294807422537503
0.16537862349637136
0.16158778976277008
0.16476929328132506
0.16286075516242163
0.16135498926358813
0.16024722823205578
0.16302977201258886
0.16255582570352178
0.1620847503937822
0.16171050138028298
0.15828074228457445
0.15805474563118507
0.15800331621747601
0.1582395493970252
0.1567623779390632
0.15673645880174153
0.15735339553782368
0.15749278054766624
0.16393002749538765
0.15874931016396704
0.15927872443574267
0.15886699902533122
0.21746975975702634
0.21687012199002384
0.15434349419083032
0.15450348524843835
0.15100828587629053
0.15114280976627353
0.15127068791023557
0.1512712014909456
0.15659939103461518
0.17116910135311364
0.17154617259786087
0.17174252611276342
0.16437434067640214
0.1500209966314366
0.14957152137846172
0.14956253452080046
0.1590213890733136
0.14444670008462324
0.1445336970539254
0.14466929404665593
0.1435641428272896
0.1437521787843525
0.14388560064755207
0.14411509979788129
0.14294704756830048
0.14310897234840136
0.14326532445736329
0.14341619543012352
0.14337712494290883
0.1436001007964723
0.1436799375446629
0.14399001020603422
0.1456514829520698
0.1453519760302139
0.14510229718593348
0.1449183032249104
0.14730176072549248
0.14740516156852412
0.21846175785807614
0.22170752039431602
0.22687561704159195
0.23043060196804085
0.23431422285363787
0.2385377342547947
0.2391446922508367
0.273853825286863
0.24899518290672568
0.2484123790530314
0.28516811283620047
0.2532843196526716
0.2516721196862308
0.21309805980519755
0.15574226431832763
0.17058507362108502
0.16896954425244778
0.17053659752623382
0.1801737198966659
0.16430142654180158
0.16489895833214546
0.1654855255959459
0.1921082621667155
0.17760447008770963
0.18821947944711817
0.1883664064491715
0.19037322869564607
0.18632556777668852
0.18543482355683968
0.18452122442850716
0.18146769109282135
0.17981140356150357
0.17691834175421667
0.2649716004488569
0.2790004915736868
0.2776044064647411
0.27582358684252706
0.27404100798024283
0.29863053658232597
0.2980467980008503
0.29794308125796115
0.29720173318973514
0.30805322130807666
0.3079443861588759
0.30753604633319753
0.307029658544629
0.2934285959659313
0.2927514816548715
0.298586911228454
0.29399118278648695
0.27998453823932623
0.2775723498127604
0.277322681944807
0.2767132431941556
0.25387717506764473
0.16257460099300197
0.15540242153128261
0.15603088749377717
0.15239527396251681
0.15258517621460232
0.15256116681519
0.15265302043865642
0.14964226994827462
0.14985511488961317
0.1506536401984334
0.15130490244466033
0.15714557514482033
0.171802684108338
0.17218728810964928
0.1722896572161576
0.16440765632564927
0.15044447634147634
0.15055823714179348
0.1508585486562504
0.156634492710498
0.14582192063054863
0.145668519278345
0.14598136967009487
0.1446421770948061
0.14480573672085062
0.1449305144558019
0.14505973655816454
0.1439223430500804
0.1441221632301207
0.14431954171855674
0.14440619566933832
0.14420814323968878
0.14425172429971983
0.14432165694015114
0.14440433305497927
0.1463936288705904
0.14649566618095847
0.14667849574096964
0.14673256449168268
0.14932855448414264
0.14925747126571476
0.14916010196413332
0.14902723636404316
0.15007192046624282
0.14972545071957025
0.14917764985728424
0.149469860259781
0.15198798853854883
0.15595294170289908
0.15895988774792214
0.16191885189074692
0.23287115491137442
0.2749936929840881
0.23927905439579716
0.23756278057863378
0.2463366609135845
0.23768655306048286
0.24029880330925768
0.23998085726653454
0.17064170235859638
0.1534409552511617
0.15419423493746326
0.15456694318934713
0.26056649604281545
0.250528579151493
0.2618284941081257
0.17734566010076003
0.17311408696877761
0.25441531573900406
0.2889443030430741
0.25941711247887483
0.2633984925236099
0.292639552635807
0.26793016049346696
0.2666333235150943
0.3051934880645336
0.28370695871983864
0.2817039486577467
0.28354727480496134
0.3096382440135079
0.30821921079737036
0.3056624149345062
0.30499910880722236
0.3211303839854408
0.3164415958849334
0.3162111986972656
0.31812885621575
0.30408477169546216
0.1843604491181851
0.18500457900771083
0.17934550267636623
0.17513411450834515
0.28526939409302815
0.32763106213933624
0.28880381105308073
0.2590265275030621
0.26469645095758937
0.257050628054165
0.30977203730847314
0.24213727819525283
0.17999550172903447
0.19585057425641667
0.16313422706057248
0.15234844797625377
0.14984353512635643
0.1486970459460085
0.14831143428349947
0.15133869879346729
0.1653245157815663
0.16540554053096482
0.16534912989380027
0.1603477330603082
0.14623566705277263
0.14620543301400118
0.14623130515611482
0.1707757330124959
0.1493967813935471
0.16048459676261667
0.15683484582541446
0.15438347033547184
0.15366926640299816
0.15307466074726772
0.1525498031565442
0.15083017532052734
0.15112682681929124
0.1507910760057832
0.15049331458496826
0.1509451504220843
0.14971479923864353
0.1482967448572967
0.14676103744698812
0.15507322684316394
0.1570513505958601
0.15746712408388355
0.15805045920574154
0.16181278161156876
0.16001788368120412
0.16009216500654047
0.1604189606020958
0.23687405403564915
0.23712548733166833
0.23989146041928502
0.23974881340060922
0.23747710540112432
0.23867735309502763
0.24133181727300945
0.24497568953148496
0.24817102118064704
0.2521023314895131
0.2550574770145213
0.25280018151145134
0.2300023507303164
0.2391301111427383
0.2393425246420225
0.2416552035825368
0.2670782195896746
0.25253011298634215
0.2540703936939183
0.25513193641193316
0.2773260558867622
0.2736262895085067
0.2856180347206504
0.2866169944822728
0.2821570873024703
0.28188472242047785
0.28148187256421925
0.2835477632791562
0.28605548830764915
0.28380397782444106
0.2817093747163888
0.2788912440666424
0.29315415106998993
0.29024974746080373
0.29651912508731837
0.3333368887024927
0.3625463520118394
0.32246416310349835
0.3195586271258393
0.3192253769228218
0.32996786752786883
0.32732330817965705
0.32454706771534864
0.322938744009203
0.3094924610513605
0.31069797767240537
0.30957674409006736
0.3090839806320156
0.29677530876004726
0.2942601386623289
0.2962653287228666
0.2932878846824587
0.26086169401894216
0.2665794707687194
0.25884388597792785
0.2625999418964087
0.23458304023258017
0.23573509500494833
0.16314226746280558
0.16136648381391344
0.1533573166966287
0.15130926447192056
0.15180178157386548
0.14880790800200758
0.15175955964555696
0.1660928931794987
0.1663992401456162
0.16634351388829705
0.16029191423497946
0.1462030631766015
0.14598385135733655
0.1458769516429243
0.16650777409771372
0.15351820298379878
0.15388132685825762
0.15005605733529087
0.14723008753252273
0.14646333338886652
0.14581583546556381
0.14540337419163318
0.1431290043919559
0.14286245206560155
0.1421115501016096
0.14173158023725915
0.14174473935128817
0.14205026050397637
0.14246537996620257
0.1429712730309048
0.14466245861847235
0.1445112203668147
0.1444534241792035
0.1445255241862832
0.14777434659722338
0.14868041807954452
0.1500438680961274
0.15149770335894186
0.15458204563736322
0.1553651755903934
0.156854415889152
0.15924941478767246
0.16070571974629008
0.16302171699620838
0.2374099515187756
0.2766528743325552
0.24702969151304396
0.24771281039496537
0.24973218789050802
0.17366177727632173
0.15553002287183634
0.17192441323145852
0.17187220788631652
0.17175855469869694
0.17891794199478409
0.1635091475105299
0.24727879854886084
0.2521329393568699
0.28071493429479727
0.28116017840192065
0.28490004659725027
0.28315942121466187
0.2812736460007546
0.2847321503436963
0.2833962083511622
0.28344612873885483
0.2902845012705449
0.29080508550274764
0.2899766360619675
0.28810911969008746
0.3018638990977944
0.29973295920786436
0.39110340738793703
0.8943332172658754
0.32396654184897483
0.3244443766943191
0.31853288882950187
0.31611066124283294
0.3271290796963415
0.32947809181144316
0.3280833669804647
0.3320987718579212
0.31414136305988716
0.3148448073486581
0.3137866567467795
0.30829726706722455
0.2948268217085779
0.29342019643485945
0.29403533264649145
0.2917552351704878
0.26372978731171126
0.2666320557438552
0.2521305075917863
0.255597618451229
0.15893358724717196
0.15722561592148304
0.15507061310431947
0.15664314461431322
0.14885400412922806
0.14835871299967743
0.14829716538602858
0.14867877954373554
0.1535510322946325
0.1681678020165815
0.16855546486296283
0.1687454329540545
0.1617259007112793
0.1477225963379267
0.1478352237598601
0.14806054444598385
0.16059424117548862
0.14744773075743586
0.1453276485864676
0.1447608399659736
0.14335043765262379
0.14344107136636206
0.14377552327856066
0.14404057928170524
0.1426069389454936
0.14276834630841762
0.14280063820537475
0.14290537103468418
0.14251791354841287
0.14248243611143854
0.14236010874913435
0.14220773411927304
0.14506103236203496
0.14551963948719926
0.14571149075826068
0.14581233825166562
0.1488978069697339
0.14915789267119797
0.14962087015652517
0.15016378578678274
0.151806680786986
0.1521938339346239
0.16136650872420477
0.20092138522615993
0.27418453709193974
0.24354628942394507
0.24275562467435421
0.23789084295975746
0.24170666332663449
0.24334189630300404
0.24339295401882988
0.24312765347247875
0.2249610032568025
0.23759541846535256
0.23598954889945556
0.2705781805924394
0.30639086500077145
0.2949487941422571
0.29032726064742514
0.25261992489897983
0.26645038732996146
0.25762188488814497
0.27373451796740783
0.26519808493074354
0.2567780414565182
0.2517839400640421
0.2474169778620016
0.24600104707787834
0.25336375923461646
0.25661814474792816
0.2591690986722879
0.26074354533335165
0.2793053774099021
0.2756445355321279
0.27464619442843446
0.273923347022862
0.29966241354117434
0.29750284927326137
0.3349849631739286
0.2936697432426547
0.30211609997936306
0.3359236169933578
0.30950044151562367
0.34317346653272596
0.3192031331356737
0.3037385007119052
0.3028031993012445
0.3573005706313235
0.2945759352630813
0.2991811337294023
0.32786318160844524
0.2854357533907575
0.25523704404799646
0.31419378567394357
0.2562866190684785
0.27343883221717724
0.2549439485252316
0.23407431112197816
0.2277837723719199
0.22700373807810764
0.20074560518443252
0.1998703582815694
0.20093549522755103
0.1985800343470836
0.19293621306626993
0.20793358858405395
0.2088520730258234
0.20350513033639678
0.16089531146033764
0.14738022464041176
0.14743924077667395
0.147508591542333
0.1637184843562115
0.1485032411687547
0.14555603542478576
0.14449478128633345
0.14324724665515995
0.14386950023466766
0.14416936538346595
0.1446803745098219
0.14329139662677337
0.14331863910322237
0.14332046294140355
0.1433169669493836
0.14291680329740591
0.14277833421278696
0.14268567813077104
0.14261793089476318
0.14897221896733778
0.18999041800517827
0.24224225601235108
0.205603158302329
0.22583418975114825
0.22507526273973286
0.22524886256443497
0.22669529062283467
0.2321456114039099
0.23629817212189358
0.24067968468116938
0.29534637057253593
0.27717244762007215
0.2542720326413977
0.2545155415597358
0.28872709038472205
0.25870272035165187
0.29430304335943414
0.29176547111127227
0.2633233486161676
0.22891195151125682
0.26832071694809
0.24081805469484066
0.26577385289976874
0.27853764058220126
0.2557741598765683
0.3185286709699355
0.26504623930253046
0.2860433631840565
0.32396675688985493
0.2935260107222873
0.2850699365036745
0.27853870045210766
0.2761330413342529
0.2745217687713558
0.27398267830124357
0.278203309997984
0.27768552748748454
0.2890295612236516
0.31857257560964586
0.30115803131926033
0.2963556134341034
0.2929738147728649
0.2998135638358557
0.36496904328549123
0.3718597772894706
0.3696170582890125
0.33091456520525836
0.3347309614480489
0.3325250227573836
0.33130276853598806
0.32969598882357576
0.31095660662783114
0.3088784018961145
0.30763513193180964
0.30659839792977117
0.2930370132212507
0.29167563926279216
0.2907182212911173
0.28989265333200376
0.2589624909825085
0.2631206906956028
0.2469558380064916
0.24869995390005675
0.225169027668739
0.2272366004122003
0.22706643244541247
0.22671376122002584
0.15192583550139
0.14925407805866345
0.1483173914228517
0.14860155993417565
0.15314308147994982
0.16807267805449122
0.16854641507157547
0.16878038461217573
0.16179140879953588
0.1478634458726321
0.14808797215780334
0.14847370497568158
0.15985207049083963
0.1447401162720037
0.1447154116389141
0.1449680063077672
0.14388313192312674
0.14403098346912815
0.14420915668654086
0.14435433074234694
0.14313048284227511
0.14346077167808405
0.14374984575779678
0.14403408996183548
0.14396112830085167
0.14413682194634078
0.14433949988353773
0.14444322415313945
0.14627098625382942
0.14618199889529976
0.14491830638112702
0.17844163141059835
0.2558965686634219
0.22273652481960154
0.22104087802197156
0.2225377574697187
0.2275699181386267
0.23133458910465188
0.23537035588986926
0.23983227326746948
0.24077323334432113
0.24514541736310652
0.2496100534011064
0.25323148755530706
0.25382430307105625
0.25571808259881623
0.2565638286211294
0.257207718695815
0.2263538703362661
0.2393570395696099
0.2387948858103446
0.23867982861045825
0.2649340661494111
0.3187120474972359
0.2573791804915291
0.2553009010736919
0.2517270077087473
0.20342462141389606
0.19960781818667556
0.1931691639192922
0.19264219561834486
0.1921003576500769
0.2697133460113307
0.26967159556623965
0.2735647097614914
0.2714557548900251
0.26873387136696064
0.2757571089007113
0.3299737414957404
0.33893037984064256
0.3435559489285484
0.346740862788352
0.37517743968387707
0.36954232429773276
0.32861182431770836
0.31923348493805775
0.32651704276208404
0.3267277387623917
0.32326152921140106
0.31891967100371615
0.3068207628075517
0.3058459583924922
0.3021603304527083
0.30281173022129954
0.28825012026043123
0.28637251722501367
0.287122240746611
0.28720651600019126
0.2582568798554637
0.26348598683078517
0.2528720099386422
0.253728446801154
0.22737504152223983
0.2269180510276743
0.22684415648849449
0.2268024832796006
0.14883013245851537
0.14841559158992956
0.1484242235443375
0.14895913974525116
0.15466634246565275
0.16954461534418563
0.17019551325894658
0.17063103076228792
0.16296786542757258
0.14883177559289779
0.1488320498501745
0.14900623219194467
0.15901901479605685
0.1449161329875423
0.14476505251134625
0.14482967994309295
0.14394561334998876
0.14434002884891903
0.1448590203163751
0.14536060196559056
0.144297441221491
0.14453784298550026
0.14476001166448502
0.1449714482965569
0.1448032380438274
0.14503383572748105
0.14527535426221866
0.1455349234006977
0.14706902125249602
0.1466385443093181
0.14626257749639415
0.1458257409865986
0.14831231334667924
0.14828328918586578
0.14826127560414637
0.14822836327005362
0.1492360458555376
0.14888732702156715
0.21940594287453552
0.26139319524871374
0.23066885306838872
0.23344821889101902
0.2805614862213953
0.24803353554009394
0.24717408398321256
0.30315115790288183
0.2558822171752731
0.2539781962361052
0.1691065170263595
0.1703330304734122
0.17127659579120316
0.17127200118442878
0.17776420901288642
0.16274938601423536
0.16483821582879749
0.1673167055665868
0.19536616962973077
0.1898084734236768
0.19898484386391221
0.19649345645066935
0.1958588522737819
0.19460163864455604
0.19591711040322476
0.19423913357844366
0.19174393983534438
0.19101703856539576
0.19000748484477656
0.18841900231919367
0.1915846394490758
0.1893901662293077
0.18720940225745517
0.1845994767627588
0.18808042575667114
0.1839836547610989
0.18043987076103166
0.17696021996223096
0.17952926932451777
0.3070162804453738
0.3107051117681272
0.3766748595547435
0.3299918738555514
0.3059540912587288
0.18527001320680503
0.18289862549681124
0.17799886116922142
0.17566429404193012
0.17356519392895126
0.17159209990155258
0.1672425059247931
0.16159862469483258
0.24786930188243603
0.1853284488745889
0.16133002094370863
0.17964417246984504
0.15774350774029783
0.15977156453886499
0.15114664267926636
0.1496126140041476
0.14929197303860287
0.14889529257857512
0.15214100492821286
0.1668471917279081
0.16772354343011403
0.16841570473108655
0.16169092226917955
0.146909984944595
0.14663766225474648
0.14716268076769334
0.16540610965489955
0.15103205435107211
0.15049723961379216
0.14884259167095754
0.14566451321538945
0.14427459285795172
0.14358419920761795
0.14303772000423806
0.1417017413988104
0.14181702136892627
0.14170846670914178
0.14191383205103955
0.14171577316884593
0.14192435577276205
0.14179463193545033
0.1421749615062338
0.14673239241560326
0.14656943503909237
0.14598713106490918
0.14543319346798628
0.14847935683766575
0.14874647598426427
0.14917798439279062
0.14991979802030223
0.23046512050293244
0.23636180621442054
0.24221019633656138
0.16801030462900707
0.16937942285263452
0.17237149974114196
0.1749636531284616
0.17857273055634676
0.17789954933881957
0.1793955587379048
0.17995620569465665
0.1802484108827807
0.15743733219606046
0.1699968209732886
0.16985096608760364
0.17268209328322087
0.1893543916041371
0.17392107472899218
0.17689890418800383
0.17946387103125244
0.20595826167822281
0.20424879998016696
0.20649634424972724
0.20666332124530234
0.20861480740087993
0.20972583725394128
0.210191108340794
0.29280285250576715
0.3005974362197576
0.3011045087855463
0.3005659168191409
0.2990495954946853
0.3126161521227153
0.3116507386320458
0.30937391200854397
0.30728321646052054
0.33182332398779274
0.3296289656172791
0.3274891889460883
0.325168616964642
0.3372348622737107
0.33773946561805357
0.3837864258756902
0.38856519285136204
0.3328574870128433
0.3185129519545373
0.3505549741303074
0.3350378708727379
0.3169680412766724
0.3648317054230653
0.32665531855158303
0.30920438515109255
0.3013762658509905
0.28275173482760496
0.2029305682635165
0.18656176327628785
0.16367532134052262
0.16148685363910384
0.16066687394132187
0.16020256200027544
0.15426350617976
0.15402561476645182
0.15368496936912876
0.15487582230786456
0.15015850192765295
0.16513203068098997
0.1658289190830135
0.16637006909851298
0.16039650397445593
0.1465208915373703
0.14675819201087534
0.1471474895303126
0.16356261998727661
0.15176196469450512
0.15383024369112633
0.1524334069797537
0.14733314410049475
0.14487470224161328
0.14315980160708028
0.14339977860873115
0.14179097008112984
0.14202986229583328
0.1418847648455593
0.14184911656773558
0.14268962959748796
0.1429278323972192
0.1427319979177819
0.14292861074621155
0.14850750753247088
0.14849868224436805
0.14762101932979202
0.14715564400463152
0.14803140811743243
0.14809913669631744
0.14829273458633563
0.14849771114996646
0.22969207753651202
0.2337669234095404
0.2364974428533969
0.23983237418629028
0.23732708319194185
0.23814879890685967
0.23950977370798196
0.24098465810780395
0.2405325469176375
0.24202036278802477
0.25303853522552106
0.29308307676701034
0.24793227092224032
0.282138605322841
0.27832761618507584
0.2802879782707654
0.2836564920866322
0.262560490495191
0.26637056942226467
0.2644566760985349
0.29424883272414754
0.2910178537474622
0.2977201846082281
0.2928112216117031
0.2878271908537601
0.2856812869689053
0.28525027093020244
0.28233559331726726
0.28690270639831156
0.2863812797720783
0.28628648535498463
0.2830059222618606
0.2984436568314117
0.2997499904261649
0.2957563201098152
0.29614627028296436
0.3230869270267926
0.32054276627489614
0.3211826360305225
0.3495205958027496
0.20900573482284293
0.20313469582397897
0.20053914424935665
0.20029112738100738
0.195592261390165
0.20315893552083128
0.2435781885553191
0.36566382327226105
0.3523372660592495
0.3181195885222442
0.31389946767065835
0.3096692473651505
0.26935314403056626
0.2788479060027486
0.2674847317623696
0.26936780845454183
0.24392413418500739
0.2435635229566816
0.171825651901988
0.1699379193879887
0.16238346122577088
0.16116778387727898
0.1606761996515627
0.1593247172206734
0.14966468205117506
0.16440620112962204
0.16522525865235582
0.16591636334743007
0.1603542054800791
0.14626179091776575
0.14603854127554358
0.14595370208207994
0.16915787975700536
0.15637895350371916
0.15554479287641598
0.14990009239406923
0.1495055616302967
0.1516328468441938
0.15233326331367741
0.15282388298827446
0.15109600658933695
0.15053261656738934
0.14988534203537499
0.1491744060358908
0.15012732580807553
0.14873659355307206
0.14714814039743634
0.1454985637694984
0.15146869047668277
0.14983190511001657
0.14812847081932418
0.1468115607860455
0.15151105806064533
0.15357073508270458
0.155960548666047
0.15845988106863945
0.2373420349039885
0.24098730416636305
0.1629306742357961
0.1644435117453203
0.16594431952696062
0.16859361388298427
0.17124412129452268
0.17415367511405624
0.17380059217383642
0.17512426575673345
0.17697247395360705
0.17703026028312913
0.1552994587222214
0.1694042557174562
0.16936093640463765
0.16852502695863303
0.18486857910115068
0.1712771018201805
0.17237163227555116
0.17551910202905696
0.2049426054268854
0.20480999148658233
0.20827475876183543
0.20933933695289988
0.21130112816308652
0.21073261798760917
0.2102883725130888
0.2092281029141024
0.2057293173586492
0.2037286372973735
0.29259004979540504
0.29177843914133167
0.3070481284341318
0.3063703757476362
0.30501417120308066
0.30353424324376044
0.3278644690846546
0.32495866185013206
0.32208575482316504
0.319024929166171
0.3304979568695865
0.32976290374807454
0.3290055226550712
0.328135653048683
0.31498768099259034
0.3164181534426839
0.31856035132770855
0.3198225105917631
0.306283119390656
0.30944155456582384
0.3101011895144767
0.3074610250187662
0.2711049441067864
0.27582318109878373
0.2643245429472801
0.2663937380603088
0.24238283788506948
0.24182748495044942
0.24016823099896306
0.16983862705104144
0.1598761677026148
0.15787217818489951
0.15627557188375352
0.15476955603103654
0.15025613025578305
0.16459208836657738
0.16487479745664418
0.1650080882924424
0.16202515615094007
0.14723313948649835
0.1468624577559239
0.14696486039013232
0.16938939837970102
0.1492795595377725
0.15786363529402056
0.15226918389116242
0.14846629120555518
0.14630124907924466
0.14468677723007664
0.14392809308863413
0.14235777156391421
0.14231443055194185
0.14203727462680937
0.14196218265601035
0.14211025489014778
0.1419106429008902
0.14173809409878155
0.14181496909913652
0.14597588226200048
0.1474443559878028
0.14834370428324292
0.14924615702526453
0.22843900873949105
0.2956875394085146
0.241853530997329
0.238747028985741
0.1612055881243112
0.16235146254969157
0.16379643236578897
0.24697932206706374
0.264558367002373
0.25414742082707076
0.25607368528654073
0.25902908713032946
0.26072825585475073
0.26336613164538647
0.2654952875237643
0.26902964102668264
0.23542082621920785
0.2757665021692943
0.24918732322512874
0.2494290391909745
0.2841864184689546
0.269939066999202
0.2717317602626831
0.27403953635054185
0.3052945727004187
0.3036391306614648
0.30524230897263904
0.3048624306630248
0.30329342334151727
0.3933055382258633
0.8986716309788944
0.3057497237822625
0.30922499372222223
0.30896332822655387
0.3115179977083501
0.30741114328345454
0.31663083562152256
0.31356098032799223
0.32051900227953717
0.3523733088140757
0.3800344431488679
0.3801373686059266
0.37989370669796474
0.3551370292844675
0.36431119671450296
0.3612371716077472
0.35218714379794297
0.34753389884474367
0.33181463645189435
0.33375147712141856
0.3364282022771671
0.3414406752306896
0.31535906188678314
0.31068470792214015
0.3074473813379711
0.2019450230133752
0.17544911637843938
0.17982086996701988
0.16843613332832585
0.17082700887746524
0.16778514397828112
0.16765163625729126
0.1675306563373942
0.1674159885173615
0.16513936825305203
0.17113071740344796
0.15985710071956855
0.15810866039853655
0.14927125639308422
0.1632520778069307
0.16321511352776671
0.16303744226863556
0.16374893380061767
0.14993483726472726
0.14896239968133404
0.14738796076979568
0.17138473895637915
0.1549541420663702
0.16620008504907352
0.16373601554308898
0.16048615700508953
0.15871851178511406
0.1578578379755409
0.15580223592867576
0.15359853465129375
0.15279533606571627
0.1520230924373657
0.15126249715498616
0.15190391162507896
0.15151600992740763
0.1503265365702711
0.14903395996903712
0.15655233054786438
0.15664077242317984
0.15643665179607402
0.15613114585968488
0.23650259964110115
0.2802669037540405
0.256161803565902
0.2864167871534628
0.30582714078622625
0.2624451510644335
0.2592657048896889
0.26002300402105666
0.2591383602624534
0.2619878762774971
0.1900533733174406
0.19106517664034753
0.19044842048752728
0.19198649846380547
0.1922731904025175
0.1923220770604029
0.15908095447938933
0.16925208939351014
0.1708895138324172
0.1745254655131896
0.20437067948215773
0.1856294101074337
0.18765788648766626
0.18947286096364183
0.2176398447243874
0.21845135972609353
0.22101006276289425
0.22134108400241695
0.22438469055533894
0.22673205928008758
0.22983452347852734
0.233937749587937
0.231220920123866
0.22986059720842916
0.22674450584904468
0.2227505392378291
0.32328598126722824
0.32293007617547903
0.3211842636237558
0.31918048339690247
0.35441324029568955
0.3784206609841277
0.3511698478701485
0.3437565114214656
0.3539254555730015
0.35269019054511813
0.35125073346799385
0.35041850218960635
0.336643758263698
0.33559642386821387
0.3344588540068609
0.33627752223771284
0.32838154508976974
0.3253038568888271
0.32318793705960325
0.3237032942741427
0.2770394527338946
0.289389124485012
0.18274526363993882
0.18293106821899757
0.2517599223724957
0.21925332505865874
0.18883266728348166
0.18137466623858037
0.17253862508046744
0.17271805786966912
0.17369860300407783
0.17554880259890232
0.14694340847178178
0.16130059300817262
0.16190464368170296
0.16260453368412292
0.16697890617554279
0.15596281219135366
0.15559028691776716
0.15463139793955463
0.17496133054878132
0.1616471700187195
0.17114740913281715
0.16725778821422005
0.16422571425989727
0.16225529277198042
0.16047443469624423
0.15881044381902745
0.15649430713897583
0.15562075063128697
0.15481252951631372
0.15407392982358678
0.15651700988495046
0.15625727571468975
0.15624371135674284
0.15625017788637177
0.16378279953180105
0.16401681825346842
0.16395349686905292
0.1644793374816258
0.16717294592962492
0.16707046284970486
0.167093426892413
0.16737689233147013
0.17149575485416907
0.17498234766850074
0.17838804906647449
0.18306869448958354
0.2588848114170596
0.26323531580233694
0.26702893054343163
0.2705502360951993
0.27212113213762523
0.2738471245718376
0.276219927175436
0.27824005069048396
0.24719655786660755
0.2687639112870234
0.28348416172534724
0.3300264331105748
0.34228918883157744
0.297415046314599
0.29540590413017787
0.29658437249797126
0.324620697231302
0.3249619430436874
0.32520684772580993
0.32561960283920083
0.3219070326157469
0.32170408920402777
0.32122412039824244
0.3212374279148333
0.3273710117372052
0.3286370861590544
0.32796464211479637
0.3265428096682236
0.3461112840229504
0.36105214627364535
0.3605059274894107
0.3600369534725992
0.37288697121322223
0.3666065974928647
0.3633494160079499
0.3532109869260488
0.2318849656710244
0.22565338868318774
0.22162400484097636
0.21850018395693077
0.2141646120629249
0.21243103945407674
0.21204996947870206
0.21062769261152994
0.20874569244030128
0.20314833839457305
0.30863171892724317
0.30797410466152053
0.2724380398759326
0.28737748179460754
0.27675115649871085
0.27772641674817283
0.17949970121957462
0.17828162297747494
0.17698865997703625
0.176122125330267
0.16931068671919347
0.1684298654829813
0.1676648254437417
0.16696096923295997
0.14697708090664444
0.16109163509712332
0.16127755458971635
0.16148760572949922
0.16953793930010103
0.15613272450474988
0.1548512267096846
0.15315198229576366
0.17468738054119795
0.16219661402207552
0.17227726503576074
0.16898606769907087
0.16587255673128062
0.16449285354789564
0.1632958725046072
0.16223337401691715
0.1605242076613915
0.15885357506232164
0.15749367015242205
0.15614831970755885
0.15564296077376066
0.15352732066849709
0.1882278177116515
0.25509017862345
0.23034268137758168
0.22407400983452877
0.2620196782813768
0.23391774602099505
0.2561202105416209
0.19749737324767258
0.17840509756718728
0.17774852141199365
0.18054363466896026
0.18303636934704173
0.18624501311544706
0.18914585129017164
0.19179539348171704
0.19823919213290578
0.20369726383596418
0.20693817582897384
0.20181304232130537
0.2099282561426662
0.20773471099251448
0.20719198079419324
0.1828866644526552
0.28598280472731763
0.29163305630647635
0.29885944404525877
0.21725064125493126
0.1991231577833433
0.20012048436278537
0.20161476926399444
0.22866458540490484
0.23209316002233604
0.23361063200252727
0.23345020640739125
0.2329878814023026
0.23206364396004606
0.23108946471414155
0.23005760686390148
0.23036080353079086
0.2299805881081724
0.23034706949581407
0.2259839080970022
0.22773099447706407
0.22458639767010333
0.2209666830768706
0.21743428156559624
0.22068007740492684
0.21699741736334532
0.21400894563523395
0.21160815640962535
0.21386282397581208
0.21257262303108101
0.21138948672653116
0.33978946373174096
0.3301348556122264
0.33203094401684285
0.3320442681296945
0.3319618533004625
0.3193738033165036
0.3187835709358207
0.3180083408440289
0.31698868818091835
0.27734326264062037
0.2910866460093156
0.2820126320049691
0.28541942378201474
0.2608614528598817
0.261066361718397
0.19100309335523655
0.18835593169026385
0.17859889948078825
0.17646653828626205
0.17675954846352088
0.17356743120257362
0.152989952663416
0.16200040924577078
0.16290278373910985
0.16183703216908718
0.1777407758782662
0.16223792751935848
0.16112470781399446
0.1607047134407717
0.18065931557084497
0.17067386173778953
0.18015065995426147
0.17647527269327845
0.17241567947439934
0.16995862180344512
0.168211167154944
0.1657824006515159
0.16413619711826483
0.16403418647419313
0.1640385236423631
0.16410613311843986
0.1659100210346064
0.16621602970697458
0.16732234278112154
0.167083954970413
0.17328485056442308
0.1721658245220697
0.17065945092990997
0.16900873048466647
0.1723216489138882
0.17321997912835785
0.17342854371203884
0.17377459711611515
0.1763791825749226
0.17778033217989045
0.17961481022852416
0.18181035392320577
0.1823104061343552
0.18421606672143453
0.19420423163344264
0.23412207521254946
0.31658848368861164
0.323017169223461
0.32120935763833186
0.29008986290434197
0.2425217963219199
0.25869177298887996
0.26118722898628544
0.26644886620580577
0.21113130685545473
0.19607324462708658
0.1984575304992256
0.20195088548751358
0.22989603792428764
0.3183115424612328
0.3219720166569661
0.32696910461722817
0.32282489541403114
0.3258473785529951
0.323268987021106
0.32503989448849896
0.24148681198776453
0.23860261177597722
0.2369569777001933
0.23598474467352826
0.24722102051781802
0.2717640878968106
0.363722452898973
0.3638651241295099
0.3772545481565854
0.3717467631981831
0.36760598051911436
0.3638953230795219
0.3711675766579895
0.37085445330193567
0.3715565364042212
0.36793739512180246
0.3515562857120357
0.35026481244455454
0.34949578317886326
0.34880445854628234
0.33526357498841286
0.33474485439429885
0.3335419718039329
0.3325299339006927
0.2885852108574125
0.30446169428588143
0.29245710315854284
0.29366117796073116
0.2650026204529595
0.2645514156775425
0.2646322561234947
0.26429410212743515
0.23709163089453084
0.23529422576958672
0.23406779862072216
0.2329724632753585
0.20155001231156378
0.21240030525705536
0.21364569239070938
0.20901008337470034
0.21782981493649764
0.20465324308011446
0.20339084397905535
0.2018406976114778
0.18754389390099452
0.17502886699797038
0.18303398826103948
0.1782351331813601
0.1739950432022611
0.17238003425315115
0.16997448947856172
0.16798705885395918
0.1654443270159125
0.16435326310882062
0.1633612218674844
0.16244250054233567
0.16392292621585838
0.16332434993680028
0.16266269354234153
0.16200158100878415
0.16929328554022155
0.16927544923421353
0.16893752204470427
0.1686764124130106
0.24930771347786196
0.2520525721841402
0.25434092332754427
0.2568845419319887
0.262143928955631
0.266167658934191
0.26979997259141775
0.27434848412569746
0.27361042851923767
0.27589165241246294
0.2782569435784131
0.2807107543338633
0.2815326323693274
0.28396737534454697
0.2849001012983565
0.28462832420913237
0.24386880646713602
0.25909290740729163
0.2593667748441949
0.2641888614791113
0.2934186341777444
0.2822860204583216
0.2828212633404545
0.2851361845819558
0.31468514200931946
0.31568193712887566
0.3160045277473684
0.31497595111693494
0.3140701633418175
0.31290189939381746
0.31628217009165993
0.3185192346907934
0.3275856530435795
0.3311349464563941
0.32783851916597506
0.33148264958579304
0.342528906336635
0.3370644646284593
0.33255789643782185
0.33087512197959174
0.358775556785177
0.37961334769569904
0.37766300754225157
0.34119170555351513
0.34620006003635306
0.34480980457926547
0.342333541407831
0.34180710477986875
0.3272651165595787
0.3302201443363411
0.32980329868313113
0.32783795282485545
0.3158707519536674
0.3174365470589787
0.31605579838567827
0.21125180341285169
0.18300441280771254
0.1920153561927544
0.27603979528651973
0.28315539445412624
0.2544123811373561
0.2564175197416092
0.1831035750878513
0.18099678944925432
0.17310895902321663
0.17127092016417364
0.16988712228937797
0.16840952867764433
0.14691700965840207
0.16096550773164012
0.1611055341898965
0.16130791816609533
0.17144796885623814
0.15842976826289373
0.15739314753912007
0.1554927040745437
0.17647697948713098
0.16387554844362573
0.17358275184712826
0.16963047215383817
0.1670601881458687
0.16623698007360943
0.1659282804649721
0.1647040565663349
0.16311455736609654
0.1629175618684603
0.16271543159467036
0.16250641201970636
0.16328526753509445
0.16300734801720276
0.16235142309432465
0.16142310310945082
0.16757643833867045
0.16631719439339607
0.16472203917042366
0.16302540167634794
0.16872578965668839
0.17210486134557956
0.17499057816320596
0.1783740575549379
0.25981845175191626
0.2656070303143757
0.2701672530469486
0.27486729622426853
0.27592951947933625
0.27966537036154204
0.28278304813746613
0.2860609771620024
0.28672147519021257
0.288563513476703
0.28973234045495644
0.2910004576985126
0.25943695480998813
0.28314799327031825
0.37820787047635795
0.9810011000700936
0.9068194262426195
0.2947772836751989
0.2960303094189997
0.29788355569035013
0.3278896328278272
0.3268666916911909
0.32582410276542
0.32603423038324053
0.32379701430131685
0.3235688248303756
0.32311150416583184
0.32321752151765865
0.32994374944353755
0.3300299309388221
0.33016634289370084
0.3304999976525751
0.34259052763880443
0.34125570871829536
0.3399376824714151
0.3380956365454012
0.36131819800774845
0.23428123555942482
0.2264416592667936
0.2215184430799919
0.2269965989191464
0.22442533413401777
0.21825261061616136
0.21818288252434667
0.2112133444230925
0.3303116456157454
0.3617522376487284
0.33581360065806
0.3533918211803166
0.35973650306718785
0.2273302297648851
0.22061093467961057
0.18583305854578133
0.18744544938705762
0.18513940484755653
0.18735431673908015
0.18363443193635656
0.18317920419582392
0.1826398993403963
0.1820459176417548
0.1750783974645632
0.1738066533040766
0.17216855100559117
0.17049577391913517
0.14744645569553105
0.16060041583808918
0.1606460058593967
0.16097036279353039
0.17002080642991438
0.1558548429559473
0.15354773232489016
0.15072215580097437
0.1691913837782559
0.15661157089396174
0.16533531304886978
0.16089590085432412
0.1593327569085303
0.15886903347796422
0.15872310548573698
0.1587222753142411
0.15745846372284503
0.15750756678962974
0.1576047560688111
0.15814323727190857
0.1601104891426297
0.1602331971400224
0.16010983252317793
0.15988689560248856
0.1680683664421699
0.16913953970121795
0.1696696126728917
0.170482589003648
0.17315519164302973
0.1730602702222511
0.1731615291494414
0.17385906290530626
0.2545805014730057
0.2792335406353388
0.2674815332785172
0.270695205837065
0.3284775237534787
0.27781680883180365
0.2771889224451597
0.2781343352719506
0.27826367427526283
0.28026177168037736
0.28206917437944506
0.2829641323096588
0.2484754950230993
0.2681696002831869
0.27306580085124665
0.28009181281055995
0.298936775175365
0.28448694267912683
0.28707097683278265
0.2894583016025052
0.31707942973968084
0.3181432371370117
0.31905418799973884
0.3200271306906021
0.3167573942439928
0.31801431388260004
0.3178568948803007
0.317127822394142
0.3237425704506431
0.32537034617219823
0.32446823578073203
0.32360653462154065
0.23933455305424853
0.23350279213351427
0.22966637870887266
0.22376456749190635
0.2310593340728871
0.22550563483792382
0.21788554757271064
0.21248666126312055
0.34367119218372505
0.3481892210260748
0.35130912680549137
0.35459574425230284
0.34223900157173454
0.3392235643132387
0.3373292925301457
0.3364908574119412
0.3238976039128858
0.3235122496819715
0.3231279011695083
0.3232013484048526
0.28262678119873985
0.2942649175544254
0.2841088428933865
0.2864344818245929
0.2628710130417381
0.2632088198392176
0.2616894184210544
0.2614038187744933
0.18369387162840142
0.18093171498430807
0.17901728296376335
0.17801192961966653
0.15830581561240295
0.17135030254843142
0.16349531494864986
0.16149912937643077
0.17736466154881295
0.1634759588616602
0.16176796065477114
0.15982685828383197
0.21264375509969644
0.20184456767604592
0.21071130409174765
0.20719408058060543
0.17048563199989714
0.16781507808080587
0.16550505026042409
0.16330244360996612
0.1607473624179057
0.15968128194134537
0.15897803503387634
0.15855514582730013
0.16026681149425503
0.16072593716956218
0.16119291157194793
0.16158339298419833
0.17012486298379662
0.16893841864270004
0.16967942465919827
0.16751057482086837
0.17098241694438246
0.17186154694121183
0.17363439898091423
0.17520346487308325
0.17942533628018217
0.1831693485505684
0.2635754686379029
0.2696207479949652
0.2705741735367872
0.28435879777008294
0.32121668958298333
0.32764562851389945
0.3287800225046264
0.3319825643000683
0.3276309900177381
0.31676951714153595
0.320804312379645
0.2994630127514045
0.2866869273043621
0.28762016868328766
0.3142852395089597
0.2980319088239058
0.2989334861064629
0.3002652497060252
0.32436177333312183
0.32556552733634514
0.24673322359499866
0.24361367721280966
0.24188416681520547
0.24359967231579002
0.24156072340994708
0.2407157157587511
0.23801209506831572
0.2378292615175539
0.23806574546624001
0.23588988501823133
0.24190304405467367
0.24373776443715398
0.23784994450547772
0.33335823308761287
0.3587388074944182
0.3546817686844734
0.35023470189880385
0.347291794996166
0.3576814387002039
0.3571665588788074
0.35636018893859417
0.35601366309678284
0.22619174737060826
0.2213365778692973
0.2181342745632881
0.21542323091903479
0.31688249944882463
0.36639487623462524
0.36701808193664803
0.36473366662134227
0.2991760957639342
0.30163155082167703
0.2955769219137821
0.2966409652064986
0.2690349900413123
0.26784604122138334
0.19333605531075052
0.190178415301449
0.18087378211777333
0.17822691522667847
0.17506540178794763
0.1720073962123195
0.14723817165952377
0.16093575852789463
0.16111544371617878
0.16129942379804277
0.16947279540249074
0.15586378411306373
0.15371507733156858
0.15112833962940744
0.17238023008348802
0.16279117179685973
0.17376400897068034
0.17113839729050834
0.16839691206228913
0.16686814862535626
0.16546220565552675
0.16420069375610705
0.1610631448887718
0.15926176848016635
0.15751275910441687
0.15581957806038024
0.19402064131342572
0.1934882606340456
0.19283292010460085
0.19477567386570718
0.22151702488119526
0.22320193501441732
0.22429623624427175
0.22577376977383273
0.2512978135996691
0.25375078156282305
0.25604452658506033
0.258795845990995
0.2639969397307648
0.2679382689616094
0.27143459462887914
0.2775107402371708
0.2751746659393837
0.27741417122134693
0.2798607360909952
0.2828709426738784
0.28374625728634745
0.28576980834590476
0.2888747506843338
0.2900167949301345
0.2460833006048132
0.35448060423289673
0.8655652874797244
0.26967083994968427
0.2961504571714395
0.2834124228225581
0.28360692552272737
0.28915562953535656
0.31292354367289094
0.3148041186870997
0.31531363789033345
0.3150855868608319
0.3140221653673648
0.3176167308180053
0.32141921206095914
0.32517808489279854
0.3311516686803823
0.33120564587488593
0.33043394450486024
0.3288140804202908
0.3425007508769848
0.34009854113538124
0.3372151689961956
0.33610512855348323
0.35586186702693917
0.3484492346375557
0.3391493763885657
0.33294113589896746
0.3419881697027306
0.34350779175974483
0.33906221421855215
0.33798300512457213
0.3250648466794717
0.3252665241864108
0.32693991994601646
0.3256735618305182
0.31194821782719956
0.31433873254545086
0.3098211004280771
0.3061066040276516
0.2706051293981758
0.33790929313286067
0.33100131321108717
0.2790345538655358
0.24882365682371588
0.24566584316909118
0.24482235430118765
0.24429293457317994
0.16383616951758667
0.15943006804112603
0.15623060957944168
0.15331137361060795
0.148239921563703
0.16203115014595137
0.16191651300371288
0.1616219225694255
0.1654095124529273
0.15195971432410382
0.151018036542154
0.14969986849414682
0.17303603567066395
0.15777748840680686
0.16693901069230557
0.16309977662351485
0.1585013632287786
0.1556935356687712
0.1530363592455428
0.15049290131922483
0.14816420762584176
0.1473666367650918
0.14696533643236104
0.1468988091326054
0.14919998939034254
0.1501406673285207
0.15093986255741035
0.15162503423266407
0.15779489933101407
0.15629676209462104
0.15514194613767174
0.1528979459156682
0.15625089416509508
0.15647302614290207
0.15717906445659408
0.15825837170228696
0.16316364082341567
0.16799703925182582
0.17277556140760397
0.176515021763744
0.18224567661257907
0.188502523173182
0.19398986233982182
0.19902531338150953
0.27479139236167566
0.30758577411661553
0.20182797618129084
0.19832805460340078
0.16437685123448678
0.17638160552445137
0.17718314578617958
0.18223306768442868
0.19775716960307702
0.18102713733011155
0.1827531849375111
0.18346514994681623
0.2183884993331404
0.24215172234966395
0.308884921207922
0.3073080600866623
0.3074849527397069
0.3060282190930935
0.30172013824213867
0.2990214340015636
0.3041202132838121
0.3031158434557518
0.30193714885979006
0.3006751500085475
0.3139997150992883
0.3113792369387088
0.3082110951317223
0.30486908332038914
0.3285568274748096
0.32780551674661595
0.32424245113547384
0.32212352268121897
0.33256839108360225
0.33208700637177524
0.3313662419543624
0.33362014674440094
0.32515644532675186
0.3318841344132325
0.3314048137900691
0.3287321901202837
0.3139440093789839
0.3145193310060035
0.31226130201584756
0.3112140116545723
0.2744438504089201
0.28656525227916924
0.2776988340130626
0.2817685333513209
0.25862011860400697
0.26029296302349914
0.26278078136055605
0.25886072101631386
0.17913210161823218
0.1765916404527165
0.17506032454452086
0.17382134334774046
0.1496505763602168
0.16033712336525865
0.16178928275212995
0.16312327423075582
0.16478105677425064
0.15340085186384972
0.15437587054878119
0.1547402942295673
0.17314138919021704
0.15682991124635273
0.16243279044980358
0.15524580205862284
0.1518815395551407
0.15053259513543976
0.14999563600159643
0.1490012643199902
0.14674750210982682
0.14589173996131113
0.14509784486408261
0.1443955130499041
0.1434887984803834
0.14199090489886776
0.14145110962163843
0.14179022787901946
0.1447015760349366
0.14614693352535973
0.14773774578730975
0.1491419547322041
0.15260338876546073
0.1528324221503501
0.1524654410426782
0.1515536530915932
0.15655163846936093
0.16122477490822132
0.16497401518515364
0.16824199371200962
0.16695675669539192
0.16681430922037227
0.16594308274032157
0.1653882926883712
0.15951235761926888
0.15943352056746152
0.1591399380961193
0.15880075940125354
0.15387459750908772
0.17214195695949855
0.1723534464240392
0.17243804775997743
0.16923092672322407
0.15031542702555598
0.15042628775428024
0.15135894383790782
0.17298262604576994
0.15192929897119856
0.15796740016739055
0.15285048043932223
0.15418529851370022
0.15604145214502452
0.15741385775784872
0.15915558687478992
0.1552715518312551
0.1538057518861637
0.15194796664811544
0.15051323876666983
0.15484348042811744
0.1546419480394107
0.15397302793811746
0.15354133304534598
0.2741581646608677
0.27679522013724883
0.27870479108052854
0.28024744148815
0.2925321725712375
0.29368154517762013
0.29504976285770246
0.29574349703129227
0.2802502827821821
0.27681742360130396
0.2729462998436609
0.26875849375450045
0.25897457211131675
0.2619442124849224
0.2658692036517404
0.2715740451471411
0.25170561291562793
0.2526012485730904
0.24376008593637521
0.2476903374790582
0.22496926949947815
0.22655787191204718
0.22601073241601904
0.21880739629968596
0.15616027586812853
0.14830570137533805
0.14868143984808793
0.1489074166554414
0.15247374169930308
0.16734295845269545
0.16773286866278134
0.16793083814145476
0.16314126012578598
0.14959046543387722
0.1490634945446601
0.150453352972746
0.15480339202144286
0.1479057120169911
0.14592896483012932
0.14628991374416775
0.14513168815280356
0.14530565674014215
0.1454582983854449
0.14559960236186653
0.14443814715707323
0.14460766172680797
0.14477001024195946
0.14478454742202976
0.14399482131629648
0.14341476569662517
0.14291908910386875
0.14252120035022972
0.1443266205985583
0.14432119346224612
0.14430547878269734
0.14435673826331066
0.14678731147797433
0.14706975987026086
0.23300353786375058
0.2638691074106308
0.23633450083547133
0.23695597043492525
0.24068270665911082
0.2433188152085676
0.2429852758890768
0.24653031428100278
0.2499761889308116
0.25378169591267924
0.25525416978690885
0.25723028460469977
0.258254193314914
0.25930386912051573
0.22949388788713912
0.2405159744305385
0.24041983869763425
0.2419770546856836
0.2697810300416066
0.25523599130034624
0.25561021176580917
0.2569062427943091
0.284315085183198
0.27677035183510923
0.28689059624332297
0.2873841897245547
0.28370377485266185
0.28303985280251903
0.2826334440931295
0.2788167013058139
0.2842919612015512
0.2848287420326477
0.28286573130995996
0.2786978128550889
0.291057818951051
0.28898576416143734
0.2863481300738329
0.28418176356344355
0.1890022522891662
0.18151057651044045
0.17537225514870344
0.17109622479369918
0.17279161284950414
0.17400253320582057
0.3951746047236396
0.9970900140388369
0.9866010805563596
0.8991877965717555
0.30281023392623163
0.29965217450599746
0.2870447110166742
0.2869934699950994
0.28699022240194905
0.2875106933348662
0.2611661007650783
0.2651687869212741
0.25628516613678487
0.2597470169652721
0.23516102360842406
0.23533674448943254
0.2356054792266119
0.236657814096048
0.20901646133424057
0.20742739248274647
0.15097827095938643
0.14819779650613882
0.1491084395480481
0.16364198595727092
0.1641923123697558
0.16461454880695847
0.159819361672616
0.14584128716794276
0.14564147755188814
0.1455875765552234
0.16527070089110768
0.148591097586336
0.1583592901767076
0.15577580340857552
0.15279002210595244
0.15109429385907786
0.15008169799166554
0.14795559072606723
0.14661282270925705
0.1467340779426543
0.14689084068994582
0.14705207063508335
0.14668670349185525
0.1452734375752456
0.14338526315144684
0.1420741898488547
0.14705661559908564
0.14727884787927492
0.1550450964430255
0.18861007367443752
0.26724913162470104
0.32946585656692295
0.8332246222038743
0.23899235545270192
0.24278149619908435
0.24589639517753875
0.24924042755152223
0.25268449451690855
0.2511874464026838
0.253345126136887
0.2564107984412091
0.25899159119740983
0.25957040000949183
0.261048377278738
0.2619962446056332
0.2627497185282801
0.23133897320729513
0.24387624237465338
0.24461799552980493
0.24747772847988184
0.27793507878308404
0.26568957339320204
0.2649514295176878
0.2670174442056774
0.2924927569229463
0.2956980443396094
0.29531006687956707
0.2975628872617259
0.2943075462839948
0.29574325155129144
0.29581466606345175
0.21361019221390687
0.20734176596105158
0.20491305967983459
0.2027419148485771
0.20590946254084766
0.20542172893122074
0.20351577068747054
0.20161029822371412
0.19642131370495444
0.2032143510901509
0.19969525987391365
0.19763064605966787
0.194324278259345
0.19680395740605064
0.19457529974239204
0.18988934386252818
0.18998657508774297
0.18562625069079572
0.18434110321095132
0.18307659923090527
0.1825853424723121
0.17929495799732229
0.17815502497092867
0.17707151450530823
0.17601085465262245
0.16760490954646215
0.16820450797536116
0.2533874193971245
0.2580713500922447
0.23365769294550695
0.1616566131317651
0.15990893233707323
0.15868687650778152
0.15086797124591733
0.14910038576734025
0.1481072833224966
0.14841226633549076
0.15371085994757416
0.16787699357889158
0.16791938170636378
0.16779293945885423
0.16129863311730105
0.14733991812455172
0.1474358947922002
0.1482316704169377
0.15685078896608542
0.146112174759949
0.1445256529350079
0.14444986042033517
0.14337275739350594
0.1438240817305649
0.14418616574710036
0.1446127297318834
0.14343416817046162
0.14355662733517865
0.14366182607490285
0.14360868681766403
0.1434895008379108
0.14358498283878757
0.14370015095579866
0.14381852441340007
0.14548890512709103
0.14525212705790233
0.14499011908797055
0.144902564330068
0.14718792338068157
0.14715050663017903
0.1483617382213089
0.15189070016207504
0.1566311640461355
0.1570769805504413
0.16052581686082174
0.16254578776173872
0.2362910995227818
0.29935645975613406
0.25312339444549464
0.2445315433349062
0.24259387903894625
0.24165952720479264
0.2424948867806064
0.24361449184807774
0.22611332041009738
0.23920951563685428
0.23897953617436177
0.23828057161053207
0.2591162666780532
0.24468677663410957
0.24574803252990002
0.24865040610688452
0.26958024759933796
0.2660446144104799
0.27609272944399915
0.2747302621147724
0.2693901227164264
0.2692162195358736
0.2644781074352972
0.26099870115044144
0.276807561824956
0.3096038984810537
0.3079840701322448
0.2733354975626886
0.2827007259380761
0.2814651388102212
0.2780020548812155
0.27685989360793556
0.3009056188167668
0.2974768490827248
0.2958096957047322
0.2938952364148308
0.30553014871239775
0.3034644557852343
0.17750436187207147
0.17382450561698348
0.17234358986092913
0.17473845103127034
0.17223503351576033
0.16910064267007266
0.16379397192676087
0.16080642349388835
0.16094171754838116
0.15692120809369547
0.16458447063014778
0.15553856654225007
0.15645204583174865
0.15561189014452312
0.15326201796818975
0.15325031174621095
0.15332116011698915
0.15333910580888233
0.14987238138176262
0.15008761448210156
0.15015549238566933
0.1503592938453508
0.15434376333290326
0.16874969349405985
0.16909564924904885
0.1693013554623845
0.16260330098537154
0.1483207942611429
0.14837054387402943
0.14852583531625227
0.159493694057922
0.14415273929570968
0.14435481117678617
0.14487330874625365
0.1439400465416891
0.14422733898381798
0.1445938813295713
0.1449649835445818
0.14371342613042998
0.14375836857386362
0.14378829995621908
0.14381045152350255
0.14365179017778174
0.14359885188127564
0.14376756679701502
0.14390238853258586
0.14566079893805994
0.14550021017911102
0.14540445979563868
0.14533734139882723
0.14751476870112876
0.14726891426740915
0.21768882247026042
0.2217600738315445
0.22807429999856163
0.23359057179361142
0.23852209490939616
0.24277627832428245
0.24340798704467093
0.24641452272551176
0.24987338251553157
0.2536432540122992
0.2551093616765985
0.2571298734179112
0.2593241337319601
0.2600696026050916
0.32108216625811486
0.8341797480937903
0.24694553217304413
0.24711051991812402
0.2783072698635647
0.26414576455987193
0.2668189119586
0.26945223390834866
0.2944992514934562
0.29519950241468706
0.30026053143651354
0.2968319393394083
0.29586040247295964
0.29982140754599235
0.29623616286687193
0.2972666191208518
0.30062157021576585
0.29702677134551564
0.2968733786887741
0.2921268858537117
0.30441477311026727
0.3018539992795177
0.1991709219426131
0.19213300273030637
0.1944645341296331
0.19351448827441087
0.18725513881966882
0.18365578901310925
0.3185020409930179
0.31669476721084594
0.31771425090433403
0.3140981526941484
0.301893096049237
0.30216059095858216
0.3035852064697951
0.3048841480695573
0.2911481605871361
0.28866019646854635
0.28774514482640434
0.2869826484786387
0.2587754872438114
0.2623016257286449
0.25179803702938863
0.25346617815932143
0.22857880411553777
0.22856894993442248
0.22868733776842154
0.22880258772682255
0.20263267915063293
0.20065778250316177
0.19921614677054006
0.19811114195246093
0.15319661790771616
0.1677246094550551
0.16795584044818654
0.16777430730135842
0.16134556441536188
0.14777781937757817
0.14833163832374552
0.14907289106926175
0.15590974358073625
0.1466398385923868
0.1448680977078532
0.14543469841418616
0.144294610999632
0.1444391948258515
0.1445796467723158
0.14472592239705914
0.14447763836443683
0.14484651769766302
0.14515017409996087
0.14526664135628403
0.14543911986156324
0.14584208091745213
0.14628765113318049
0.14675875158803062
0.14832920304352096
0.14796061642144914
0.14755728993196682
0.14732426520822903
0.14960056727011978
0.149335724620099
0.2165407875939614
0.25837810798477084
0.22847100455308628
0.23120781426202547
0.2754436818156754
0.24580946052180982
0.2423592092193633
0.30259326189233543
0.1734071152494025
0.17074835924100268
0.16976229194454945
0.17045732370266597
0.24872052404036535
0.25140327634208903
0.2285223769073641
0.2408138952514259
0.24227530194047625
0.2445739732870573
0.2695157328649081
0.2569474326493491
0.25813514747328514
0.2623241289860497
0.28310299671753864
0.28695663586966436
0.2896103120501223
0.28988559424859767
0.28894995075725927
0.2916576257845914
0.2924305261430037
0.29257558844441034
0.29744524037807046
0.2961370236787392
0.2948117915413785
0.2934337579590064
0.30581666755961534
0.3149689365175256
0.2460196337807327
0.34749132432678725
0.3742933245918154
0.3688277330922495
0.3300036897213769
0.2001326851583115
0.1943426340633147
0.18917346868863152
0.18703660304194888
0.18277859210883357
0.1802173257334678
0.17892637106947715
0.29963564495804657
0.3069429149606329
0.29351037233893784
0.2912866086446572
0.29156366678065104
0.29191714856063644
0.26293285117154913
0.26557089770246467
0.25754333600239127
0.25940997982237496
0.1620802206858725
0.15719011271244612
0.1559687646008324
0.15515196329411848
0.149585931564894
0.14974771289519756
0.1498552706416182
0.15010010874199212
0.15070171585733663
0.16581199866637492
0.16668033374208938
0.16741135344040256
0.16047296298560496
0.1460004834275983
0.146096043582772
0.1461793187764795
0.16413368147316793
0.15161105460384294
0.15180840965451733
0.1483692291092567
0.1456395564556911
0.14414210796459576
0.14346480359812952
0.14297513526237787
0.14169074296437467
0.14184105417896486
0.14174772294071658
0.14197142104616287
0.1417230547169896
0.14188434271058484
0.14195008645224524
0.14213830133720987
0.1445765301051447
0.14518194755888336
0.1984898012871048
0.2015279289108318
0.22637888945890325
0.22802177669984133
0.22984048270886673
0.2319169199064493
0.238503482412082
0.1630823367057477
0.16652507560282023
0.16941430378237413
0.17051532491093574
0.17256067107245546
0.17474136986065067
0.17731854861147273
0.17747156887732612
0.1794334762455904
0.18337431295886772
0.18319347521366927
0.15630887482184355
0.1689642167052481
0.1687232771366582
0.24421430403943634
0.28929476828977724
0.26122520003439353
0.17833632263519994
0.17858921257972513
0.2880630698404484
0.29106881214719127
0.2945276369105928
0.29552143563532296
0.2939528386049402
0.29556195491444287
0.2947315788238476
0.29442971727039746
0.29823814041545793
0.2959605014686775
0.2963148654536455
0.29166831344996447
0.3036280752097096
0.19922613334463973
0.19295016996971415
0.1877899585386576
0.18924202228509454
0.18442851684956588
0.17914599694138297
0.18466099723400556
0.22264648027881334
0.3583730625895735
0.36667979188715927
0.3667350648738128
0.3225640606716399
0.3207529485282411
0.3178899525772825
0.3190384379770149
0.30445811434120945
0.3022636927692483
0.3003195019211373
0.29847916021266296
0.17179161462750844
0.1711410453471965
0.15833647266085416
0.15963465033973995
0.15724803565575265
0.15318408063845085
0.15336207926736753
0.1524437908788931
0.14840033557940557
0.14858685066176616
0.14824596820499372
0.14858335416052174
0.15208168429713786
0.16653742368673324
0.16704143160517698
0.16733846799524912
0.16207950031009843
0.14851170820858486
0.1488496365097615
0.14930759491717938
0.1580520508354047
0.1455115845690416
0.14479891159984237
0.14539366475941384
0.14373994807255377
0.1435972098336151
0.14324974554831119
0.14301761318677467
0.14183596968179832
0.14187243185010234
0.14206841580255275
0.1420178515290434
0.14186310315276304
0.14188266776409855
0.14192334814691518
0.14193971009523193
0.14462089217546312
0.14529252554134942
0.14582803103619413
0.14730420005996778
0.19839368452502468
0.26442235538347686
0.2569110415485748
0.2169178331620879
0.26087703401775303
0.23386625874180658
0.23391385564194914
0.29794104149052836
0.23972866610731716
0.23420762261593273
0.23346935364522392
0.15551492390834687
0.1557123139473564
0.15724856659609465
0.15803913955547366
0.1589372959620894
0.15494656478253468
0.17141753640717722
0.17085217615476392
0.17112703091876838
0.17131538011937247
0.15383772984495148
0.2335101082340521
0.23660189468400808
0.2690286537667439
0.2685666371154401
0.1825118899960812
0.1787013120785697
0.17590550246426154
0.17379682519515996
0.1713319412587619
0.16870488007338735
0.1649610598632614
0.16346929728702392
0.16172767687953346
0.1598206937905106
0.15990103026348007
0.15766674536820394
0.1565931366987174
0.15640790259363235
0.1590413925274538
0.15976261073583536
0.16063092349278366
0.16150051620936207
0.1639782500831143
0.1639567107754128
0.1639177791541815
0.16386276957695758
0.26101557504301776
0.26120470837623283
0.261841886499819
0.2628736726367834
0.2522733317459029
0.2531504613375164
0.25375058760205316
0.346657607465702
0.8328675882906829
0.2396921744685402
0.24203470320505394
0.24181615636705478
0.2193056455640837
0.21930904969281814
0.1560931883555625
0.1558887511463486
0.1518930310870875
0.15272991362957605
0.15285706922218853
0.15261572271651402
0.15917802553175478
0.1740805980569064
0.1746516207377334
0.1750769266764445
0.16839030629796242
0.15425898749337036
0.15418790470451935
0.15424987640459348
0.15260116717958272
0.14972305761887728
0.1495384767465697
0.15020889099777696
0.17582662604382696
0.17848227966821112
0.17511603361904798
0.15015475581701426
0.14860238856724228
0.1488196109069838
0.14901597834987157
0.14920961474423533
0.14915185166068717
0.1832154740073458
0.1835174688536492
0.18389940359054116
0.20198431399035008
0.2024742424154882
0.29207595647206525
0.7815783690823388
0.22346654431634194
0.2224389389647648
0.22142757988839884
0.2201233658369054
0.22110365521326486
0.22011400611495083
0.2198005702271136
0.22028766287506676
0.218500391298045
0.22123973047273715
0.22394458198788122
0.22764673429135573
0.2293086283958205
0.23243840274097202
0.23096233378301684
0.2310988758350661
0.2265792030728518
0.24396551910671943
0.24256722460133784
0.2412987160066453
0.2521973712573062
0.23608726876035388
0.23861288747070847
0.24187892154902757
0.26119080032372594
0.2609494009335952
0.259849512113592
0.2559326636731516
0.2543453234953842
0.2509181227613167
0.24881920448087705
0.24617047952874113
0.24963216390669252
0.24749243846389268
0.24555412810663182
0.24579051819826925
0.25774365261985877
0.2575669277997422
0.25497036277887547
0.2539521944876363
0.27850785370685927
0.27811614145113445
0.16109923073911253
0.163544947395967
0.20135961117627613
0.33548929139235006
0.3432626327562355
0.3485026254792072
0.3391499329829594
0.34438083766339345
0.34521648569918467
0.3387514423232087
0.29370979536421216
0.2860959660561781
0.2830687680482532
0.28194504297370937
0.25577169209303524
0.25219871476125927
0.2411502223175842
0.24233432722409937
0.1528387591271841
0.15337318954912546
0.15359355237332858
0.15325283976205603
0.15054015680085545
0.15105427955650133
0.1513906276296709
0.15181431719491442
0.1570857698305777
0.17171490860506453
0.17213708005109957
0.1723577282895193
0.16424720105258758
0.14967777199108667
0.14949394777698866
0.14948156021240597
0.15671518129329323
0.1450686688087148
0.14528355357791725
0.14590976718389298
0.14536077450564577
0.14612129369082352
0.1469904688335271
0.14793779815168276
0.14695738744174
0.14723479082449775
0.14748065718077333
0.14771185666651693
0.14789586321089798
0.14822631416320386
0.14875666432963683
0.14928174359563653
0.20003665683794958
0.19934507685543945
0.19878919331855804
0.19823204153402393
0.21892906280237623
0.21848932484798275
0.21804643823502837
0.21759928984309376
0.21835474276941585
0.21956927883605917
0.2219861942799563
0.2240388914571014
0.22270398742546205
0.22314497656344062
0.22549518815031758
0.22844014195393397
0.23005268309511434
0.2328107160689754
0.23451574590906707
0.23750950059961073
0.2266849376330177
0.24366546344671303
0.24203783492593686
0.2407738870541129
0.2543052636532818
0.23908948023400114
0.2505682268842643
0.2856550033828408
0.31087560385749546
0.2775271068761246
0.2724100274382774
0.2672675590848547
0.2632562996439778
0.2642093559550759
0.2604960827622835
0.2571848111748717
0.2594788528089876
0.25649507411412364
0.25174548897874494
0.2483411356381584
0.26199453256458627
0.261184142033137
0.26115840083120856
0.2627578861397623
0.28456083514674657
0.2831827843048898
0.2814895086341407
0.2793865543731314
0.29186663853922884
0.2936616488340897
0.29778699875259884
0.29700781405853494
0.2843016625946078
0.2844594265350781
0.28723764690630504
0.2893228081244748
0.27514629720019823
0.2765676412310519
0.27591505717546533
0.2747086056726974
0.2529469357599756
0.2526482398055944
0.2423992005915819
0.24433046848195214
0.21972777916010175
0.2613409258179702
0.15381717747296542
0.1523412077332654
0.14897815214472904
0.14941701830838272
0.14974331135705934
0.14994336146556114
0.15603509302269283
0.17088323085205256
0.1714843777515291
0.1718602932266349
0.1643542407069885
0.15022462578826598
0.15023634963707128
0.1502771281462125
0.1568711145978513
0.14606660350209585
0.14609388173002502
0.1467976940924818
0.14545241391190292
0.14537348730544591
0.14527386364712402
0.14507832963756748
0.173279923257546
0.17328338597778883
0.17332465332877456
0.17337691059668595
0.17740738696691047
0.17753621476864542
0.17773055300373844
0.17782875409672633
0.19509622151427616
0.19483241077837238
0.19451108824449406
0.19465526573850517
0.21717025064640164
0.21844168791791757
0.14732566051560195
0.14736784226969307
0.14873233498424965
0.14947363290462395
0.15011020608723125
0.15051647066366267
0.1504671857468574
0.15055854575327873
0.22532424322968625
0.22827427273205383
0.23007420008055482
0.23244677700166824
0.2362109712603454
0.23620617482358244
0.22621656270322332
0.24272704058643435
0.17344518135565476
0.24209951973684085
0.2548760500121341
0.23993008732942608
0.2424975750126753
0.2446943694843802
0.2672003514428798
0.269863688284008
0.27310080790698305
0.27548519809908717
0.2720325651726301
0.2749866049715526
0.27199886948151164
0.27133469120599746
0.27951190596907877
0.188628882895065
0.18726185951865687
0.18649445696140823
0.18844643556065013
0.18649392382880692
0.281969052755492
0.27765835531782385
0.32387203471622045
0.300686316844518
0.29168738541469696
0.3437750098805117
0.3561713004867766
0.3019088490364911
0.29563559822478597
0.3447369187752799
0.28660912619173384
0.28176586810200677
0.28064085021741214
0.2799949368718461
0.26805165167889616
0.26903181418364797
0.26939466048627625
0.26984183014064744
0.16503521152929096
0.1556118807702187
0.1570646288105484
0.1571916744387817
0.15486387796579434
0.1548391528393235
0.15438771524038788
0.15497897628331173
0.15120861231851362
0.15102236053380905
0.15031308339547825
0.14983271621643007
0.15513199732298655
0.16974406206051923
0.1699230508175672
0.1700842451240678
0.16328484720407127
0.14922305833939928
0.14926293922747932
0.1494798630066779
0.15746349319801609
0.1454471654406716
0.14468349822521565
0.14505231815478478
0.14398202463217177
0.1441346820591771
0.14428215661167013
0.14442021050397444
0.14341023959729768
0.143755903631656
0.14397858627034016
0.14435761304227732
0.14432000030111272
0.1445171584124725
0.14473140073708043
0.1449494413187421
0.14728372009576268
0.14770630401762586
0.14828809545685726
0.14891239756249186
0.15103703410356958
0.1504824128149765
0.21761775449501883
0.21664130941762041
0.21867776178547768
0.219129808444269
0.22004528746706759
0.2636072043512514
0.24259143055019342
0.22090433127012163
0.22344911358267142
0.22831290400028248
0.22938093555497943
0.23104037143003942
0.2318294316042066
0.23157421360879415
0.22556540151330806
0.24254139561523191
0.2424260721022014
0.17323796163701807
0.17090399876580342
0.15264700627821548
0.15360675610179728
0.15404422804620538
0.17345339675717913
0.15959010771101884
0.16503875983420543
0.1615038078068617
0.16134558754713269
0.15865354524729722
0.15998578483423237
0.1624658116272683
0.15637354152241253
0.1536134045216818
0.2374178864745587
0.2366249135425693
0.24995428503084655
0.2495267212368398
0.24825166470787224
0.25273535100250116
0.30167358933474886
0.2694025336468906
0.2650552147353407
0.26542197122890293
0.273258678878718
0.2734110872426288
0.27385593435413846
0.2748381977749054
0.2623209040419811
0.26401553330381217
0.26230100318354593
0.2664369498456658
0.25300408116863937
0.25583020231581743
0.2591057262919883
0.26477653054550976
0.25101460486495547
0.24700517324666044
0.24018760623937851
0.24078165300409254
0.21665167161802418
0.21696548307229632
0.21678546322113157
0.21694127945459743
0.19742812292591838
0.1975817503410263
0.1982927072838252
0.1985601361087591
0.19942794226769373
0.2144132830184402
0.21507173575224936
0.21548473049577518
0.19977643392283292
0.18524803357427036
0.18473379476717072
0.18463864591191503
0.1857260042359577
0.14655222502954518
0.14686394517086385
0.147664143752693
0.14679135643814434
0.14719108893687857
0.14745213591994444
0.1472642483843996
0.1465758150469031
0.14673903998800755
0.14669104383721596
0.14678799683891186
0.14666997898849668
0.14681248762607318
0.14697987973772678
0.14715474745256135
0.14908695916067788
0.14901593448231937
0.14908911586614298
0.1491269695995148
0.15127191366037038
0.15079403317264595
0.3066810733307471
0.8950547433628772
0.9037591376256255
0.8165334447964666
0.2241486225290786
0.22461860996862235
0.22193305345646014
0.22261696740689202
0.22304905211782147
0.2236795700900539
0.22448299577810765
0.2259517715952302
0.22695947223926013
0.22722118569302055
0.226942423135438
0.24475576799140367
0.24362009779367697
0.24314442067068712
0.24973707359718153
0.23531680708874456
0.23712810541680637
0.23747076552400756
0.2615147112782691
0.2621704167034164
0.26642520783890583
0.2684912628994399
0.265240291620969
0.2644916473254039
0.2627175807119381
0.2603453114701669
0.2639290587801408
0.26230168395188413
0.2579408594803363
0.16446141837744543
0.1663150075898915
0.16381647560753076
0.16162627740332203
0.15978620332262689
0.16227326212286347
0.16069412452210968
0.1588910891118184
0.15952951446185798
0.27654974666954296
0.2780542642950563
0.279293615794879
0.2819310252410684
0.2693050275610248
0.27322509635045744
0.27494008442292733
0.2766823958194285
0.2649357365641727
0.2650735084844572
0.26502357658616277
0.26517174984303415
0.25442661583544307
0.2769693855628013
0.24115275500330563
0.24201159885043286
0.22034740145732318
0.2234216049097965
0.21728790117638533
0.1540959199318583
0.15116573081022383
0.1516471548475514
0.15214085350362358
0.151880801140058
0.1582124230501741
0.1734467735603422
0.1744523526597603
0.1752632194653761
0.1666823929342654
0.1521288986425083
0.15185574422590736
0.1517714954515312
0.15476677787041196
0.1477150302722806
0.14820969041216017
0.14917007428089804
0.14820854796070065
0.14837652312668864
0.14873671847815267
0.1490808747017016
0.1470674615244751
0.1470868938337862
0.14715905774494514
0.14725097165529658
0.14666330730832308
0.14639115149153756
0.1461309890750788
0.14587531856117086
0.14755897098925122
0.14735810375290495
0.1472294926596753
0.14705519778185241
0.1491294383059147
0.14879779582822045
0.1478390727043034
0.17279774206311083
0.22404893516008392
0.2235121951277847
0.22287723404987947
0.22221274077597522
0.22078991537313933
0.22311825427534723
0.22618826096437672
0.22937465767816403
0.23110381232567642
0.23419382784935555
0.2363077659343231
0.23903590022671714
0.22563586262027616
0.24100309033955603
0.24099049845370119
0.24049243146646265
0.2567923219980959
0.2441477743343292
0.16500147057092143
0.16501096045175978
0.18653092711113484
0.18388350936717496
0.17484987196292406
0.16614851062406652
0.16528107836663763
0.1682338166624988
0.1652163776358557
0.16452770898635846
0.16418745762008502
0.2516265190649839
0.2508389296797445
0.2483334515495888
0.2606322102282822
0.2596418034754179
0.25859115417420103
0.2574698570588754
0.2843682498333618
0.28500318938107433
0.2854896648551638
0.2856552740963166
0.2937475940014065
0.29061961551249516
0.2869483422848944
0.19553123487737928
0.15816862091405598
0.16005883945219213
0.19435914933066314
0.3216091449320156
0.3117719473969516
0.28022087280647473
0.2768835873094064
0.27635347505657637
0.2532092898545481
0.2534715359659466
0.24374242025487136
0.24654293824760942
0.15203071509031169
0.15218377701671873
0.15258086477890204
0.15263832722978815
0.14929367190848444
0.14958410585596985
0.1496691573744218
0.14994382438473902
0.1554856617272998
0.17000835858751293
0.17083772096671257
0.17115518174925576
0.16373396867784223
0.14880105149400677
0.1496163742103704
0.14994373026915558
0.15694421872910408
0.14543604751921452
0.14558108301384978
0.14618780601711823
0.1452451752179837
0.1455619406408121
0.14584471512611732
0.1462518789650278
0.14503950043940175
0.1451244345621481
0.14519231143558273
0.1452506367188119
0.14515583619295286
0.1451911424869677
0.14540027738361538
0.14559990036740797
0.14757981437000037
0.14767306389739845
0.14784843838834205
0.147983616405528
0.15006541100536436
0.14952260109332496
0.14893119929408172
0.14829628359771635
0.1490783747665199
0.1515368564870675
0.15510184239241578
0.15950459853601948
0.16119682262688137
0.16337503101826556
0.1653954670997517
0.16764251106454378
0.16777092203346758
0.16875889917462505
0.1693895040382479
0.17020157669347563
0.15534436786380607
0.17122843728493117
0.1715507020991081
0.17094200283452482
0.17678605107621287
0.16049435225513395
0.1616963708921142
0.16261623826709437
0.18712603131918576
0.18225900954997482
0.18293572579202313
0.18102999756759014
0.18061684846476628
0.1798251161786518
0.26188295904320347
0.2627732019234714
0.2674235905754411
0.265974157580226
0.2642402913999375
0.26222386395195296
0.27523640518147247
0.27325633339414607
0.2712577851090594
0.26846167048783737
0.29356881125176865
0.29311349570290046
0.29259760978708643
0.29180717754674407
0.30047255350879987
0.29966900681418146
0.2960641775169702
0.2969275080000972
0.28241468223935806
0.2823164733718906
0.28040003480796677
0.2791900559079314
0.26674940096781175
0.2744705065852334
0.28017079041819576
0.2840220750517138
0.2536378121988879
0.2540902731285642
0.24700645321255935
0.25151274665211404
0.22350488205222607
0.2256867026064788
0.2251776894203657
0.22739405813803057
0.20093812549047307
0.20079836781778565
0.20638333980938214
0.2059152028213324
0.1520937727232478
0.16628959310871377
0.16689770262758907
0.16733866442855683
0.16078873140482283
0.14645470744216482
0.1461459543466847
0.14581803259076884
0.16481771813466944
0.14537087886865152
0.15386520880114676
0.15133892498413926
0.1495411183960281
0.14744519407992782
0.14579175099883834
0.14478739252476447
0.143146918907657
0.1426987766418319
0.14260004864294998
0.1425429358923105
0.14344953326796936
0.1437476480356992
0.14377041578016772
0.14389949100326796
0.14936482679020543
0.1491921175851671
0.1461504534741527
0.19820868696843272
0.2581116200020796
0.2224478412495347
0.21761922998822286
0.21577156614873172
0.21790652271693992
0.2193972344876379
0.2209933864063826
0.22879036930885466
0.22571809872772838
0.22462901030433588
0.22342718013273463
0.22248546224998805
0.22405123994651016
0.22693910513830556
0.2286919548108519
0.22821620523196331
0.22567891796247846
0.24336308910349938
0.24344981107308752
0.24304025493089876
0.24607701115912747
0.23113902833174407
0.23097977584154464
0.23046617049572465
0.24793201458672406
0.24091655146024987
0.252085270262346
0.2509084456089781
0.2468734126311092
0.24603945468584118
0.2443051816500136
0.24215588057064522
0.247864111680942
0.2468203331920027
0.24580909886841396
0.24466820212776622
0.25804418216646174
0.2566303153896583
0.25594551192398224
0.2534977442798725
0.27598851465934493
0.2733696327582237
0.2731931878856591
0.2697417216630186
0.2810891588723817
0.28096726103795094
0.28298692137569714
0.28399919993588185
0.2782488901893801
0.2810188101019667
0.28600091897388774
0.2889688227727316
0.27277564091452505
0.27215132238285544
0.27326846979893427
0.27157260598507976
0.16525601876114288
0.15484571302293887
0.15742221398254813
0.15738944355081294
0.15538180179168257
0.15555628262146337
0.1555056641084526
0.15564512311402245
0.1521161494545775
0.15195664635702646
0.15230321773405384
0.15231955094453462
0.15628763563081954
0.17055613729756872
0.17071782826098753
0.17071982989153142
0.16407663775149306
0.14991032771077342
0.14972528296742418
0.14961689828113733
0.15773019588761958
0.14633123823697522
0.14667890899362862
0.1479039128563511
0.14637202514135797
0.14600682510014518
0.14562112438926259
0.1450908186443652
0.14411428106802684
0.14451233981772943
0.14494746269766373
0.1454052145051203
0.14568192839012556
0.14623562663295578
0.14670910071517843
0.147343988677976
0.14821530268217617
0.14711188781200815
0.14617319706923063
0.14533627747013314
0.1484656319288201
0.17504675881347923
0.22267720163456642
0.22236958775870244
0.22712764250653333
0.23085779856137917
0.2427117875574161
0.2713023425734466
0.24204132375066997
0.24092111403293237
0.33229593508921906
0.8378499316171988
0.24500924929383822
0.24433178713554793
0.24441088994402677
0.24550999231860024
0.22612544283812594
0.23997462956146293
0.2395364730556134
0.2412776936226885
0.264986965219351
0.2528696259568788
0.1730744577693781
0.17307842066975918
0.1933616462856161
0.2760063851850045
0.19985597777314953
0.19973172524479033
0.19402978869194396
0.1953920984046538
0.1936713438722555
0.1918436852853642
0.18876202207956047
0.18923670171384427
0.18756382463934299
0.18878444282980925
0.18968533991742012
0.18627974974724237
0.18245128315920434
0.17849654246210003
0.1834610591475523
0.17543139941227143
0.16946554177492298
0.16440961245450472
0.16762277309384443
0.16733953544010108
0.3022027390354024
0.3397400203164688
0.32804980438421333
0.2979922703090564
0.293830523778184
0.29247743859783465
0.27975423132920246
0.2793335536558658
0.31740892597483794
0.35742247139591593
0.25821317214938216
0.2567943020843314
0.27458970922890913
0.24983360175512787
0.2228461190829138
0.2001481360136153
0.15498412147999913
0.15206112525413493
0.1481150962131299
0.1486975065525213
0.14920720919278857
0.14962654991660318
0.1556626788510775
0.17127500728545728
0.17197823596206793
0.1728050559148661
0.1650464990092617
0.1508735193556137
0.15087039390839854
0.15104462348051662
0.15475834489099202
0.14619048473918686
0.1459281931144161
0.14598355845069527
0.14505463381142272
0.14542850948152478
0.14583675998798695
0.14627636527732693
0.1450908847127873
0.14520098184281066
0.1452909703365997
0.14453487347752564
0.14418601699092043
0.14410369882053617
0.14405861815526227
0.14402960143898869
0.14568271599934782
0.14542287781304183
0.1451280846782578
0.1449338075807
0.14720713656970652
0.14743644444860765
0.21898196154157032
0.28196448392901
0.2369719449659557
0.22853394410338185
0.22857359220883527
0.2295010086779367
0.14888244169939346
0.1484443103219678
0.1486665422395371
0.1487983400612017
0.1479977596847533
0.14837986097163022
0.14905314262317193
0.1499552356352575
0.22490252940210825
0.2382713111310663
0.24083962543399198
0.2403540240432168
0.29444705365713175
0.23709546112514018
0.23591398293204868
0.25498981863634224
0.25483008434005355
0.28504915381068985
0.26612306188704415
0.25639386056365615
0.27600918992188755
0.25632555971856563
0.28043757679637893
0.2559623317626171
0.2619561021722444
0.2835136470790155
0.26185910894351266
0.25878123698779965
0.27252444155911887
0.2716648429489738
0.27313892796405453
0.3629788047460411
0.8951973509775695
0.3015349812868932
0.3011156949969549
0.3018807821642431
0.31420105957488076
0.31413427089739704
0.31105719322325354
0.31113460065840565
0.29716455208195186
0.2978391852365984
0.2955263966848487
0.2948289572372865
0.2816684819826527
0.2807501096082212
0.28051389465674215
0.27970889470065835
0.25469403034878607
0.259580746597011
0.2500543967897439
0.249751393660706
0.22298079028549297
0.22233479196229025
0.22350607726115915
0.2186788658869033
0.19634552616395906
0.19624060690179912
0.19629586203231034
0.19649691141259243
0.17850982077378275
0.19458946090559398
0.18125901132837277
0.18151746222725662
0.17637402594037666
0.16261052546774188
0.16263494725497146
0.16259786376568933
0.1784895928200845
0.16392746679596332
0.16223056093520538
0.15981263185039168
0.1575783660687697
0.15744300829062413
0.15765773023849747
0.158049276979333
0.1563836345532942
0.15657963135259123
0.15670961217540946
0.15639492059168142
0.1561356730480716
0.1561522907441001
0.15624502043118102
0.15642910373763186
0.15949636241756024
0.15967724305825873
0.1596767935822309
0.1596536438834011
0.16397706414645324
0.1628903680215511
0.16288556839670396
0.16271940759837272
0.2114999111671747
0.2431448555822781
0.21163410860427784
0.21026218843152764
0.2055595051350497
0.20429217459434137
0.20328959865121551
0.20525613093028441
0.20380001728491373
0.2046773655762507
0.20596468846255347
0.20845195291152596
0.20596680012326168
0.22394034579019903
0.22371823343797712
0.22337522702327522
0.22962136979044304
0.21506586506993514
0.2206128203056305
0.22200137222991323
0.2488476745181308
0.23945361056276782
0.25482215827454296
0.2526014981124927
0.2500459629661779
0.2533296379332684
0.24985250257998629
0.2495308874622715
0.25014691261463673
0.2471065877670903
0.24305922030483243
0.2412161780670578
0.2556694757679929
0.25579531274781775
0.2553344625435566
0.2538714893861776
0.2758212693771048
0.27521231657007544
0.2712159760837505
0.26822052172946675
0.2779397151191078
0.2776639475989019
0.2742030202369347
0.273660462182417
0.26040466754460134
0.25925073238862845
0.2581641266091438
0.2570656284007049
0.24601732237724383
0.24517452701611653
0.24435574854511644
0.2402962064244993
0.23074498325291734
0.2219883751846894
0.22233069979208475
0.2215127703484529
0.17219540908954178
0.17209257123931165
0.1725270899112883
0.17212897405716301
0.1670970411882883
0.16680822854370536
0.16744365201508102
0.16760473769102427
0.1707509881926435
0.1839359091730341
0.1846083914805351
0.184653651563627
0.17771044823370394
0.1636319922484362
0.16360877966286508
0.16373159429878203
0.17644588258615843
0.1597346747698569
0.1602063064868124
0.15927820472556573
0.15739203819258143
0.15741137032986185
0.1576210148732577
0.15779463641489444
0.16014475138659565
0.16031126622395897
0.16023890826907858
0.16046734313145042
0.16359662952927298
0.20322932198698354
0.16483475103120324
0.1650842413292982
0.1802016834867325
0.17937339231077853
0.1797032836403121
0.17930631345045261
0.19841704153695872
0.19896370207647307
0.16326744810766608
0.16313149653277087
0.16439999470099187
0.16446249074144081
0.29833514046382553
0.809172360825781
0.21258015525990306
0.20827372218083948
0.2088652946911241
0.21138301497181913
0.21352178174569572
0.2121349276103204
0.21344477427443959
0.21430214345713777
0.20628440362618522
0.22330294497564418
0.2229831766056398
0.22245001126935565
0.185503533075673
0.16684772278144783
0.1668789185916714
0.1672504319957335
0.18186195837132305
0.1736502224751267
0.22517659316428196
0.2195297644788846
0.2282502243961934
0.2347663159053456
0.23459640184182462
0.23447573781834333
0.23716674527729897
0.2360600032760126
0.23485648962476613
0.23280964296213055
0.24497646615300253
0.24278754140167258
0.2359913246107987
0.23319356980047548
0.25526196178143334
0.2610247874560328
0.2589962006650426
0.254707141451798
0.26842534480520946
0.2710629499798609
0.2732049073045907
0.27487904822444753
0.26518690123038174
0.2651285405633424
0.2671447750176649
0.18743324692784563
0.1811452581950374
0.17733947285322937
0.17466402331273906
0.17480440233631125
0.18123501935533795
0.2224200053576987
0.17562453171319908
0.17549175213955495
0.1719417345244949
0.17219780674454463
0.17221373337081697
0.17211258627522644
0.16658082924723133
0.16640312319560996
0.16669448114017787
0.1666454519748402
0.1715761188763009
0.18643424526332736
0.18711969053246583
0.1875376110562643
0.1798311060368774
0.16580542135458445
0.16591769392248357
0.16620979639534095
0.17162095758877738
0.16107816881098522
0.16112153892179665
0.16154852110862777
0.1601171593470633
0.16025139824550128
0.16036619680997918
0.1604698404582944
0.15883713507582178
0.15892454659038452
0.1590064375291346
0.15891391814906775
0.15888884022780034
0.15909279243839278
0.15933617859053786
0.15960481593057052
0.16222181266736624
0.16214894857978693
0.18880292531137866
0.2766916135123698
0.21018134304902852
0.19875885085862416
0.24930750555977027
0.20213014211273533
0.20669536639952582
0.25023529321533955
0.21303082499711573
0.21260043143750745
0.24574441631312632
0.21577754354636824
0.21443199033015023
0.2830989692892524
0.2380368113573103
0.22012227839399146
0.21928476889422283
0.26952561549101883
0.20725564090205043
0.22320253265643347
0.24041010547549954
0.22109043237840317
0.2389909741577701
0.24648116446529478
0.20943571612478487
0.20758500033759952
0.2347842517868464
0.22721720737974227
0.24092681827906637
0.24217450863342313
0.23879605750239485
0.23673052969529784
0.23413333909699127
0.2306770758073989
0.23565446253106392
0.2365681991363473
0.23771967647761838
0.23878699609928225
0.2522272821018231
0.2509732130796335
0.24865616928823264
0.2466688355640075
0.19088129644636107
0.1853338679439426
0.3509183851286469
0.8545219636313847
0.27349104710264893
0.27382880896480766
0.27120067017420796
0.27124341772965144
0.26028467713441306
0.26045186427178973
0.2605195341714293
0.2620886241482899
0.2539619524013605
0.25166319774858364
0.250230773028016
0.24920416266273449
0.232885571282908
0.22948879533167013
0.22175072036367705
0.22626286352185762
0.20079314471956222
0.20112921801121367
0.20118941992958778
0.20110972342161273
0.1838570133849815
0.1835748679982335
0.18376442388761538
0.18361951797271603
0.18453317037946626
0.1994725819785717
0.20024077791075626
0.20075156376780112
0.18569203444840865
0.17117563273393208
0.17141709384912876
0.1713501944700174
0.1788114096798298
0.1645202930402972
0.1651225729114521
0.16147884113166475
0.16004560943451976
0.1602686289777101
0.16046829779538194
0.1606439878906202
0.15909371197764655
0.15925506293536082
0.1594053823636784
0.1595493689592695
0.15928956449166237
0.15943798378676854
0.1595875299101417
0.15974512289155293
0.16269318961120344
0.16299425382002608
0.1633491046856464
0.16360388359161815
0.1660515690833683
0.16502398148526568
0.16394337346000254
0.16397065523529727
0.2050930162174865
0.3006013394881045
0.9017956175629696
0.8148243811370172
0.21758707543735126
0.2177152810595785
0.21988643262113194
0.22267011288173655
0.26516334426655513
0.22772128016462895
0.24786926576961504
0.28204596689244477
0.20757460451541782
0.2226445863597792
0.2209131365993211
0.23726848979353557
0.2904978111517784
0.2827888784604202
0.2826363888197956
0.24909717768885994
0.2736520880163736
0.27593789758702014
0.2731587697211806
0.2718827944237599
0.2691703205882454
0.27262848245345755
0.2714965873961927
0.26975119361475314
0.2694646465117985
0.2142694199100008
0.2143539785967139
0.26408465028838524
0.27788634697801357
0.27651393987568645
0.2740142170330191
0.27138981560561726
0.2965706645366996
0.29281488621113444
0.29853603608819385
0.3343733039933535
0.3424654615416054
0.3065500895458794
0.2986400975311499
0.2934394569399893
0.28042870882930376
0.2796371748472993
0.2785512986617389
0.27745489927642075
0.26608011132790016
0.2648734957025626
0.26371534884048875
0.2640750170789525
0.23796117517319235
0.24086644659097636
0.23350478982007203
0.23373502603029747
0.1732957971234703
0.17403478573172626
0.1756712261370179
0.17106694610149065
0.16439342349648212
0.1645244165384137
0.16474307173454755
0.16489010758976452
0.16992665474544985
0.1842727801191276
0.1843671952354971
0.18424503077597645
0.17732959395513873
0.1633519664310912
0.16348431778400657
0.16363422606390474
0.17251320761710207
0.15969548858056445
0.15974453837204197
0.16062178719220407
0.15926077585904375
0.15958195465995142
0.15984962490756752
0.16001591629670617
0.15840368876088404
0.1585068383374638
0.15860446939827869
0.1587014450297112
0.15836369110151424
0.15825582590328277
0.1581651914458119
0.1579288139403846
0.1608884628155449
0.16120119876344247
0.18107419614652678
0.18127902403789575
0.19854067103382947
0.2878075573997043
0.8845462807710034
0.8000147294433476
0.20876559673842002
0.20937662236784113
0.21102525586264467
0.21203708532799703
0.21245396890435056
0.2168898491916053
0.22101897924761757
0.22553767480884132
0.22570803726387617
0.2276796703607193
0.22945019098786626
0.2305498383062692
0.20894136246870734
0.22094664712332446
0.22047111839591732
0.22134322660625563
0.24827050593144975
0.26666103871175834
0.2432099477320641
0.2631970130306245
0.26664834311326985
0.26450334849555485
0.26527092926235335
0.2716120575437925
0.26929020143552584
0.267891893055531
0.2682110365130514
0.267474537653711
0.27006704598403
0.2696336072003338
0.2692917234082805
0.27290704605798016
0.288624806129095
0.2821932271881536
0.2790019013317716
0.27974636016147275
0.29996822612929525
0.2968930273987182
0.29601995114851876
0.2940641708348549
0.30144945134686113
0.3007336537490377
0.30060339342374015
0.2244179870457689
0.25326694900110996
0.33627059323501873
0.34343437060770765
0.3503504526067952
0.34135687134969495
0.34355061431045797
0.3445437154828116
0.340756385748271
0.26512755573458935
0.2672342519128187
0.2531381313367325
0.25266148049190784
0.2293425960512534
0.2256557364583728
0.223716470277411
0.22206864066099782
0.19841865971468597
0.2268553025229949
0.19874898884224246
0.17348234509372676
0.16629278447631107
0.18120552724879638
0.182089848360722
0.1828239633565617
0.17570960524456503
0.16150149889809365
0.16160013930704936
0.16137948486375334
0.18298131131146647
0.16384225825399493
0.17207252166842468
0.16724417038526473
0.16343781420359513
0.16183909807902175
0.16073314757784773
0.15987071577050743
0.15716517321114884
0.15679530532328811
0.15637401199470946
0.15601696719319208
0.15671368743284012
0.1570610040807144
0.15748447170720387
0.1578406316563977
0.18750590251538923
0.23707417259460165
0.19224196942020025
0.18725683233060553
0.24966143345287561
0.21318371590566654
0.21088093462910448
0.25781168828976764
0.22179054689304217
0.22144304508872606
0.2915519569800919
0.25815240736410633
0.232757174403887
0.2729416143657009
0.24240453100851508
0.24495394293087205
0.27047233716849944
0.24788198817655865
0.24763898770807172
0.2477566576672763
0.21274380336549362
0.22283156804531373
0.2234105431246595
0.2264541560202898
0.2620481593370028
0.24347742708691641
0.24509047533127343
0.24666724654005118
0.27570999080025027
0.2773519712668534
0.2800658354520535
0.2822841842808487
0.2794569612975779
0.2802223679134238
0.2855544640658123
0.2801990040533697
0.2822937800271173
0.28155420808329173
0.2906075910756941
0.3150247646559141
0.303940582099299
0.2982553980744131
0.2969043623267699
0.2943273108603895
0.3151547273767813
0.31266274449368014
0.31963700661236955
0.35451778730993166
0.365759233830136
0.36511348975069674
0.2535342111993499
0.23884137295801675
0.23239233398266168
0.3038336556931498
0.3067794514081455
0.3046086790570877
0.2923641231026361
0.29083678057558865
0.2895212035776826
0.28957628000686847
0.25232504148356744
0.26411291342702103
0.2546645360189475
0.2620059156247564
0.23640030436856377
0.23337535265030163
0.23223696225531756
0.23128965406264068
0.20954785293302206
0.2061699456741384
0.20457355505852726
0.20320772871525453
0.17757119524992254
0.19188737356921906
0.1921509760895129
0.19184750239574824
0.19184705553734524
0.17714193693678534
0.1766914626667475
0.1759430462752336
0.1904994328812711
0.18049645843773907
0.18393153025868683
0.18043211078505417
0.177181892379324
0.17609333571938796
0.17768457271486668
0.17710582384859924
0.17440819186357834
0.17425985217862447
0.17314155882879656
0.17225272861663354
0.17317921814490914
0.17272632944283534
0.17220239391328496
0.171668929539686
0.18025736831054387
0.18043048538147852
0.18045202906471816
0.18044368806162706
0.22447413989015377
0.22591248345601142
0.22675784595749016
0.22735632979805573
0.23141270560019989
0.2321701753628087
0.23358922900261564
0.23512673369211323
0.23370867829064365
0.23527958103501495
0.2370626023246747
0.23959760300119246
0.23901098459331693
0.24048341571413256
0.2433244637839266
0.2457063011392598
0.21331543206111464
0.223897961426779
0.22357399213580545
0.22515541014342494
0.25739486972659653
0.24249809241657846
0.24542811029032757
0.24811971532238689
0.2735383909341719
0.27673339494639615
0.2786487651575513
0.28894407909170944
0.31640704973908496
0.31750894775907734
0.2975052719225713
0.2962110412220421
0.29712204534746
0.2926335407164704
0.28795917173069074
0.28176527601767654
0.2917827865373522
0.28784466214335064
0.2846862512083209
0.29061702827709585
0.33774226241957245
0.31013789577825296
0.30311920387360286
0.2998197678936225
0.30973475776827913
0.3138146762371908
0.31210396753589537
0.3102332543132179
0.29906848983140716
0.29858542346827455
0.29947045148440826
0.3016777283044367
0.2915033849778544
0.2868461605083239
0.2854152561380821
0.28441365288790305
0.25274254567417825
0.26564904345767026
0.25444521484492777
0.2551676069931879
0.2339557307464406
0.1931816103112111
0.19280889122189904
0.1953194637939606
0.1804005940205663
0.17804530855772763
0.18177671390437194
0.18002606218491685
0.16234890133352062
0.1769168623019728
0.17635580167657314
0.17718142334222114
0.18607245774039638
0.17459849920880677
0.1753690709599593
0.17576277392410333
0.1909883955472023
0.1814733414647781
0.1899212214381865
0.18658695338076078
0.18280274089179005
0.18192828185962184
0.18011266186999506
0.1785939240135823
0.17564872601639997
0.17453430091747218
0.1734762493730002
0.17245319913416932
0.17470701406120812
0.17502700678851063
0.17522576969936665
0.17535233829064326
0.18305498862956293
0.1829726250123279
0.1827363434181252
0.18243560545772944
0.18735463830749827
0.18697244464159982
0.18689495407803455
0.18686741571011067
0.18974779816954615
0.19108903629238544
0.1924009192508617
0.1943043535104112
0.19503988131146927
0.19655503627696466
0.19847771050879331
0.2008227803830447
0.1995404475384952
0.200572442624693
0.20138578266645282
0.2027854621165065
0.2153706359053706
0.26785470711538983
0.23652216059301084
0.269072448643059
0.21863176207198973
0.24124370113520635
0.24167573374315532
0.24210301177191174
0.2670100408339238
0.25856573717218667
0.26889824822347747
0.2675269798652271
0.2649107624607074
0.264839984212937
0.26495987739131177
0.26506952284814705
0.2689837347573832
0.2692563593664208
0.272266881472254
0.27006908178973993
0.28445582821219856
0.2822836463029404
0.28354592034706394
0.28324954923572243
0.30266293035961506
0.22072705572474285
0.21880444111253552
0.21428263596783134
0.21625028489865125
0.2131806979887707
0.21291142464656723
0.20593962410302993
0.20042712186640835
0.19649986237447684
0.19412398967756536
0.19598292943422904
0.1981299877990966
0.19578229581428488
0.19732427905490163
0.1924579187944525
0.18531774639579424
0.17767175805020707
0.17359156180955188
0.17334798966014975
0.17028280185222402
0.2038551217880044
0.1692623047480677
0.1694747983544039
0.16477713952978476
0.16482095132382657
0.1650011332327024
0.16508963644602753
0.16895562110463808
0.1833305571073748
0.18344323107166502
0.18358746827651565
0.17664356444512716
0.16235572964487424
0.1621007254370133
0.16198877427106223
0.18159057288555716
0.16626715807427214
0.1675250876726924
0.16443936134680806
0.16121469515631395
0.16042620234276422
0.15987955348737604
0.15934215443620176
0.15749416694825608
0.15741378451808646
0.1577479901092195
0.15766362883315793
0.15846729001835042
0.15828630493287313
0.15805165311796993
0.15772591308472791
0.16511147048206923
0.1662956803237384
0.16658614314495682
0.16688734166465052
0.1714525610696801
0.17192634852015917
0.17206226632014102
0.17207267900812537
0.17437798137331498
0.17567774317608909
0.17658510833967692
0.17782057084549824
0.21633890984339382
0.21836768201083792
0.21999794254657112
0.2217486960652796
0.22176255788488514
0.2236598284035878
0.22590463331133592
0.22799517815547496
0.20692386159409212
0.22115404082377427
0.22086171869343363
0.21997019741444035
0.2425831148174151
0.23079416720118387
0.2344029604508516
0.2694684976437976
0.2658924468007473
0.26611936568170286
0.26820719275550714
0.2680782597340958
0.2675437228216879
0.2711181572728132
0.2649355007922485
0.2683184470088788
0.26629222914893336
0.263353961562807
0.26094009640618115
0.2589803577977559
0.2717439191798514
0.27010858672502863
0.26980118956530813
0.2761420496927008
0.29495515410455064
0.21262097245726447
0.20389343016396622
0.2808983447820124
0.28889867697853977
0.20642837370425315
0.20280638076610258
0.19908925327899127
0.19314494103051574
0.19270042638247073
0.19120368507881066
0.19014754281065296
0.18828767652154246
0.19060627463787036
0.19013188850589471
0.19065509110120246
0.18555714316214342
0.1767685625735393
0.1740154024175813
0.1736566406629824
0.17053416702970436
0.17045611175635794
0.17042371398727965
0.1695817023789579
0.1645990319571438
0.16452074113004383
0.16456920011550696
0.16445282378466125
0.1678442135637827
0.1821311669219285
0.18241696049368733
0.18255455564785972
0.176136150521718
0.1618564690044238
0.16160756870100426
0.16123184472580462
0.18535205202868618
0.1627508661424701
0.17455552404810193
0.17193657849230687
0.1695619344328924
0.1692984605895057
0.16910858795621805
0.1696519206149583
0.16738533138159994
0.16689172863048815
0.1664096162039638
0.16595059208416896
0.16686267408746358
0.16613530388969813
0.16529539001994212
0.16532111912496067
0.17390011805204436
0.17436862356175145
0.17450753566094687
0.17448428755716225
0.21861426265544595
0.2194178163761249
0.25910250339196944
0.22428075107477433
0.17791472137569916
0.17580493200803557
0.17481422412454492
0.17383155521666777
0.1733036575208958
0.1746274602316657
0.1749206725853739
0.17546048859744104
0.1731584263726381
0.17335577479778327
0.17347910461685143
0.17529914907982205
0.16967020522801302
0.1882139394029049
0.1878753709763825
0.18763088039656864
0.18591704622456506
0.16728747771036812
0.16726409148382018
0.16809724403201592
0.19766924452386683
0.17824975301540136
0.1900902406252474
0.18882095857942738
0.18812228572799242
0.18768109406282157
0.18724548158723442
0.18682630200785325
0.18453831763845704
0.1845360838076431
0.18510585294953882
0.1854772517728907
0.25397320258053707
0.25610127449798387
0.2568930969970565
0.25728291979369067
0.2816828329236374
0.28179267865322594
0.28222682967646884
0.2814943488541778
0.2912271723977072
0.29048750200772966
0.289401148041914
0.2881035282480005
0.2749795832465241
0.27333823656075695
0.2708523182369989
0.26792524702177173
0.2569629477770702
0.25963061481627264
0.25976084811982847
0.25892040224859914
0.23675926607909983
0.24263647370496008
0.23118865616756407
0.23315088990443786
0.17393019710826535
0.1726602799175097
0.17094686489424646
0.17225246176383927
0.16449989756475714
0.1643397128541786
0.16516562777072435
0.16459513744526205
0.16939916611309333
0.18395275990271445
0.1843851380493588
0.18461487472394844
0.1773779787606533
0.16324829236511326
0.1631895876461594
0.16317827802924026
0.16317827802924026
0.1783769569549902
0.1783769569549902
0.16294333634387928
0.16294333634387928
0.16008421371758041
0.16008421371758041
0.15914662524053919
0.15914662524053919
0.1557373534030842
0.15562650732164895
0.15577399093257996
0.16365030655474988
0.21949997950522213
0.15908840754412698
0.16014537046958377
0.2024019639469793
0.16247042034667084
0.15929286786837982
0.1592401131373121
0.16281010765318557
0.1630494512711472
0.162977212631174
0.16365313672020895
0.16681055850743307
0.16822122999454334
0.17037604644675325
0.17736828836512583
0.18296339715733792
0.1788101034233075
0.1785457780374845
0.18115354413297774
0.18160873422867754
0.18341926356742821
0.18522177894972885
0.1864102642336829
0.1703084499633695
0.18688712508273667
0.18641221589965676
0.18570505731688491
0.19422043307015774
0.17875263243967773
0.18048609333206017
0.1819182959975719
0.20982692608394415
0.2092906048323716
0.21316597172306012
0.21558456810644905
0.21799416664090346
0.22049727785417395
0.22200552130430196
0.2221730638210541
0.21884522545133253
0.21866816781371365
0.2189240765827946
0.21975491723979224
0.22638111092930785
0.2872528970093355
0.2876047948022172
0.28667788067435684
0.30944546272192586
0.3079698287512468
0.3060232103988796
0.3049820230371517
0.31386115189273217
0.31265394073101394
0.31120125391519915
0.3096326369210023
0.2979810689764768
0.2976681887854302
0.2978748088968044
0.29738528684084947
0.28875649801603265
0.2887788614962102
0.29219144712923334
0.28906358107195484
0.25292695046473956
0.2608795443117734
0.2489054282543087
0.30210692727129124
0.2325648162247048
0.230038717380677
0.2898699370923522
0.23473471916271188
0.20849069660600794
0.20484513956471426
0.20151877279998825
0.199917054802078
0.16481147862377646
0.1793965080556686
0.17924226967315948
0.18026342595295788
0.177559333308752
0.1638989853929348
0.16219542386253463
0.16112902106296098
0.1855378953941956
0.16797086010255807
0.17923125655923242
0.17624866192767086
0.17244268694111603
0.17132991585316257
0.1697748591376265
0.1682437848073807
0.16587115564829907
0.165377561843051
0.16493927814670953
0.1645555951033305
0.1664452906933761
0.16773788302111697
0.1678142438669644
0.16813300815076443
0.17707357503276216
0.17765371239394026
0.1781670452921263
0.17878033531171483
0.18459047809164172
0.18596292632143932
0.18695349978970974
0.1877170828593879
0.190683393634287
0.19138120801630581
0.19266276690928424
0.19388451752733943
0.19531320037952712
0.19641595531976044
0.1984203224903308
0.20069948127816303
0.23843841348257236
0.24137950043619827
0.2441837163256514
0.2464075822748094
0.21618800349740702
0.22835354325913604
0.2308559640722224
0.23592123865686823
0.2595859057742521
0.24351426241961008
0.24550385266235977
0.2465000567189656
0.2795875582771024
0.2731852398666135
0.28464585955684774
0.23188153508800735
0.22734471415669166
0.22534673562095578
0.2200687217011522
0.26094831734431306
0.26408713154740787
0.26484195192367305
0.2690684534759268
0.2692547426224475
0.28426216214447025
0.2881154163647263
0.2867189190865622
0.2814371795831039
0.30334374451967705
0.3024058775736677
0.3025114917549245
0.30059121254259935
0.22795324610884204
0.22604314669064032
0.2303106444108368
0.22562565792298625
0.22180829835687652
0.2200762126413628
0.29736883006477
0.300935879496411
0.29360524588095155
0.29264386135791126
0.2928185438992929
0.2936807232998499
0.25626064226127815
0.2728650729911398
0.26188604711085306
0.26409069678124475
0.24096389082767852
0.24078621580637094
0.24092940182485822
0.24112747367727497
0.1955787062031321
0.19312469830233617
0.19281837642428312
0.19028333333382044
0.1749071545414807
0.1868330415051328
0.18578215415301563
0.1848224586922567
0.1988170171082774
0.1877632548875084
0.18819907247067086
0.18860685299459637
0.20762876971045904
0.1945244615298441
0.20350164087610356
0.19803965766365478
0.19510138921337658
0.19406066757920243
0.19324468591487848
0.1925597009797832
0.18973375954572502
0.1887142241334387
0.18776609918439585
0.18452045434163272
0.185362730156458
0.1834770140366751
0.18178782575065702
0.1801020771933059
0.1894148399521836
0.19248958187187212
0.19341481516371722
0.19466677221830656
0.23895339590263343
0.2395817933966458
0.23952036163420057
0.23923807790199836
0.24195093390701955
0.24249155393671876
0.24305340794791555
0.2445791142108154
0.24170822096956388
0.24203397674842836
0.24260580961956424
0.2432594048989003
0.24093205233480403
0.24094533995340509
0.24263812827758643
0.24404191478982526
0.21239114303721937
0.22077518163545884
0.2182643041720927
0.2225264132795657
0.2564305303014033
0.24628063568454187
0.24806027627943772
0.2494069547653809
0.2785571504194471
0.2794557496468287
0.28203452070267165
0.28167055415798326
0.2757866210913918
0.2738641510661937
0.27228375871016125
0.2705917152219188
0.27416681791495373
0.274354330111358
0.27505800132865116
0.27449977635305495
0.28755983516760386
0.2859166969122508
0.22488841569477896
0.21785341005242279
0.22351922453283973
0.22420992492179662
0.22235114095357528
0.2232679887882791
0.2227824698481126
0.21710447559753393
0.21426410818237093
0.21199732173848979
0.20785793231843666
0.20959755842325298
0.2089503815015215
0.3777705837393004
0.9692317563031504
0.8784352928601677
0.2732395245366652
0.2668355292967895
0.23938341318043
0.24417494200942233
0.23771616608719018
0.24252421138331046
0.21948325971728155
0.21974434725531908
0.1830245148895401
0.18202171922100904
0.17318513079091902
0.17117000299363316
0.16854583921199082
0.165303847377467
0.16658195955538047
0.18086755267821777
0.1808831577572287
0.18129767383041243
0.17521736301399266
0.16123657425838137
0.16096458243580056
0.16097903681280706
0.18333629071260588
0.16377760620229598
0.1751886670278999
0.1730191322166301
0.17060387403828267
0.1699311676040526
0.16965945336854085
0.16869738840406837
0.1662154138835908
0.16555810560711498
0.1649587730133479
0.16440659021824627
0.16549590194895752
0.1650015646389421
0.16528039533876132
0.16435877438113575
0.17228421718876527
0.17194917290053258
0.171336880622035
0.17060202087604387
0.17550815395165664
0.17685160711279774
0.17778452864056066
0.17878490071326336
0.18148733839925127
0.1825267454913068
0.19272107549767534
0.23239725113274903
0.27876375186890123
0.27671781420709674
0.24084941064261584
0.23746816200948495
0.2341587870251199
0.23390477848063476
0.23449578209664051
0.22782415944039391
0.29779453446832294
0.8044858752503418
0.21960898193846998
0.2214059157967015
0.25391017507419616
0.23883052648612157
0.23884416660768104
0.2390996184016324
0.2618563887675276
0.2673508905793728
0.26986035478992326
0.26973282311794455
0.2667863394907128
0.2659651866711745
0.2643245572913489
0.26525481019587555
0.31905403888582384
0.3256848919574026
0.2829590369086249
0.21558114229814748
0.2190134138042334
0.21804764525549947
0.20978855686560102
0.20543732758601987
0.20944576543400256
0.28538873721123065
0.2823308063272691
0.2868471402555747
0.2949237985685277
0.2965081733302902
0.29853282245175256
0.2939991114293756
0.2811086626747663
0.2721000996135649
0.2691049694146197
0.26638926021371406
0.2555015348394371
0.25430768804365106
0.253110456653073
0.2518377675710773
0.2339938188475118
0.2257979853902426
0.2208020221733356
0.22097070257423854
0.1721445989641229
0.17254672003687033
0.17264892091821268
0.17247085925577774
0.1673171705287437
0.16693558058901686
0.16655980600384432
0.16623230324145138
0.16923461545829746
0.18342462366349968
0.18358802593326845
0.18366053039747354
0.17639204992278315
0.16213306094703483
0.1619346075735182
0.16188593375990531
0.17874284119426928
0.1642956335151912
0.16083389651461297
0.15917422553179383
0.15756694433754956
0.1578849713736763
0.15818689718666423
0.1584016801307827
0.15673644270612463
0.1566652175256011
0.1566282801370857
0.1566261254185056
0.15640767019377985
0.15652424128349604
0.15650233712312603
0.15670142851081437
0.1595975478757971
0.1596865978834341
0.15995898691832444
0.16029090019814518
0.16529752934779013
0.166565832465766
0.1684582023684627
0.17040963851957827
0.17293939032638744
0.17308992547109214
0.17302246980786654
0.1728177025102141
0.18051256941292712
0.21627425655269455
0.2616827563049757
0.2593822054390343
0.22456046268504942
0.22103888738983096
0.220875594129806
0.22133889526739747
0.20637470577171013
0.22199589060960415
0.2216271446504585
0.22100387874959945
0.22971701382838483
0.21653118323881274
0.21976131944803873
0.22238489952426072
0.24661788651937683
0.23781746309705226
0.24906210347917423
0.24816958319761376
0.24555598581132326
0.24543692223123767
0.24517374033259073
0.24459226752956925
0.24551594625929038
0.24540980888447705
0.24000931232017483
0.23752642314751166
0.25090296998464456
0.2540467319888956
0.3352360854196935
0.33761482147718025
0.29075879998471704
0.3685624871623824
0.9761152722147417
0.9762918685288815
0.9558801777684012
0.9060894576540239
0.2986084379019819
0.2973338155799172
0.2816105157444856
0.2857384084756656
0.28483523069639943
0.28318586313276417
0.2725692305156136
0.2686436467858725
0.26869569395446735
0.26810029544223246
0.24142631538388554
0.24822514862964815
0.18264100434611494
0.18438573443720488
0.17874067834844118
0.17780471477825593
0.17651166026584844
0.17507569362088368
0.16558519690932283
0.1644146951550458
0.16508952989365366
0.16519797135302958
0.1686835663458958
0.18288969854931483
0.18229628015879026
0.1820585454273795
0.17540413023612592
0.16138067147068258
0.16127013283360764
0.161211932148132
0.18396006512881177
0.16837443500973698
0.16632404461746586
0.16028210764509493
0.15864872736704932
0.1591082022838304
0.15948793343168613
0.16061876704441025
0.15833252019471236
0.15787565011773202
0.15758349038988487
0.15726673781721295
0.15777720642535858
0.1574541692428646
0.1573289789604208
0.1567127823126813
0.1632734351199362
0.1628454311636924
0.16029697818782243
0.15949297475815602
0.20588437569279422
0.20919601433691282
0.2122495679176362
0.21438986205899166
0.2176706923326681
0.21825271979280927
0.218814454383627
0.2190244979465728
0.21895660415169751
0.22312304506940508
0.2213969648081284
0.22416097383972242
0.2230764317579395
0.22386796658810776
0.22429625268024217
0.29562999410321505
0.20764601389113627
0.22321250328267647
0.24198798214263417
0.223237866468603
0.22908667812732422
0.2833086259160552
0.2598414005430888
0.22974708872275326
0.19813990581207017
0.19389659237285273
0.1915258144077093
0.18649653954809142
0.18855984409007406
0.18853620649221647
0.18656874734617612
0.18526273623981449
0.23703978972319542
0.26149290785078627
0.24208213586781785
0.24156088752406568
0.30137285837555433
0.2587114140205425
0.2546658454382376
0.24996595586982917
0.2729739917875903
0.27235638747696866
0.2712550891006213
0.27475713882330566
0.2812834156211743
0.2813195902902358
0.2814337585979988
0.2815679480227712
0.2704433045965325
0.2704751748967681
0.27480045924439633
0.2741724623497334
0.260702996775832
0.25968864857221763
0.25913894024815715
0.25863032522808654
0.23706693475508286
0.24187739502614214
0.1732191668925992
0.17342814987183058
0.16938076681645298
0.16943029363289316
0.16963870990713242
0.1695936872879886
0.16477936331445256
0.16455754920654372
0.16455891568627626
0.165123043145628
0.16989038358475267
0.1843664321895832
0.18463490001788196
0.1847660071809002
0.1773322457136669
0.16323872679138812
0.1632441524701094
0.16341242416906765
0.17665292679134856
0.1636496793525119
0.16387141526172055
0.16133941075765515
0.1585252079133139
0.15793828841668855
0.1575388461808086
0.15749088811825993
0.15592668732354417
0.15600908269989813
0.1560256182054756
0.15621505254093868
0.15621173670324073
0.1563662796920489
0.15662265274288695
0.15684796592628228
0.1596184018888643
0.159488075789585
0.18047617836469315
0.18149286042247825
0.2021012084775919
0.2042005005373504
0.20635951777928413
0.20877329832698574
0.2153823158269509
0.22014465417661477
0.2236186681220015
0.22695768482886547
0.22559449023042236
0.22727369163530262
0.22818704726055258
0.22928572339799033
0.1827283460609157
0.18133657625217894
0.18196859493987397
0.18057697057652594
0.17050971818796648
0.188851246588837
0.18884801069811746
0.18838091243224928
0.18856244863050922
0.1710161471443211
0.17372837817728407
0.17452570438207415
0.19937172624515012
0.19646081914383515
0.20006653892415205
0.20117031750206485
0.20151994314899435
0.20161485202146634
0.20108218760191765
0.19951155978643664
0.1955032828358164
0.19440573001030864
0.19415010963119542
0.19288811327980085
0.19859516656862958
0.197065528935183
0.19484244753978042
0.25322868387534114
0.2770540650064632
0.2767091393378329
0.2752694824699807
0.273943782578868
0.28361328430839106
0.2831977539077615
0.28255714452528585
0.2817955819886163
0.2708313929247771
0.27193696312809135
0.27196218250937404
0.2721174732017868
0.26139991902684745
0.2606980451798935
0.2613978129726652
0.2612608049812702
0.23661277674445033
0.23916368896936283
0.22885926126025666
0.23125981833785753
0.20855471527719216
0.21075967736772866
0.20752687612054874
0.20681266123825517
0.16418538165399452
0.16436002050844084
0.16485519979173197
0.1644968557707204
0.1693647849753489
0.1838238054937711
0.18387065649540163
0.18402163292668036
0.1768432829873232
0.1628828917017602
0.16301271279500607
0.16330300488651736
0.17463905294288
0.16077126136554082
0.15968761912599494
0.16069548578314644
0.15900100538499867
0.1589497149773565
0.1588064674002596
0.15865709330877717
0.1572060048382624
0.15752462218298957
0.1577330729559815
0.15808112159440435
0.15813632465045313
0.1584418409772751
0.15877325737348275
0.15911423303742928
0.16157092362304595
0.16123732380330671
0.1608569596636317
0.1606035409511117
0.16352530843293617
0.1631438154203739
0.16294983924785703
0.16354819382911603
0.20798592678742833
0.2782937237659389
0.22457068373854647
0.22243197275565574
0.2777567382555613
0.22351841501768807
0.2204795248748672
0.21973592382396462
0.2190664984096443
0.2207804367811822
0.231785512324687
0.27109053236471486
0.22537923762065948
0.24761527671172606
0.24514175198251126
0.18247986785215262
0.2050839625056502
0.1877639535379816
0.19216263696587796
0.19218987656403017
0.2170358174742754
0.20825941748081878
0.2064035064657515
0.2041735745131607
0.20087930844294025
0.24643971351011773
0.2534846234242366
0.20330974361166812
0.19790936824782343
0.19642204901940705
0.19637144597664977
0.1914840855567238
0.1967619138854998
0.19615643162595464
0.19623601399620086
0.19511797633019223
0.20268755503964422
0.2777445798950518
0.27846427424000153
0.278189306250999
0.2877474853119636
0.29055303696752743
0.2867425594414574
0.2853124482663772
0.2741597228900635
0.2749730070753342
0.27508421738249583
0.27516132441858676
0.2650472508384117
0.2649690122966578
0.2648046785450899
0.2645538997723557
0.24054487020224422
0.24585717982733174
0.2402618709947011
0.23952348418387648
0.21892702995930344
0.2182364303900148
0.215351617900313
0.26706208039717355
0.1763092980629437
0.17049266317371936
0.16879348571536046
0.16782759632597696
0.16687411625767515
0.18120802720522666
0.18141663144844572
0.1814628000018334
0.17554343723939111
0.16221101627805443
0.16297079103203743
0.1639275769905058
0.17572182357558752
0.1617890049827859
0.16003426854901026
0.15933319782806832
0.15754313860869534
0.15758230933124895
0.15758689483626462
0.15753151992002945
0.15593621224806173
0.15596887379217378
0.15609285181356772
0.1563504963781995
0.1559174148862889
0.15590198582456324
0.1558765951149669
0.1558360925143634
0.1601841074028244
0.15992207984012052
0.15928584534043905
0.15952032898337465
0.16271188061484126
0.16386267847538674
0.16662758621340204
0.16947119368449562
0.17532336865083592
0.17827376010872953
0.2177393311389217
0.22092838825258665
0.2194246500296856
0.22071708768333137
0.22271574234804892
0.22560292470378396
0.22550261075870578
0.22769683275355157
0.22956280207326304
0.23094741206655447
0.20856750458716478
0.2201513467044502
0.21951008688354612
0.2191743941121188
0.24704311853111488
0.23514647341376424
0.2389478702634748
0.24211684700641675
0.26452621955085465
0.269142788476832
0.2688669972372595
0.26937153392199936
0.2657947571346372
0.26825194949698267
0.2674364291282158
0.26635069340157924
0.26834218574151897
0.272599176929683
0.2727303149212669
0.2690085406076238
0.2819593520496042
0.2818106756540127
0.2807368954836425
0.28232531836808594
0.305091709381093
0.30166986648881494
0.30863895760439847
0.3465470727982266
0.35741649346911986
0.3278675523442887
0.32072628444989587
0.31932595004766867
0.3066273243339729
0.30546221406960505
0.3043384876995153
0.3047557932632813
0.29220739752138003
0.29481186688282823
0.2922936906909052
0.2901869025950762
0.25436963544020763
0.26526852548640956
0.19869906103852325
0.20056170362031195
0.19383000151156007
0.19365735259456857
0.1926270853648503
0.19191273439696405
0.18348181948928496
0.18208988214920563
0.18219911459264274
0.18321918753966918
0.16239465994632662
0.1765060337203211
0.1766301783027258
0.1770411668605812
0.1861864938515414
0.1742244433069247
0.17531569595067253
0.1754728169626739
0.1919203626359303
0.18008725372585294
0.18916971746303504
0.1853442099806317
0.1824523823724843
0.1816939436288822
0.18180950564483206
0.1809493316285117
0.17843582448198253
0.17770907439647418
0.17701686633897545
0.1763302745574455
0.1771763288804617
0.17705464766437198
0.1763096893010095
0.17544039544347864
0.183373569424012
0.18330318256387976
0.18294469902071067
0.18249521624601303
0.18573705671492716
0.18537424711593986
0.18371717585898453
0.1820057097935624
0.1832829846020057
0.18293830129200409
0.18275826869871087
0.18263046362940302
0.22197422164210598
0.22464549756643015
0.22667664489391445
0.22852014566149334
0.22638438581741696
0.22630047235748987
0.2260962359403747
0.2257744756962969
0.20679707285413307
0.22171784215927437
0.22207167347582052
0.2219818552004765
0.18544236818615562
0.1664909342263261
0.1663438397433225
0.1670355164166892
0.19525098889248743
0.17388395761584333
0.18287952644819871
0.17476865574129974
0.22722071204270639
0.23192857430531166
0.23166004274774513
0.23594853443421937
0.24061644485364433
0.2400855043991511
0.1951331191948569
0.19231034683653364
0.19814282077790857
0.19773401604728055
0.1971558612357533
0.1965493403914023
0.2050980985922874
0.2055186889604811
0.20499775719833901
0.2045658938373975
0.2080522226959705
0.20979744841530984
0.20747386945901217
0.20561981627251388
0.20081787042016333
0.19676723580845712
0.1956250818680245
0.19514305459986603
0.19259864300178192
0.19255063921949203
0.1925578516103534
0.19605292859771625
0.1884441006312753
0.18308698009707922
0.1738595392100238
0.17607222191171193
0.1702388358448857
0.17028788665621217
0.1705333864329284
0.1706394247025491
0.16458375450352647
0.1647229316418894
0.16484797772095794
0.16678080475484025
0.16545600151201734
0.17921467441351743
0.1790408402573822
0.17878795998957012
0.17594285828846531
0.16189182258810803
0.1622768965313803
0.16224436989623106
0.18946010108044764
0.16836949179228233
0.18041530279073464
0.17726293732337914
0.17516321500137577
0.17522714099892742
0.17534283264160824
0.1754516056459948
0.17346411064665368
0.17389415545950582
0.17365581726796456
0.17345720566085754
0.17501597559211562
0.17495398225312145
0.17479663091190437
0.1746209038500113
0.18435108412884876
0.1866389861237748
0.18730170741783944
0.1881603344574415
0.19291871735502605
0.19331887836559425
0.19371290347412096
0.1941158575402352
0.19698061754478793
0.19743200704955258
0.19809752202435876
0.19881441351348064
0.19802036389321384
0.1979375120074566
0.19786290814020835
0.19780927772089696
0.1968813141271547
0.19715561839944887
0.236694521004322
0.23915687383935727
0.21487316463044034
0.22343520276993614
0.22218308417074262
0.22805323648659734
0.2522384432772036
0.23720660050212197
0.23916612142253035
0.24082776492956282
0.26762197273716276
0.2593116770935564
0.27196672582021564
0.2717509850091045
0.2696045227377032
0.27027241575434585
0.27071567371705246
0.27434013687638414
0.2774206729256978
0.27552863991306703
0.27535565138375345
0.27528869672346445
0.289240185539563
0.2894427716557147
0.287793993918431
0.28965609267227244
0.3100658932134537
0.3097202818278598
0.3117829663218824
0.3108691167848084
0.3190798060559758
0.32176507890577755
0.3295057202818106
0.3617141610714374
0.31775036539882245
0.31394648490895266
0.31267503626240156
0.31683472468779694
0.30717528024465585
0.30846551083094803
0.30174753004709987
0.30044538159240275
0.263582443786385
0.27624312374933097
0.26471054903008356
0.2666159197586387
0.24452569263434762
0.24246474591877254
0.24541618383683228
0.24632535061578326
0.21937503130741945
0.21800394003395068
0.21726638174378907
0.21670134943763358
0.1921321411554609
0.2039658346370674
0.18789245104224048
0.18719790887126225
0.20006603001323858
0.18666030829410565
0.18609318778614167
0.18525756046062355
0.20452022783257598
0.18878622944297618
0.19668697997661924
0.19049184575041206
0.18718329730010191
0.18493534906883252
0.18329653762060918
0.18185081249475962
0.1786252392188255
0.1772402158987989
0.175935738467599
0.17548121609443765
0.17589129509464715
0.17468004431513665
0.17338200267121232
0.17208174660983852
0.18049939669731588
0.18018098439525213
0.17955613030148132
0.1800034753984418
0.18560829295074877
0.18983393944258933
0.19199935177429167
0.19384786895953307
0.1940242966748527
0.19217226102055393
0.19132506696142892
0.18964885279321142
0.18619202965438628
0.1837972137094064
0.18214725454032507
0.1808195315709094
0.178511846120131
0.17957155650640436
0.2202973967295548
0.22206300779275737
0.20706696004147035
0.2211340575689454
0.2210999455560872
0.2206173230627087
0.2254787683071275
0.20845899935235834
0.2183577858162265
0.25186558376946194
0.25311252166402065
0.2387802329906878
0.2505504837623162
0.24808209049628138
0.24473786256838242
0.24477188423839533
0.24381250419724565
0.24395813266470445
0.24440396640559625
0.24226397017878393
0.24173679900339168
0.24089034793914926
0.25774073031737676
0.25705229455048073
0.2530082668666197
0.25039462101720417
0.271171594164067
0.2682363181136838
0.26225637360372
0.2533166471475795
0.26357699197492845
0.26577685773639353
0.2666635672778653
0.26994835238185366
0.2529545294089445
0.25071994205622977
0.2508825162590255
0.24813409703413195
0.23989726938882033
0.2454563582309957
0.24978710350062117
0.25292439400176076
0.23878881420603032
0.2707969499713754
0.23498049097453264
0.23805645120143512
0.21538104760536708
0.216218609888525
0.21363258212095934
0.213360819292403
0.19028896161263956
0.18935685207562747
0.1678112945240432
0.16681396554418218
0.1680946863477928
0.182676313491759
0.18325286838910582
0.18362107956552354
0.1763973385545021
0.16231106417276364
0.1623087601629662
0.16245867389213553
0.17406218106768637
0.16340874688155965
0.16099685841276212
0.1594189342357699
0.15767529409459646
0.1576399077829513
0.1575045228125319
0.15764045374919605
0.15599626841396605
0.15603803082825785
0.1562416739049857
0.1563874720384801
0.15616852453179328
0.15616275932973328
0.15607909600183043
0.15609864345307192
0.16127464129841707
0.16089259079877663
0.18154100991182798
0.18101591140118467
0.20370844633553362
0.20790962891155756
0.21171785099013263
0.21228931406226142
0.2167752752089347
0.21778466993515824
0.2192464316151256
0.22071327866795093
0.22021155192105774
0.2230678227285488
0.22604661251939373
0.2280560676199456
0.22769414543122513
0.23141924501108108
0.23118519438603385
0.23371018199274723
0.2118381052530028
0.2368242124007716
0.2211025141349538
0.2206051631138543
0.24900116697780872
0.23404684183855598
0.3267865155033406
0.832703765126665
0.2608841856708296
0.26540656236300575
0.26785318374036476
0.26690843224631416
0.26049860618759146
0.259173260454688
0.2602974122673045
0.2614681173479322
0.26113156650749186
0.2589056228219344
0.25768717469772057
0.2588812222494722
0.2708473695779362
0.27014198387530125
0.271385942847986
0.26740604938735213
0.2897496794826685
0.2888405889111333
0.28760007404472326
0.2862487779158411
0.29963970913381754
0.2951662443368142
0.29327950523413987
0.29409475615419023
0.282544656315103
0.28084608827323
0.2803918613189691
0.28074284922832454
0.27013864574210167
0.2698052231714142
0.26947150775161816
0.2705542668825991
0.2451568507273723
0.2501557038232668
0.24210210658875808
0.24073598119111844
0.21749455406558424
0.2169570438119512
0.21672752147037594
0.21655751548902652
0.19428336076131084
0.19184127244351265
0.19131476980381146
0.19149603923356728
0.17910872881364565
0.19379909620828903
0.18096892849956978
0.18171373078835315
0.1756092722192761
0.16153736787841846
0.1610024355254255
0.16092236814883468
0.1820159448615387
0.1653965082565427
0.17563923173993443
0.17330420554303003
0.16968384005825016
0.16867481494545894
0.16710668389992817
0.1656232825361899
0.16267666322049462
0.16153149335717298
0.16475707492564598
0.16373117245015284
0.16886160871567046
0.16914345141739856
0.16833019401723923
0.16763839341539935
0.19078390506000914
0.19130013884501593
0.191430903338159
0.19103255812986153
0.1686391991366032
0.16788594563555675
0.16767290656903017
0.16744310592820683
0.17044554499907189
0.1735195666086817
0.1739429450645997
0.17969478554886306
0.18412481939877773
0.18333058985704995
0.1836484397125549
0.1822887338170167
0.18563234072027143
0.19017156959838538
0.18608151001042786
0.18527656274321436
0.17018121035863598
0.18581248516399984
0.18562363909219418
0.18533203134730927
0.18836884896016906
0.1720159787137383
0.17294089677357924
0.17425127752626693
0.19568631762996797
0.1784394472951592
0.186777789858897
0.18322308693423148
0.18467609926223283
0.1867387447673736
0.18775132961460173
0.18833752353272126
0.18553404200132595
0.1850562756805356
0.18554491788703192
0.18638869162111932
0.19273128399320133
0.19237878752750187
0.19149089863975893
0.18974835901352907
0.19697338489354543
0.1955112465133179
0.19385855478833217
0.19218965941068328
0.1948694755830926
0.19295253519598665
0.19197422740587153
0.19015167582544465
0.18513702300519358
0.25881987909123244
0.26082147347348206
0.26163847003903895
0.2511189312735804
0.25093526550967643
0.25017579780150334
0.24516984905305136
0.23285345086395
0.23310089404841758
0.22416437466995334
0.22745811430655338
0.16974440424484757
0.17009637338161548
0.1695404391673629
0.16961355201260395
0.1644799027860175
0.16481480211895186
0.16448101571533613
0.16514018783500645
0.16956731785414975
0.1842907769988215
0.18464130233896778
0.1847840632698707
0.17752110020222486
0.16369464612839518
0.16400860239613507
0.1645256454822291
0.1738221349559688
0.16077056729345374
0.1595138350669967
0.15939041868128856
0.15792124389022152
0.1581412885911279
0.1583788658183851
0.158649531311468
0.15704906521257053
0.15700261969061885
0.1571543573761092
0.1572518610647192
0.15699986358784465
0.15699329320789104
0.15701120685195466
0.1570412807458998
0.15954969920391915
0.1595332243533159
0.15938740332392387
0.159673241776872
0.16259344777575782
0.20605414369115224
0.21169822916173292
0.21574935312622115
0.22127034714966268
0.22317142628343553
0.22476396634312412
0.22638357520237787
0.18376351151840462
0.18504874734376933
0.1873812789201366
0.1886071611835663
0.18708351588383984
0.1883885970116208
0.18883689424094222
0.18871245746422494
0.17084219958272856
0.18460006356555117
0.18466655824393757
0.183477614497511
0.19062958171855046
0.17415975102135325
0.22041944270872862
0.1740432327879788
0.2033639149269522
0.23181874914933315
0.29124063369353004
0.26003847773569905
0.25293581164443013
0.25133932154148625
0.25009705772189494
0.248014343095506
0.2501847653015054
0.2485504530356104
0.24754418480402485
0.24669443531602048
0.25974338038683764
0.19822818669784487
0.1936245854392173
0.1898624074115113
0.27175135854937804
0.27426149704663055
0.27345566009358135
0.2713717202201987
0.1971218323424437
0.19551132027429793
0.1957637171895046
0.1987198860179254
0.26296433991984597
0.2682874964144166
0.26953766107253785
0.26554051905198317
0.25603675324369185
0.2570536466615592
0.25804686974919666
0.2589446680091605
0.23638123152411455
0.24276372237426636
0.22791290638261155
0.22980872553348528
0.2067498525564777
0.1700561867028195
0.1694750221919275
0.16944627741965676
0.16459619177394844
0.16526828690093626
0.1657146110013072
0.1663102562098469
0.17003395114281064
0.18418595236878904
0.18392891588539056
0.18383016896111481
0.17680752978607134
0.16276757854630708
0.1627935412233649
0.1629682465503169
0.1762265769535487
0.16247940789802756
0.15984198608713968
0.15919206726251084
0.1576437514829722
0.15783195952408147
0.15811120868934816
0.158076488809585
0.15661704230574033
0.15664588436821955
0.15669159820528225
0.15679358254193207
0.15656772719005907
0.15658688327962778
0.1566274662935744
0.1566764320304538
0.18014691393263987
0.18053581452257256
0.18179610783249395
0.18235404306300046
0.20628610983622803
0.20735978277794187
0.21137903076167516
0.2154543858976476
0.2211761613965079
0.22506084985020325
0.22804207703870225
0.2310173712307003
0.23040886964983687
0.23293126887500046
0.2351864317001159
0.23648633349742848
0.23702506974908852
0.2389106669326906
0.2400922706997455
0.24065159487478885
0.21363319126713554
0.22406697778337045
0.22470133527559263
0.22953848225290566
0.25385801192462387
0.2358776305464245
0.23736769378183945
0.23612433690121296
0.25767663414861236
0.25426568302308694
0.26284105539633806
0.26252437241692583
0.2601085630214634
0.25709228768354764
0.2649500379939771
0.3000980617218014
0.31354932843981054
0.30681227842296704
0.27174620514367126
0.26462908758111486
0.2757010984880272
0.2763336127822689
0.272712920466769
0.27114397054686273
0.21914081439313918
0.20842464360304633
0.2037413270730156
0.19772447183095457
0.19949827690720168
0.19866417141081363
0.19994853201560345
0.19910332454137347
0.19304133472771834
0.19112002306120385
0.1923131264967489
0.18823264401357845
0.18563231545429895
0.185776384847584
0.1860393293707188
0.18632504056507
0.18501327413622515
0.2405703837296276
0.23258548192250172
0.23691609657942253
0.1782727525721882
0.17748998251576287
0.17724892049743485
0.17713781314417087
0.16951603272375748
0.16897893712654183
0.16907349376118758
0.16864282148510176
0.16615513269859095
0.18046706536082185
0.18076011653991078
0.18091361699120545
0.175250593999403
0.16120527001482765
0.161021436556789
0.16095860873333032
0.18467317770588237
0.1676453071553451
0.1803518971687792
0.18001161557087156
0.17503353743357714
0.1718870640909642
0.16844741075064887
0.16438670939243447
0.16139037140071527
0.16040065786453298
0.15952170987969017
0.1586618393212469
0.16164607227461328
0.16378120215938968
0.16507995450314872
0.16635599889726868
0.17480642694544998
0.1752711572455028
0.19897382439557712
0.2660013664109666
0.2426925353263916
0.2306681191017377
0.28577966626812096
0.24162639222098856
0.2427591653702873
0.30214081370176304
0.2531937277058288
0.25248814533013486
0.2892920764062727
0.2569753638375264
0.2846472500442889
0.27089418987239244
0.25890027956726347
0.2626436992016705
0.26216335370548133
0.2610564560276874
0.2292060348290434
0.25556032447010196
0.26448423983833763
0.2658175479987096
0.275722613695762
0.2621739836781697
0.2185159603605143
0.22269492739255584
0.25230993009956415
0.25949521422061916
0.29793603624288495
0.3019044664093889
0.29606461252509386
0.2947609382928529
0.29075766335180386
0.2392711901829986
0.2327469313304877
0.23248762130186396
0.23137582388449554
0.2803264028110923
0.294370470573956
0.2935135960680173
0.29164906644679683
0.2892402388924275
0.3109581973781409
0.309018853967592
0.30963884105396344
0.3113610735767926
0.31471570207107863
0.3122626651412648
0.31048289169934445
0.3088144958923927
0.2983645672035334
0.2983728712068938
0.2984226779031372
0.29839260365800363
0.28686970174086474
0.2852142478486303
0.2834057592699028
0.2819543770735802
0.19770499588001847
0.20345377094815176
0.2455841717333084
0.28970195756621947
0.23637469272672895
0.22832278621681434
0.19104962714649162
0.19243618333540588
0.1840200002707092
0.18039186254387898
0.17883205236471061
0.17782313354096843
0.16436380487004246
0.17864555978381574
0.17891114844286762
0.17914370326416904
0.18123314978527527
0.17010879967006712
0.1709487397441937
0.1712715121150836
0.1907723556684394
0.17646024938875715
0.185502469213856
0.18100616482579646
0.17744396382036023
0.17612525453389277
0.17499997701612574
0.17401259975481884
0.172041305174146
0.1706726573150972
0.16956103024339425
0.16853610869389063
0.17026683357589578
0.17064100465260726
0.1709484696459863
0.17190484553738306
0.18058733731919405
0.18121474990332107
0.18190939365883013
0.18280551340642914
0.19032861802165996
0.19420564771453205
0.19795092662471037
0.20228672271463288
0.20534673399814046
0.20661698052348443
0.20772934730387613
0.20878305308491987
0.20911709702956777
0.212842784911687
0.21629295333196782
0.21845095805946724
0.25665616421843934
0.31167855422709423
0.2676757725082001
0.2739501212326202
0.2971838496963941
0.23126675642177602
0.23540076565713103
0.24212585269667347
0.23583989575976363
0.2187749571235698
0.22100156901338466
0.22385824169850116
0.2532739649319882
0.2547685584103001
0.3060928532212928
0.3096338500275878
0.3065011932060745
0.3097975187546346
0.3133538476907762
0.30928895157629754
0.3116971108791038
0.30943955472377105
0.2546747105006398
0.2509319041860277
0.25547245262366314
0.25375588461250365
0.25173070029254846
0.24992543639690273
0.2545190844640989
0.2506405302415716
0.24813912401677232
0.2541166417365495
0.28743181734177176
0.33388804001323474
0.327997812957429
0.3251000861791289
0.31144153717488476
0.3080079010974717
0.3058040001495281
0.3033914573920943
0.2934093534353432
0.2924715996508902
0.2918396029203142
0.2911907534265894
0.25599005335363695
0.26642889412458526
0.2586858191955651
0.26203368175891967
0.24407309630616036
0.23867640265231338
0.23739024714256785
0.23696849994405123
0.21770404487438408
0.18909087269639765
0.2130697005377747
0.2153801865667971
0.16629430752667987
0.17661052087182236
0.17631287996328882
0.1763018199404491
0.1906701866767052
0.1786055469203833
0.17821095135192822
0.17767290274578684
0.1978841907473919
0.18884625331407706
0.1974223937136566
0.19382165794279577
0.18906857972038787
0.18635280895534986
0.1836891931844758
0.18102360980519758
0.17813011593522718
0.17799952742419595
0.177073251300998
0.17638187304376535
0.17809687424901313
0.17842296472952027
0.1786981831026681
0.17897401054966394
0.18868879490752008
0.18992422465904826
0.21473694022406184
0.2170938738996446
0.24128617302318875
0.24552466213482227
0.24953720682234873
0.253218400597845
0.25789504418950077
0.25893404535642084
0.25956570518278704
0.25994863052817124
0.2600683812661057
0.26355531657118825
0.26702134703708025
0.2694272900307008
0.26916393296296093
0.2718262816708182
0.27469304390822785
0.27770283556101216
0.20566638863590603
0.2336536732326502
0.24621500744664687
0.2550019063258366
0.24269915973453024
0.22506558696777784
0.22641396174404152
0.2302294230341237
0.2611800577733512
0.2649334467243149
0.31537236894790627
0.31919406469442313
0.31821132476828534
0.32042991937509485
0.32332227533640306
0.326129925224511
0.3280682674808675
0.3260868355275347
0.32413906156711153
0.3221416992113247
0.3341871314954947
0.33275913520677025
0.3312529834495656
0.3303011513786431
0.35076860612032074
0.3482626021595302
0.34512883731753635
0.3420158399094407
0.3492953365994957
0.34656549953438825
0.3439668139129337
0.34119058336862557
0.33086860543778424
0.33352621713382136
0.33190947935003146
0.3288038087784862
0.31304936017371693
0.3121146091780711
0.31118967235163214
0.31312063383616395
0.2704888486888917
0.2760386031427523
0.27831669468748
0.27904001476968765
0.2184645729496296
0.216446165394163
0.2146572545183294
0.21327738838029853
0.20571266277951492
0.2023055326959464
0.20014150650705578
0.1987579293485828
0.17680262569195215
0.18509570787202273
0.1847505876494472
0.1824980103032059
0.19799162554911967
0.1857827727750198
0.18498525034263075
0.18410346190020993
0.2052079734477012
0.1941369308159517
0.2023079111149983
0.1981720730194021
0.1947429470513003
0.193124086565133
0.19165851822320257
0.19037746626296748
0.18747602041543707
0.18642732258694736
0.18271602576633442
0.18160504597224017
0.1841126122921975
0.18413031980542563
0.18422938436506017
0.18422215521236257
0.19301589377694472
0.19379671836253945
0.1945420999673167
0.19596580716571105
0.20090748505741798
0.2045504263734481
0.2458266006156841
0.3401764641920382
0.9440095354464807
0.9511999133271722
0.8635046409271441
0.2681978604553566
0.26492538997053633
0.26593634107632325
0.26752498432918453
0.26893706530514916
0.26802121501282894
0.2691313450453515
0.2695708800197612
0.26962993335323315
0.23406372026702857
0.2570775549915726
0.26214938425045786
0.2646441786782341
0.28037187323430207
0.26502571064470265
0.2669299819483364
0.26917935619300354
0.30465449634440545
0.30917930183631515
0.30884577557995746
0.30752394073214606
0.3069400820651356
0.30927912468876523
0.31158142428850716
0.31382558667080424
0.3192820893024481
0.321195503206416
0.31832486419330486
0.32017297235466585
0.3326042694612411
0.33087796684514775
0.32767117020940206
0.32874298237521393
0.35243927294557603
0.34340932681741976
0.3387215064862386
0.3337638060581813
0.2617392488091338
0.2584834905287417
0.3334327590512287
0.33285818916263493
0.3185453289895292
0.3155828505523749
0.31578431595349193
0.31382505661542504
0.30339813204513605
0.3047460612907258
0.30325922597557864
0.3030121649855671
0.26610477145798167
0.27758566497875514
0.26828942524671856
0.271700036303114
0.24881326974731954
0.248339160355628
0.24814686709466013
0.24797402484911318
0.22376170529200523
0.22345709756720744
0.2206200261186045
0.19698306593472933
0.1723765391257173
0.18257995031644428
0.18053502644203642
0.17886238725499157
0.19611201690831515
0.18307373462689572
0.18238102846722992
0.18138618513947036
0.20267902286768566
0.19128763958089684
0.1996512079241355
0.1953342215680301
0.19181981596368863
0.18954776391886047
0.1876787449885754
0.18596818966833606
0.18264584222906582
0.1811752547993137
0.1797913950459718
0.17898940412165698
0.17931880010723403
0.17798731851613075
0.17661089516281323
0.17523677227206344
0.1822218420231152
0.18097421516478554
0.17938827137758295
0.17850942464760225
0.18491220167303957
0.18741198121126915
0.19005309190729455
0.19263149816476158
0.20593093475240992
0.2476216103815189
0.30063216839195034
0.3007453852844947
0.26460381220650075
0.26152499053277173
0.2891646404637131
0.26602450311329695
0.2609243716649055
0.29755964750138875
0.21976743204783222
0.21338225896682417
0.17725074344163075
0.18433882439194307
0.1810954951027972
0.18192141802829018
0.20318542354475444
0.1902519653913155
0.19240486236295606
0.19575397061368494
0.22212014526551596
0.21803553578844878
0.2307604090224213
0.2389050742760028
0.22981584669676308
0.227449317313608
0.22172861248199244
0.21817522492696087
0.2115494750295549
0.20725690591464174
0.20323207274311025
0.19907160954491618
0.20514211686702147
0.2055273146486496
0.20489772129166417
0.20419245737135003
0.2117296844281651
0.21028396573203112
0.2086003101460788
0.20679161631146287
0.20950985106747047
0.2072332143304195
0.20482218047788608
0.2025794861110183
0.27465753523913966
0.2877512278136063
0.3299548686015502
0.3424808970401054
0.33741083328092103
0.3338297781651428
0.29748298191754935
0.2909497543937308
0.3428436368973008
0.951577466950953
0.9448945533200365
0.8578096703424144
0.23599502500836317
0.23250436099241195
0.23096886507649317
0.22999004928522324
0.18433820512714336
0.18458150901047632
0.18097936796350197
0.1795788611765351
0.1650029262946672
0.1793357939482947
0.17966969082303377
0.17984442841246284
0.17916892123681913
0.1658700137093544
0.16548855397623
0.16452969535556455
0.18703046122956576
0.1720408101113075
0.18242412635747335
0.1765685297076642
0.17265685678639897
0.17116344415300644
0.16990081776837496
0.16875206093516792
0.16676478232176262
0.16565561343071222
0.16477751001820234
0.16397107877965308
0.16626944043267222
0.16711012660479233
0.1778574428364883
0.2104203295812062
0.21000526420824042
0.20822034401654554
0.20854120259777775
0.209427782606742
0.32567583325349525
0.928784508029779
0.844062594085288
0.24941091516950298
0.3014994944114498
0.25754194694723337
0.25602939303214306
0.2834621136057039
0.25906353382303826
0.21685674680951159
0.21690411599797804
0.22033463410156956
0.2190588378038185
0.2197082796086885
0.2164765805032416
0.21704849956862543
0.18345135835101037
0.1986778749983943
0.2041939239590764
0.21643548087529121
0.22247209702254034
0.2053869080468254
0.20610366003197614
0.20853508407078467
0.2347443124280054
0.23602244925673735
0.23710277429297638
0.23638910683210496
0.2346955740786597
0.23295478599339092
0.2315298835981707
0.22879652918184115
0.22436353020462949
0.3669906651023509
0.9668192077732233
0.8782641289866157
0.295121542519978
0.2916190229548601
0.28948689461037747
0.28702902568719535
0.30861133701222976
0.30775138041998207
0.30582481284035395
0.30446499471796046
0.3124175681492802
0.3096522895963562
0.30755281489973835
0.30497346311031714
0.29246850265087265
0.2874162181235159
0.2801725404545488
0.2780753329164428
0.26733769013953385
0.2654711062594303
0.2657868169405178
0.26242309918500295
0.23660670309339396
0.2397117927118457
0.23032437328649646
0.23409687745417798
0.17454080497780425
0.17288764596503653
0.17309345477817215
0.17353881099418722
0.1646473166090755
0.1709949051872851
0.164407448056361
0.16444082018970155
0.1658016430130625
0.17995780907631728
0.18018096749547047
0.1802982299582226
0.17547235521475965
0.16162379513046193
0.1616328066183416
0.16176120013810852
0.17980983716845944
0.16047245763859616
0.17206713072557434
0.16978829774672924
0.16452247366965625
0.16099247790209967
0.158421970616422
0.15733143579074366
0.15570549612896084
0.1559326700998178
0.15606655839888056
0.15627749748658734
0.15612617339189375
0.15616388421309949
0.15624843579489964
0.15633217306521882
0.15938694398683256
0.1605830745148187
0.1626796478193853
0.165143218575062
0.17133139846093656
0.17467629834256707
0.17701340633532026
0.1793666915369224
0.18629557697176485
0.19122438366941857
0.19014719276179567
0.1944992528900711
0.196054512347538
0.19804911490762628
0.20029708612655336
0.2018793180824182
0.2013470058880259
0.20383209794460774
0.21505976154582257
0.25711600915177046
0.26355084898615694
0.2895118297415473
0.2867704919289367
0.25341825857109357
0.2699595152571125
0.25041546287310307
0.2487247309972941
0.24771848596425855
0.27330848769173904
0.2700453244092293
0.2813561024000938
0.2797993314400938
0.27421186970542033
0.2710762042841481
0.2683620452786159
0.2716868404592494
0.26723393872429446
0.26413578812024957
0.2620712547075796
0.2600895917991593
0.2722433327513343
0.27023354218751444
0.27053166737234347
0.2730006922342
0.28703491285029276
0.2811232729246994
0.27675123076971425
0.27240563956314595
0.2843317565295179
0.2838854973416725
0.28154293799916147
0.27968617149692365
0.3626507084984937
0.9623772817102699
0.8767222833865931
0.2824146293933652
0.27183377678179854
0.2671023922880445
0.270296640144182
0.2692597919055504
0.2423017331113144
0.24898648169019796
0.24096217894835756
0.2436730882384543
0.22064818588254548
0.22075725365695886
0.2220874004155004
0.22052690265734629
0.19696253267542246
0.1950370062398177
0.1945755979206727
0.19815663839163974
0.17781038598366178
0.19314751176139341
0.1929426507991401
0.19374507434719263
0.1845436166276826
0.17127548681975208
0.17077288598547727
0.16998432462788374
0.18440264490778083
0.16767599084245624
0.17744276949634877
0.1738491209862411
0.1731297450814804
0.17244662034356437
0.16766748564679382
0.16573525753286186
0.16278751396041383
0.16486957502181313
0.16603058599653406
0.1601446794588207
0.16176870336444796
0.1618179326592312
0.16196048597635845
0.16228008790832804
0.17123889597727335
0.1721933457010448
0.1731504264578734
0.1741790593777564
0.18206526185601613
0.18500942945350218
0.1883855635613471
0.1918534921827567
0.19562088701189076
0.1973106554689478
0.19850357967986462
0.19953082785002876
0.19982296901404542
0.20085519955225362
0.20248303606051282
0.20382726855044947
0.24066472745814588
0.3004006832131029
0.2509192144958926
0.2613854336523953
0.23320363694090243
0.23315881133725372
0.23311280421971567
0.2697694237226365
0.2607476930635657
0.2764803413902621
0.2580467591462432
0.19742781153157118
0.22262942787579765
0.2136837615915593
0.22501948648915823
0.22465810234048786
0.22466299503991183
0.22805012635033603
0.22569793141493952
0.23184247250805423
0.22083844344076886
0.26971953885842936
0.27004849029521794
0.26789275136886753
0.27997895519990235
0.2789547567303081
0.21661676823795567
0.2120450462671449
0.21615936051681822
0.28707321562864374
0.2849439413735552
0.2821805996443869
0.2899829984756377
0.2874743098332256
0.28508630025965737
0.2827066880336417
0.2713649061663832
0.2732255452317612
0.27284310886144897
0.27294750632625636
0.2652541708890222
0.2670305194960913
0.2685525654532529
0.2697616452044501
0.24451750669070446
0.2480233723792422
0.2392013733189963
0.2414043200040709
0.21758306571626787
0.21682143908517004
0.21702548069748095
0.21751643924535977
0.19666355856567047
0.19302486336184696
0.1949063886385094
0.19115940988398283
0.1789396830878665
0.19319861178387812
0.1934407069979853
0.19353772379500106
0.18490012183424545
0.1710035907515169
0.16358463580474783
0.16326744166081048
0.18617309583375402
0.17061006618556526
0.18278276052188477
0.17826388284759637
0.17534666897766407
0.17476226215271157
0.1753345800771985
0.1746908893205113
0.17179699029477907
0.1705840329280693
0.1693305832769017
0.16802136743988744
0.16826595161385177
0.16763530628389509
0.16602820053451783
0.164375392481436
0.1739593057812037
0.17557458102804333
0.1771318654852682
0.17868237110950147
0.22367887711291679
0.24874283156326563
0.2315894450762661
0.22968973125396422
0.24735881664395698
0.2490190881426834
0.2902364865854953
0.3161357492299219
0.25817868285207535
0.2528418062467552
0.2511041492479537
0.24964015148792418
0.24726672471971536
0.2484672376188829
0.24819906279169196
0.24778148662684565
0.22273978045282333
0.2420586927027345
0.23055485400324727
0.2368952565192801
0.2560780330171651
0.24353102452083575
0.2425290114429479
0.2467652355703751
0.2687699420482397
0.26186258720937317
0.2711904190915994
0.2692984037716774
0.2688028901379128
0.22171876900944873
0.22057774506704286
0.22077840760847361
0.21331561645124417
0.20867105274394512
0.21209273039923826
0.2057339703791996
0.20813851144790046
0.20570879678752263
0.20324697285112006
0.20369730235400607
0.20925315436151617
0.20759212277465597
0.2064312077635984
0.20529859332749403
0.2090584978734897
0.20746302239421713
0.20612642014008645
0.2048916402814123
0.19939527044006378
0.19799795932293549
0.19666419164840637
0.2680770053317118
0.2638062188850052
0.26672002989756843
0.2688838840708205
0.27028732688966756
0.24519897948353397
0.2517202187746195
0.2402285695135542
0.24117112742923458
0.21855361611662089
0.2180918492663359
0.21786882281145134
0.21766820712042348
0.1942069534049353
0.1930498730546096
0.17187376368829366
0.1713622638806376
0.16425403794929222
0.17850106838232685
0.17830136344927014
0.1789588876768252
0.17877817476209484
0.16852487627638485
0.16771506511763695
0.1677261842879989
0.1867857015467365
0.17296637027418604
0.18222030364432376
0.1792081917143097
0.17570332305575387
0.1742993094225406
0.17301579005057155
0.1718160765341641
0.16939558909751176
0.16971018199689095
0.16889843234854002
0.1684126399220959
0.1696124917345992
0.16946745334978616
0.17736720123984492
0.17750302682319236
0.17431411953470885
0.17452577942577158
0.17496402928092913
0.1754502793705314
0.22362642898282398
0.2658544152263794
0.23253225473198683
0.24997922390954533
0.24099100953151942
0.23724348640579263
0.2382907757515578
0.23970699885136318
0.23784308245051228
0.24173657809965676
0.24457525554493253
0.24079041677021623
0.23889768946859094
0.23887460271926056
0.2396549346755667
0.24060891534884313
0.21381645392047177
0.23611560035097062
0.22332396968004425
0.22431724828173505
0.2551659383812501
0.1954654296748686
0.19587284511069047
0.1963666098095565
0.21685466572475437
0.20790798062948646
0.21701446051925377
0.21191315233923214
0.21103148850373216
0.21064585712147346
0.20729761036977923
0.2090050944175202
0.20736002382636418
0.25575327387694063
0.2565064943055201
0.25711353797253045
0.271959923762227
0.27187963548280514
0.2717249067770972
0.27148969186692656
0.2948976145152482
0.21979655647303006
0.21697359186346224
0.21548114983960956
0.21837204311403186
0.2165162176832347
0.214615617629552
0.21293850267423128
0.20810364585774682
0.20745729122912643
0.20840404924286954
0.21486265914798183
0.2092178193298622
0.20657811791787592
0.2045981373760924
0.2003045833472511
0.1881866522218555
0.25001284074874197
0.241878750807699
0.24638437791567372
0.22485468276044202
0.22538592699606425
0.22606112065489006
0.2267432509531654
0.20362185787435663
0.20296428534872094
0.20265726982004778
0.20310772300124066
0.1765220225016422
0.18959136071007945
0.18957837368843805
0.189648568344357
0.19633840694926732
0.196274663818391
0.1786431424126701
0.17745472007219978
0.19261465190844498
0.17968815724379644
0.1898988458802266
0.18638605795270832
0.1831849826666007
0.18291227553853026
0.18206601476016981
0.1814072843672862
0.17870050993155895
0.17767871918185837
0.17663673967837773
0.17557202995270998
0.17629466413788383
0.17647354796477832
0.1768347729053976
0.17616185405302073
0.18288967459696484
0.18260802213297314
0.18216180895473078
0.18166998750443092
0.18701991105667493
0.1872881323187865
0.22705477174052197
0.23060532867983072
0.23465733295333066
0.23627204580891453
0.23789302572083473
0.23973688671353435
0.23803432790424622
0.23851238410088837
0.23907737239548998
0.23963001869437073
0.2377942787676609
0.2383176208165443
0.23895257112324278
0.27550351080020796
0.21663008166152248
0.2268465212058341
0.306733278371264
0.25054858949334774
0.2536900800531485
0.265398151048065
0.2395027735404924
0.24098620468231277
0.2669219002909499
0.2593654801416814
0.27255456074053636
0.2690718381697717
0.26513569738125464
0.266924064193925
0.26535800324558584
0.26531551796616204
0.2798594166954517
0.3230529554612158
0.3260172491231441
0.32612181831693454
0.33835122522944844
0.3135272412061153
0.30077003135387154
0.3010288703760147
0.32228465801261375
0.3380520424782657
0.3588637864834946
0.3307106194711805
0.33186456539950265
0.330079228321621
0.32585281133495153
0.3251924887400965
0.3100483556590578
0.30815540894914367
0.3072574538336996
0.30572753611039477
0.2955533927502657
0.2950911507149709
0.2980750272046409
0.29622750547028964
0.25781030872861677
0.2715565082072716
0.2599086900393045
0.26695964935911676
0.24159098246392627
0.2409945114336998
0.24103478410376405
0.2411612730151168
0.21676685634374893
0.21566468831634347
0.21574291238895937
0.21714904646523447
0.18785517196770857
0.18585617575042238
0.18433941550555763
0.18295560949266007
0.20532847319268607
0.19406985447769964
0.2062709793095935
0.20270529841693383
0.1989386531173086
0.1974422296973787
0.1961599292487638
0.19506476477291324
0.19195981236411017
0.1912915552638004
0.1901657917349847
0.1890281792844363
0.18957122764954698
0.18839014069214716
0.18710657873581255
0.18580160697949913
0.19361597569050198
0.19353257197357865
0.19380249551661285
0.19287211038839164
0.19215587010644897
0.1921897561914996
0.192750369684628
0.19351089578342492
0.19659724763917932
0.1975328286668655
0.19877785056254904
0.20033339125518387
0.20007776187863388
0.20061307603160017
0.2013309965716865
0.20202440392290785
0.20238846880750125
0.20478492470020293
0.2071568692778668
0.20868842051547695
0.18061337592073162
0.1926612220607251
0.19247804182832323
0.1955269145424141
0.2131566020534043
0.1966079024360748
0.19741133129172006
0.19811782972310885
0.22610422030791327
0.21647182085015998
0.22798078071159886
0.2268393151164894
0.22636883133449157
0.22628444935419012
0.27480623659042236
0.2777772216476895
0.2820608233207894
0.29285782098148727
0.32494071427533633
0.3256450419204235
0.3379590475687033
0.33813922598778073
0.32599275568408115
0.32080391765386024
0.3407255553150545
0.3367859236172423
0.3343712584044339
0.33137992050256276
0.33793417983543306
0.3374705859042395
0.33896636670016544
0.3294932343404405
0.31345339518814674
0.31457380840510957
0.31198645191300367
0.3084457411028008
0.30174501202173837
0.2961954820930812
0.2935201713704503
0.2914938021657688
0.25387076592036956
0.26773574082783774
0.25538575498751065
0.25848197278275303
0.2532876595375509
0.20374439349787005
0.21661986102157493
0.21167474000338243
0.19074731185765173
0.19047780048961171
0.18771071503406161
0.18668095417187394
0.1624830233149079
0.17675345599237743
0.17693222196172265
0.17710301144784113
0.18685798567833162
0.17413074184191554
0.17347306324260944
0.1724032960689067
0.1924397821127039
0.1800676138391356
0.19109124813438855
0.18841571894551626
0.18414197020195927
0.1823321979522891
0.18068778027730545
0.17915237572118045
0.17653613865052747
0.17568864076424223
0.17554838850455115
0.174589555514735
0.175084314764719
0.17391982887669982
0.17264178901070876
0.17132660636342406
0.17924360067031797
0.17876501436346104
0.2020925372832987
0.20205248192967146
0.2245281303923949
0.22664777762264515
0.22882095870174754
0.28434146090702944
0.24354136550106353
0.2426848164335405
0.24580605019691482
0.2493228483846771
0.24912356353057086
0.25163904131608755
0.25453486978811113
0.25335432146998665
0.2141116593537674
0.2126419646756076
0.21453501766377148
0.2129661137181363
0.22438043471410418
0.19576858527169574
0.19447815098251345
0.19544177636659982
0.21559339252588006
0.19837145043120027
0.19874129621159187
0.20080551998033327
0.23627048942167
0.2239013047085851
0.2270617155470432
0.2247633508639643
0.22364342355114625
0.22310831033937156
0.22300697210371873
0.22286681998710856
0.2198526122160603
0.2191541896070387
0.2194623171442992
0.21800217376701594
0.22161682116184692
0.2183454966737615
0.21533223391584635
0.21218142613554367
0.22041386185390272
0.22042960970557668
0.21933772011546457
0.2177709041150016
0.21938807670029128
0.21624631835084143
0.21305664492454768
0.2905223953509062
0.2801978297791938
0.2811011997891127
0.2807178995693727
0.280581531448369
0.27133724541986015
0.2716601228084671
0.2718709396964988
0.27200216121774234
0.24396172877128366
0.25172382014835437
0.24185235414666986
0.2448377615329725
0.22436252614751354
0.2258298730525704
0.2271252890941739
0.22949782292160048
0.20840726807162807
0.1835675736271032
0.18253074500841682
0.18176258660557337
0.163625638798638
0.17811079058871784
0.1787109213640225
0.17920592418360315
0.17985882286187105
0.16801810987446889
0.16834720366104544
0.1680038463602582
0.18747477794168058
0.17328223797451256
0.1824956923070074
0.1787440933465699
0.175384596486924
0.1742381820112182
0.17422402002383938
0.1730594688826609
0.17065268325333907
0.1700459883788961
0.16945901064154767
0.16888937616184813
0.16981762650592813
0.16995870289215848
0.16926021901217156
0.16860422819241186
0.1764145267106981
0.17623161097724993
0.19859203503904616
0.1990039273949342
0.22089835408795414
0.22338101377170674
0.22465772791055053
0.22618631600745787
0.2301225849036581
0.23185212411560746
0.23389369469915278
0.23611282172408354
0.23616207185830754
0.23830368506253874
0.24085642778171615
0.2414659375169187
0.24246174593575445
0.24656482184880116
0.2521619079586704
0.25496091389696884
0.22425640224432006
0.24158645278232466
0.24473057035574336
0.24698024247435618
0.2676171641309093
0.2523035345619079
0.25466429056550943
0.25765638940428015
0.2862473647546492
0.28827008359153883
0.2925317689379914
0.2925891261066044
0.28946097203505605
0.2943043213602713
0.2951643586505195
0.29975850245496394
0.29928633246428626
0.2998185267740475
0.3015384035629576
0.30268761488921503
0.3157039388920711
0.3182558095328929
0.319089368734509
0.3150642908342061
0.33757491272040024
0.33739942247042026
0.3361444519031292
0.3344143245831413
0.3432891311295084
0.26286759226892437
0.2606552686717803
0.2575185637000873
0.3158747887499355
0.3145236362478509
0.31118482917631934
0.30468613860984234
0.2947005342448768
0.296654297225013
0.2965115009864722
0.2965549012030817
0.2630593265834255
0.2785174942595325
0.2788590468641796
0.32062658254231186
0.29890882362948734
0.2643180407630851
0.2577764453601938
0.2539060712564303
0.22846240069932067
0.22603980133813503
0.22499225157020447
0.22352454152047693
0.20648166638133925
0.20247207168592826
0.1999863450217239
0.19786879970307725
0.2045474088099821
0.188643857918224
0.18631334814375378
0.18257616073424618
0.2058819332259269
0.1955594412763633
0.20474750955025842
0.20120082975082315
0.19782405678968487
0.19730062558537637
0.19652801749736085
0.19588893500866586
0.19266129661314552
0.19117530454503467
0.1897304915966776
0.18833610566020673
0.18903733395119018
0.1892322021568449
0.18833154265943153
0.1876625005860188
0.19504975176628722
0.19447929422133087
0.19361325061046689
0.19277155733470164
0.23665916447458188
0.23776385758731972
0.23834756363011078
0.23878492195775183
0.24195749402473235
0.24298941927262785
0.24401768356640938
0.24503107145750064
0.2439638844046445
0.24461615965099306
0.2454149306231575
0.2461645900404539
0.24441562255873053
0.24489051810206583
0.24610225720975062
0.24844928562284063
0.31088731629252553
0.9355649765750513
0.9288662295196196
0.8430224710895478
0.2683083090687704
0.2505669143974388
0.2531577642203724
0.25291938408981324
0.28078717974818845
0.2710226440428874
0.27933209466719144
0.2763267948688802
0.2709603062728677
0.2680277735685858
0.26580272963271184
0.2645833692486338
0.26860263047463395
0.2697403410116765
0.27705556421282007
0.2680113262639943
0.2790853042361851
0.2776387571891146
0.2762916767551841
0.276991165971327
0.2992884317105685
0.3025055227046038
0.30022149724117314
0.30002425747515765
0.3113356933784814
0.307757021740339
0.30564239781230607
0.3005766524747824
0.28796287149109034
0.2871152976195195
0.28705735817111994
0.2859958019885217
0.2768412269766311
0.21622222995895
0.21227672561096247
0.2113705042707728
0.19064197329197452
0.19316037575457715
0.1791886977675523
0.17932262895985207
0.17536263790650192
0.1758770754455696
0.17644354465448034
0.17778135912494777
0.17134454942260033
0.16910388105552246
0.1683491818238867
0.16774667809402036
0.1654544341072164
0.17962043752285728
0.1799485839438833
0.18017550078667688
0.17513504450876707
0.16150229955165088
0.1624699077053937
0.16371909625264708
0.18726801237412338
0.16591971346661985
0.17403109676117118
0.16765593287901095
0.1671001110077176
0.16868508396684773
0.16986274772222115
0.17033221806457852
0.168958700788816
0.16827804850246092
0.16778546913003747
0.1673265290129531
0.1682297220720006
0.16719701494564354
0.16569946779184083
0.16438786967759203
0.1728169862393322
0.17293816073238338
0.17276431248277654
0.17278028750545993
0.17896657821425854
0.18092317859871765
0.18296758001188257
0.18587937577130553
0.22866933146327678
0.2986229478510338
0.2479550712151411
0.23494788653804372
0.28886484489017283
0.23830197282844737
0.2348372542820523
0.26930891131096857
0.24020283513744337
0.24059162364113298
0.31079860389156994
0.3129441228450176
0.3142142083462541
0.3199853189420458
0.23655407918555948
0.2367386057104375
0.3270087116501328
0.249813569773057
0.24053378470487868
0.26553872567955206
0.26042784848606265
0.25580277514665917
0.2974277196818584
0.2661654950531978
0.26026164074548264
0.31163324148572435
0.2694589856956215
0.2678481451914608
0.3052203289098328
0.27424340215835336
0.27016630089357885
0.32490451801999015
0.29916910918921086
0.2759685683841377
0.3189068184464766
0.2763246774950496
0.29590623343117783
0.31863388109414015
0.29664346929656765
0.35784955509698263
0.366970360180796
0.35593751294683373
0.32452280149602075
0.36033724668865197
0.22067890974978727
0.20209374936560598
0.19797300459596343
0.1914850180537401
0.18847029749997293
0.18872313879975278
0.19256580514473326
0.26431386715855565
0.24312964342175986
0.2468340781187944
0.23663987088895266
0.2406042464943577
0.2180482703406693
0.21998152973746513
0.21900428061843905
0.21518678559740187
0.190723458041934
0.18978088651127042
0.18937245566315905
0.18910682470478507
0.1791486635899254
0.1933826040129961
0.1944011340676998
0.19455101691003232
0.18374789554468152
0.16121465250821376
0.16098558483705597
0.16067701241130664
0.18357703326588895
0.16430527210150872
0.1747175475384457
0.1713395435625108
0.16692837646795103
0.1645837252857917
0.16229219005712353
0.16050869484457034
0.15753004020435057
0.15641082843855567
0.1557290954680349
0.15564192283696354
0.15574844689927533
0.1562062933655879
0.15615337483231892
0.1570985741410162
0.1641903900331564
0.16644377986707226
0.17609515187314934
0.20687328356733795
0.22004073839829438
0.219408265167683
0.22120581862944463
0.22323350510521617
0.226854252563229
0.22816613324474236
0.2293017748983085
0.22998106228328108
0.2286357117557039
0.230273740154263
0.23288844070093762
0.23501660855278117
0.2345577701248438
0.23579237789210022
0.3288002679108743
0.9287699633614345
0.8929832244674704
0.8137432067915924
0.22076116797589396
0.2200214404705111
0.24860596009385869
0.23177991557693114
0.233681416451774
0.23425320084362417
0.2596983185711462
0.25113627245474396
0.25931456994528174
0.25665112978538174
0.2542450262780283
0.2558236180617558
0.254861448241423
0.2562960271569408
0.25987925417182994
0.2598235915299008
0.2610293751139152
0.2609745729938011
0.2733870827263193
0.2726094466824419
0.27871648384166564
0.3160658881206629
0.34556367562874035
0.34241973946043086
0.3091717317498572
0.30177636013446585
0.3102771338066802
0.302467202659211
0.29524846006130256
0.2898165710625045
0.27842912922506247
0.27832676854999133
0.27173379427130245
0.269418103976749
0.2597387509279937
0.2693106841705352
0.4006179953343899
1.0
0.9322062146591191
0.9466653092746722
0.9011022797910162
0.26008191318189827
0.2329281654087078
0.26835295333544495
0.22679536778248457
0.22484292295232747
0.19117931086615647
0.17453446101529294
0.17362534574809457
0.17071147349752436
0.16572797616136123
0.18011890834261715
0.1805094637886995
0.1807668903275634
0.17533802318170655
0.16113996030475441
0.16081010173413035
0.16081644461774872
0.1787677851619787
0.16147603784676112
0.1742657355017082
0.17043604465198642
0.16735716716218427
0.16517143837678513
0.16342907364616482
0.16178915650663045
0.1582579454924227
0.157255729880775
0.1564000158318342
0.15605455739142415
0.15648619472083425
0.15644607732306984
0.15601032135111317
0.15603418651382756
0.1625978828126007
0.16315891398154891
0.1641217627858535
0.16490929957837527
0.16789140872743566
0.16963303251629555
0.17153010400054203
0.17396494548105457
0.17983718533955806
0.18428296993691637
0.22800927011180855
0.23213957471479027
0.2311161467223525
0.29044584762970627
0.1972472059041462
0.19424050989641387
0.19285827783812567
0.19425029891539572
0.19511246300654886
0.19621782196718301
0.17463704905872104
0.1835731523388703
0.18307733889715727
0.18284772193439527
0.201105920357881
0.2335058176172781
0.2368461139308077
0.24145738209786316
0.21885414527656166
0.21996156457695662
0.21621967254764524
0.2137305752284631
0.21506715366194903
0.21684532713490764
0.2191695177093571
0.22238993912480798
0.267505389138916
0.26787530613566185
0.2679834231514562
0.2676962800522769
0.22512298543499248
0.218563561556089
0.2214438372219128
0.21505595740115468
0.22173466930909147
0.22046007266946455
0.21946635222971655
0.21728108992917458
0.21983053146777712
0.29794611850922176
0.29823691048733064
0.29891870315909613
0.2876671241484052
0.2871852961305413
0.2868647678780108
0.2791269475982757
0.2685961515639563
0.26845342362457586
0.2683632616468066
0.2682845722358621
0.24476648572716553
0.24879577583689272
0.23885930104140385
0.2420199167780773
0.22439995476890773
0.22465382039365742
0.2277512587495257
0.22591762810048313
0.20193011964579335
0.20384753102704184
0.18355637740859143
0.179350995151211
0.16262917976099842
0.17735043143801016
0.17730932602662133
0.17783088998666155
0.18489455303287428
0.17368986326458088
0.17453706294092663
0.17576519217379216
0.19060060768226425
0.17737054017352907
0.18465184930533224
0.17797960229274365
0.1753389975348225
0.175103751082078
0.17566578588850118
0.17559904288623304
0.17249956670143457
0.17108389142387753
0.16968926442198332
0.1682983529596597
0.16912097262410786
0.1685406072034477
0.16883565670942638
0.16786804406330388
0.17663588062753918
0.17744815628236035
0.17820953724892105
0.17893470350091223
0.2234734708426532
0.26598071664084083
0.2332412971158976
0.23255794635666702
0.2803343888626023
0.24654898374096945
0.2460449189937382
0.2870430098786656
0.24920200024348685
0.24801266414966835
0.2759949377638018
0.2537070699153814
0.24691815063116768
0.21315350507936773
0.21215912425203393
0.2121066030918292
0.1818323987798904
0.19417506365864928
0.19401273036994102
0.19417875117248493
0.21845857582512465
0.20519515535040983
0.20507733734848993
0.20974290522067668
0.23060055598422916
0.22828939745618568
0.22900938647085436
0.22832198190104447
0.23081053627617384
0.23246889719636665
0.23537601957946466
0.23902109967427532
0.23501579155634952
0.2327111618518571
0.23073719645309237
0.22839676628998776
0.23302946956500026
0.22994243922518653
0.2872334599538253
0.33707999333099076
0.3590304535771927
0.35828025935084096
0.3579855369672784
0.357936769006957
0.34703235938016186
0.3412750475247086
0.3366830916133524
0.330311791582486
0.31375058094606806
0.30898991718034985
0.3043281361676921
0.3003904517698168
0.2902668452641488
0.29195854936720983
0.29344545893150886
0.28813950024373963
0.2511554340174405
0.2589963125928438
0.2517783572337964
0.25044960905904345
0.2248553335755633
0.22581809250108986
0.224206678112842
0.22307444640852006
0.1750963048532869
0.17557313643425412
0.17301934701304794
0.17240383149524424
0.16400894845074365
0.178107588380887
0.1782804540232212
0.1784076072638867
0.1811957759049202
0.16962666642870067
0.17021154200586966
0.17038461938920377
0.19018888052487565
0.17982478596156065
0.19260441736051764
0.18817845689864246
0.18347559200018154
0.18085037828807476
0.17830788176183765
0.17581510740167003
0.1739667061497196
0.17302560307489434
0.17240532648120271
0.1718694937690712
0.1730993092466025
0.17286691194653409
0.172525448874169
0.172726471590142
0.18040843954378802
0.1799736953075259
0.17941604094170552
0.17883834837520154
0.22314393649239334
0.22537721981407258
0.22703676435026923
0.22929837649485782
0.19150654845632648
0.19007104397530492
0.22919683607925392
0.26603044149373645
0.23364385805864388
0.23279376511220123
0.2799001412328812
0.24300703952044486
0.23965138184894672
0.2713523623546733
0.24761022877690153
0.24867178667194825
0.2564407737544596
0.23546994399209856
0.23157920702326215
0.2739988451398968
0.26221667696915735
0.24764446362137066
0.23683121901862786
0.20275407773120516
0.2940821996095621
0.2811476778729234
0.277146382222782
0.2823834146746903
0.2277138012547602
0.21823489551649466
0.21945961545738785
0.22144263977358683
0.21541050970682474
0.2134607500601693
0.20919315014603257
0.20561470562807047
0.20879414036955016
0.2076249416893509
0.20651617828860083
0.2696301475906317
0.296592842309145
0.2951811820340382
0.2935021970856325
0.29276710460590594
0.3011810593643848
0.2992615593376927
0.29676793341303026
0.293979938814236
0.28258456186950853
0.2828133438946567
0.28357891633800375
0.2141893845266421
0.2708906670871983
0.27130644208656574
0.27093361570567565
0.2703591196853838
0.24426235093486762
0.25001783436766195
0.24240596644216422
0.24242644247610431
0.22056860512703963
0.18345883732770701
0.18241653471524027
0.1818982756146264
0.1738139099000429
0.17300703492441982
0.17237990302667833
0.17241420025493848
0.1659109220601826
0.18032575550395064
0.1807330199763437
0.18072148931491314
0.1750652546074983
0.1610256506886925
0.16200837208397878
0.16181978514975692
0.1849081621246502
0.166760406252177
0.17688996531934922
0.1736149671221871
0.16903285851062202
0.16261602663476732
0.15928510694209977
0.15754381954602598
0.15554928427781514
0.15637361532854413
0.15643184616392805
0.15592478959996658
0.15710624571488874
0.15740083518339087
0.1571045273812289
0.15729605678048864
0.16377325051248645
0.16336574342157972
0.16307274151685985
0.1627509403481189
0.16861847837688038
0.17164110192417695
0.17347028288221858
0.17601590181714877
0.21621383213139042
0.21543704627044377
0.2143475415901535
0.20814645273187685
0.2076548936497657
0.21104343504349596
0.21418120712914296
0.21734164973310655
0.21758734177449066
0.21991516209774672
0.2226769026939135
0.22546893544737878
0.20723931499806625
0.22056145535357896
0.22088917157420837
0.23888792076137297
0.23453179025649754
0.21246068214549024
0.232342311418178
0.21094817850482125
0.22987879298775374
0.21389443156328017
0.19107109542315978
0.19049440237667573
0.2296478937833132
0.23336153761673564
0.2353872868177507
0.23828377026806183
0.24114452138809445
0.23959175367179028
0.23760826758179845
0.23507433950852105
0.25283497726747295
0.25481423130002845
0.251005064929976
0.250640981864127
0.2724477927635389
0.2705369113380807
0.2688467629583407
0.2674333065668892
0.27683451291550226
0.27141617310938054
0.2671025781000883
0.26040265828077613
0.24710164617579725
0.24592123462597715
0.24608521936707672
0.24608137002488756
0.23756036082704504
0.24049197064314287
0.2434202797764245
0.2513201099210235
0.23382187447408476
0.23195285028792773
0.22219954573862707
0.22581856111499043
0.20321860531313143
0.2027306011112203
0.20251811891761565
0.20217618428696768
0.16480525394344656
0.1650413696569122
0.1653041798557667
0.165505278946469
0.16923908481526248
0.18303006890609347
0.18354559827454425
0.18398310190472425
0.17648800561479838
0.16234911022641527
0.1621752340774961
0.16230263902427203
0.17813205754087932
0.16435745217344644
0.16428673393961915
0.16121492103318907
0.15839571223743176
0.15776981829131534
0.15748362990404266
0.15768175631138504
0.15564796055286043
0.1559005472650009
0.15621425400897618
0.15630446974852782
0.15634448327933134
0.15636440858720882
0.15651103169718586
0.15658350163678741
0.15918459810750432
0.15938460131627216
0.15973275475556803
0.1799708703154562
0.202412623072138
0.2060202244511945
0.20867033350067396
0.21155020822162698
0.21674979989066062
0.21990824341865278
0.22209077166089872
0.2238132398589721
0.22387591648916763
0.22599568385127738
0.22851327672264218
0.23161847089721257
0.2324057638839429
0.24390950299431352
0.2774762175534894
0.25034716939400803
0.21168669720428307
0.22080838382484555
0.22153766862934898
0.220352846035331
0.2535237106625955
0.23920731977357457
0.24163419978443446
0.24378571754937478
0.2694628587383367
0.27064768269926176
0.26934260856823333
0.2693969302905664
0.2697015460854499
0.2701074729074669
0.27258503005418944
0.2752923137641578
0.278190502174208
0.27662057601672646
0.36730850681129645
0.9644010230225574
0.888471123929
0.2908970281332993
0.28941332416878907
0.2844356692050729
0.3081531866806824
0.30882827851055084
0.3053337320903171
0.3033121155150507
0.3100777261771082
0.31099951762159395
0.3038363978586207
0.29964633722771267
0.2856116436097336
0.28331400135180784
0.2825225336434328
0.2820087977654608
0.26940806839770215
0.2694492651390737
0.2696505503780321
0.2697193483597885
0.2421806376400342
0.24871966473534116
0.2404395633653815
0.24489225387286098
0.2206195274439147
0.21796802553469685
0.21674973766369554
0.21565497271260092
0.17226758965562725
0.1711206482584963
0.17050239602553305
0.17004913298642638
0.16585799216593117
0.17982099330946305
0.18054840241443368
0.18110571841638945
0.17545054347594713
0.16147731646543742
0.16083724137138355
0.1608671168032217
0.18104659019284502
0.16431906273827038
0.17363657856464737
0.17105036462625264
0.16849893801765511
0.1677212158868748
0.16698246781945877
0.1663299525591343
0.1634720629296634
0.1623149421070907
0.1611689220624808
0.16004109563753868
0.16178647176196131
0.16130780282412868
0.16093621856788212
0.16058449809071393
0.1690759422690889
0.1696926475190974
0.16655087763152226
0.16717917677265676
0.20966127194035541
0.20966414523054966
0.2090566697624204
0.25044292847502553
0.21556493899750753
0.21301251231849336
0.21268426530747225
0.2131207958955407
0.21172021862619728
0.21328954417460066
0.21518958459872745
0.21718440973584682
0.216470493720311
0.21707389658033271
0.21767691540168338
0.21830829370627083
0.20719911705111077
0.22002519193037767
0.21926615316974535
0.2185694315358005
0.23555566472215425
0.21876002767614244
0.21941278943228468
0.21842691249670132
0.23518187102381574
0.2296116087930982
0.24036652313899545
0.18959769668746218
0.23488622577276635
0.23693458829682945
0.1987388385369232
0.19348152562762674
0.19243602151699546
0.1941932707550412
0.19648936308601817
0.25096059834712525
0.26766328583715754
0.2712901457829749
0.27031422153330803
0.2698066606734854
0.29277457543115365
0.292549033451514
0.2917459262032819
0.2901824509873245
0.2982012907114653
0.2968574381665685
0.3861001136004248
0.8897259891394595
0.2832470489071822
0.28019106211988803
0.28230241462067773
0.27724611850219916
0.2684483360685183
0.27070047509845696
0.26449435430258467
0.2619798425713523
0.24025209600681088
0.24249041526676327
0.23633082220467788
0.23781504191455946
0.2143399614330893
0.21674462657112042
0.21481167268049864
0.21619528433628513
0.19093855541001506
0.19013577035590437
0.18890867676116777
0.19229416018621098
0.17889640668845888
0.1931844962712368
0.1933543646115107
0.19353697946279674
0.18423908785017523
0.169598001744739
0.16842674458926923
0.16772909041945563
0.1858291694481779
0.16808929625244565
0.17671656285957937
0.1730112684894792
0.1669474663103599
0.1652848648399723
0.16537141454115134
0.16354684841573747
0.15860246306816878
0.16049586039802535
0.1629142928186766
0.15700905316750172
0.15715014812894965
0.1590409025581069
0.15681341271790258
0.15662914790699808
0.1644200981521121
0.16476565020557946
0.16577027830176513
0.1681453585842908
0.17320677727519201
0.17518789905856305
0.17754190139199835
0.18011853269395067
0.18409918649836998
0.18646859049822437
0.22746061886198624
0.22996189248286528
0.22921774877962306
0.23010673604123247
0.23141954675467158
0.23317905689614957
0.23281395800688404
0.2342792667748504
0.2723948034323885
0.23968651519735593
0.21316587693584588
0.2718644271164994
0.22556391253427055
0.22380634041295921
0.3121284338403775
0.23905413120386124
0.2377343547521941
0.24849752601831593
0.26294100304590534
0.25397707081567056
0.3153740478931427
0.26488888262228366
0.2586632700760467
0.29581072510715534
0.26791899301643674
0.2655331790186829
0.31513390184832174
0.2723888014451159
0.26754257329328474
0.29724781894820906
0.2706847730620788
0.32541544394749844
0.28989664677498667
0.2842101057379882
0.3038591242147287
0.3052294850680935
0.30126795573604487
0.2987101162451067
0.3062960631155386
0.3055053981190292
0.3020147816707868
0.29967379509916947
0.28557989306333015
0.2831998397508003
0.2804431618030573
0.2781764086709776
0.27341294303999963
0.27779389910607144
0.2766579669313209
0.2759641375079491
0.24520800274938492
0.2554250988505888
0.24232140570099195
0.24423356432903337
0.221892488754449
0.2235012207962621
0.22296001472008115
0.22312211381321953
0.20113881261385863
0.1988399688709342
0.19832220653363583
0.19837263349680295
0.1649502652762221
0.17976552290116357
0.18053590988586446
0.18093877564594749
0.17616677932078875
0.1616058468867456
0.16108700654110972
0.16092190532732273
0.182331724124561
0.1628462790010399
0.17143194224777739
0.166009119547719
0.16280419522292613
0.16189769812071067
0.16111603405330996
0.16036530275075084
0.16241678584829267
0.16216268158793595
0.16107305403650873
0.159863919002832
0.161096169911116
0.1605284858612277
0.1602808273990466
0.15970312625049093
0.16888950291747554
0.1690826009153697
0.16939253278670155
0.16940270942084273
0.17581808760678494
0.1781412503488336
0.18050063490181686
0.1826021826877422
0.1873450559630103
0.19878744129723155
0.24006423195609528
0.2912548048643983
0.2878778993324759
0.25376217042580546
0.25040418022622957
0.2509006291250899
0.2509632593608981
0.2536116711936239
0.25528539609268985
0.254839959199359
0.22159871002907916
0.23495500170135653
0.2375523151709435
0.23879714453503875
0.26309408401917517
0.24579639930287225
0.2472408648211597
0.2456419760307376
0.2758129041795845
0.2689160321208703
0.27827702468888693
0.2744540517660824
0.36254967971333324
0.8716131842380606
0.273089898899299
0.2701665166887037
0.2717168711769718
0.2702975235915606
0.21443761924552518
0.26470591549807143
0.27692999950801195
0.27568918554066474
0.27785511143698716
0.278352790962875
0.29797259248996183
0.2966928602561359
0.29518596025179017
0.3397230699937391
0.2227605102625972
0.21606427901284295
0.21020739292193927
0.2053443354023177
0.19464900731602572
0.19258766777884684
0.19340328706663976
0.26455834796748234
0.2581654077076106
0.2611735049651814
0.2639311546953957
0.2679682588518168
0.2435899456786327
0.25062848106769736
0.23943451595965248
0.24180273268305244
0.2201032951509773
0.22079737410095904
0.22175792655291388
0.22266169255107165
0.1989619635976667
0.19871204827238043
0.19792792235408008
0.17674477086517018
0.16439489341865215
0.17864402597828016
0.17899412056358438
0.179233382717236
0.18019882323617537
0.16732373759927008
0.1662764717720133
0.16412107482666208
0.18596772218746507
0.16927135903204799
0.1790821903613087
0.17531711706854688
0.17384451815476484
0.17219514657178872
0.16914998079571
0.16762395729868196
0.16599297083602435
0.16606915126682242
0.16601591836569837
0.16583377171405264
0.16758905214958514
0.1665416510749785
0.16571853094601638
0.16491001735664426
0.17352439989475815
0.17388098540264346
0.1741663414989878
0.17503654353600126
0.18416892348960526
0.18476355087937094
0.18592089008501128
0.18830564303244096
0.23258948754671355
0.23652036977380025
0.23897423202709478
0.1959761316125492
0.196409032414391
0.19709861352468303
0.1986307980348293
0.20090884771413287
0.20073722842643216
0.20252028925537854
0.2035850627015614
0.20511564194439744
0.17813576698989492
0.18904135037911504
0.1896759235295598
0.19443494090789354
0.2137154375843216
0.19777713252726095
0.19946128039941255
0.2010487782612876
0.22540384795063542
0.22600965067741852
0.22748553786920864
0.22811360127604316
0.23048121168812158
0.2338077703448774
0.23843729680141465
0.24409774277114754
0.24179936321058293
0.24127370545736232
0.24097964749450268
0.24023031818474871
0.24450270928174098
0.30099747984445513
0.29943597919405673
0.2971420128222804
0.35767260336933426
0.35840019533483713
0.3335529509613384
0.32250836168134134
0.36581452644778434
0.3297876403925177
0.32058987928750105
0.3506269840918444
0.30679544662858466
0.2979624066750699
0.2924905783408477
0.2862095230487108
0.28036734394280305
0.2810485702823534
0.28524173466339625
0.2888259201707398
0.2502639212297709
0.2591835631004773
0.2465144492075863
0.24864633604906627
0.2248497445301866
0.24711215714452447
0.2318127028764524
0.23066377442755528
0.2037017398664369
0.2046756267038885
0.20112019950412846
0.20006098843349032
0.16368437727211366
0.1775791514954474
0.1785392466523182
0.17898796043725257
0.17948204806424056
0.1657440239019682
0.16553204030816143
0.16487122854112593
0.18789261921852157
0.17457573176996313
0.18596564085497846
0.18305611991065804
0.17878869258897673
0.17655254635710263
0.17442693608593524
0.17239096920358224
0.16897467052758572
0.16736580072284107
0.16677653595973638
0.16486826617742695
0.17436838715606376
0.1985164152714306
0.17736410677588155
0.2249506577466212
0.20963687250637086
0.20079544558269055
0.24113509320035073
0.20437807270833655
0.22345074500601037
0.29910837555926495
0.24359791892390198
0.23428543036104366
0.2575040680639218
0.24539608322527035
0.24849431615404746
0.313459788932674
0.25945236952465683
0.2530742296559282
0.2971665516607367
0.25865923952595826
0.2569548898662912
0.29154281404369603
0.2639147940175974
0.2981917994972174
0.2570357538116804
0.249795319424014
0.2484154091394457
0.2985345660975382
0.2812360810450269
0.2634808522769701
0.29557598206529956
0.27329462076062855
0.28690170240326873
0.2746204025937652
0.2601103155974972
0.2613425205697484
0.2586190543869274
0.2593800355293569
0.26226734625000436
0.262430173658787
0.3145899144671322
0.319197126705956
0.3195432177739969
0.3222332285604201
0.3310119436652811
0.325770074751541
0.32050567626411214
0.31609756127656735
0.3375402134501213
0.3362313771779051
0.33478058546658984
0.3332832610991368
0.3406139604846137
0.3381167785422954
0.3338789990522994
0.3299007802238833
0.3146870154459862
0.3110208723907553
0.30720256699862786
0.305682060690093
0.29305940533296526
0.2920378719251226
0.29437588102646006
0.29236665200023154
0.2544888351983279
0.2548218057227871
0.2004453348884744
0.1957840066030524
0.19072647357029446
0.191088331434165
0.19098136610923702
0.19400123690484872
0.18791575973600352
0.18355990194878527
0.18231873120673517
0.18183905165474515
0.16265144306910903
0.17716242118875125
0.17734259106897016
0.1775848858352606
0.1844616219967012
0.17282392060528898
0.17191092529537264
0.1709009780091083
0.19004807149824374
0.17842883632461537
0.18814225240302757
0.18426150187747703
0.18058923965571144
0.1796791590911611
0.17847291272288826
0.17735956138275205
0.17475855894980516
0.17401186038546607
0.17334604659246972
0.1727478953116806
0.17352007964481794
0.1736618403151523
0.18250106129178842
0.22214283342489607
0.2539812762347544
0.21970466766233185
0.21590272107305594
0.21501642916266028
0.23686876549390612
0.23823403137968535
0.23967529817961197
0.24139079947000947
0.24678882467896
0.250303569194563
0.25121625360937955
0.25379910245573195
0.2531895167805688
0.25397180701514205
0.2552723919095522
0.25707443399796354
0.2710031266027865
0.3011607816066173
0.2745739801193826
0.2709415997512686
0.2348595309147146
0.2552483806837436
0.2568395543419814
0.2580503376065072
0.27758876881737293
0.2621287879934699
0.2642841778065673
0.26640236629220887
0.30161347239269265
0.3019901831443687
0.3042019824662298
0.3057311698129776
0.3028287878070392
0.3022514229500521
0.3019057730084445
0.30154175209683054
0.30491653365117355
0.3048453038801849
0.31370527745430815
0.32644634145598783
0.32551439954760303
0.31196015213955886
0.31023083016762026
0.31069222451164874
0.32627186019293297
0.3236224041466351
0.32439111672668264
0.3286773321034545
0.3261418044680665
0.3222870233187093
0.31947764151380914
0.31464234331785357
0.305874905680005
0.30124859989136055
0.2976465511571914
0.2941775887976039
0.2853842089110592
0.2851115294098053
0.2852039890584531
0.2868745248269984
0.2499540155019705
0.25995372322463356
0.2519040413949278
0.25717962037973746
0.23063590662996125
0.2294194789403409
0.2318899181226969
0.23675893494881134
0.20721416464062764
0.20431875046729983
0.20523875014032103
0.2034506658937617
0.17652309621472093
0.19065359040945626
0.19082664526785018
0.19084235882345
0.18734531268469706
0.17527544240573675
0.17529694097760454
0.17486914929155306
0.19447734497961744
0.18298843450631155
0.19283677043216677
0.18834638590539293
0.1848473593973132
0.1836887473269082
0.18278383296147951
0.18206050174231683
0.1793992618041346
0.1802480371223938
0.1788658809840084
0.17765867905923624
0.1784850989739736
0.1778093115986929
0.17705416925268902
0.17657167524845455
0.18564146789253
0.18585309184285598
0.18610738234457813
0.18631326494420364
0.23014272838584854
0.23159072140865505
0.23217408261011524
0.23310640360642146
0.23570583637897616
0.23604493043258484
0.23690547483249075
0.2378758836347344
0.2355836456778335
0.2362056382848793
0.23728863962110855
0.23863228914924936
0.23783958997664026
0.19659693915794585
0.1965911116655098
0.19754890625937283
0.17406808005739774
0.1825592574639392
0.1809291133128758
0.18102290519395903
0.20336070179448595
0.18929200714034666
0.19887986805103272
0.2403056468553818
0.3133816850176866
0.28490466981124746
0.2838293097394275
0.28132805225151003
0.2761604901382041
0.27527539701236475
0.27489043888306347
0.2747860362766621
0.2790053264161296
0.27939194886746216
0.2806508936001483
0.281307447503867
0.29398314766788874
0.29213593681211836
0.2899614856313905
0.28808120147788724
0.3102180438182611
0.3088465259553219
0.30748973209583724
0.30589975761082744
0.3115102178981012
0.3085423876805603
0.3055654391310032
0.30299880777798427
0.291440533520063
0.29092158802419
0.2935050168612012
0.2931147774711666
0.2805379600459041
0.27942991582631505
0.2803630379798444
0.27907253477766947
0.2466631895032747
0.2544657847873277
0.24498529947127254
0.24734085353962829
0.22450145848021472
0.188677055380776
0.1876628774825351
0.1862638551594393
0.17773896528769642
0.17667041902073485
0.17580384582478206
0.17502365539222037
0.1648539351426632
0.17885327470987814
0.17936363694186655
0.17958276620581792
0.17837112311814227
0.16525442337220017
0.1658601673127448
0.16593907809791125
0.18709383394547463
0.17184730278485072
0.18162966953546153
0.1778932462955068
0.17522399624119045
0.1746018302494215
0.17397659182100156
0.17331716576825562
0.17188444514272594
0.17095940502241408
0.17026695613956944
0.16953216650523711
0.17022836555020168
0.16939353580576821
0.1684489681338183
0.16813227356256744
0.17656014697045191
0.17698275061103344
0.1772628989188979
0.17755256942452402
0.18214971910288505
0.1826157428318611
0.18287403709779432
0.18396817777866079
0.2258721454847779
0.22778135194083554
0.22991663294535727
0.23213286422369137
0.2849551520405052
0.31475970300458456
0.25288068166078453
0.2295256310219395
0.2875748262603372
0.24246642013576852
0.24012038068757313
0.2817337546726738
0.21729441044417383
0.2521066598399703
0.18473218107376896
0.1840641411425316
0.20270724218822844
0.18748452065192114
0.19025289298157616
0.18842449908388467
0.20758989741538972
0.2604204375199645
0.2634097014566199
0.26337328776719504
0.261470663350334
0.26204166125299233
0.2628742148058641
0.217699770769776
0.21439124543321578
0.2676463805334289
0.27072040015099635
0.27264029429079556
0.2951849452658195
0.33094017112328245
0.32975964156071863
0.29720703148850713
0.31463132931341753
0.31303308567749405
0.3110315411523108
0.3102502065546046
0.318888418641519
0.31229942438490155
0.30799906721982717
0.30406501718810625
0.28997402824962487
0.28668990101503183
0.29632620562361023
0.35479696899335383
0.3371118044865152
0.33799554125006104
0.3423698737982901
0.31138575561292514
0.26097772672238106
0.272298417086824
0.19836283148305747
0.19531022293740927
0.188723921878012
0.19249753135195063
0.19111249585721324
0.18989030676269117
0.18129591185934268
0.181702801930239
0.17940393262050078
0.17895043584602072
0.16408253176704435
0.17826140620823258
0.17852611990138953
0.17866127042917954
0.18016658562412172
0.16777186824945942
0.16747017223447588
0.16638975816434434
0.18840462871537458
0.17313158133902337
0.18319120865396785
0.17941757427868046
0.17575939812516805
0.17431276320035166
0.1739821096814609
0.1726308396090666
0.17006439831452624
0.16937018426478967
0.16873937873224598
0.16814177202737268
0.16917004326575633
0.16931744401913365
0.16876352508017542
0.16820957198355055
0.17629266194127616
0.17617077581130722
0.17582033593872481
0.17540924823404302
0.18070696962541719
0.1827885888871504
0.1836953049731406
0.1848878775078218
0.1869300660238988
0.18720780640489634
0.18751674048371203
0.18783689083527672
0.18279154881858592
0.18216231849024847
0.22450366775394284
0.2263068571651619
0.22620096703861278
0.22830237910414466
0.23043701536376368
0.23259738493811485
0.21374634262245415
0.2610742332807476
0.2213374696483051
0.2215191108900479
0.2509363720605916
0.23535770421472518
0.23696378151480998
0.23881465281183661
0.26534403779658566
0.25871724685203806
0.2685497650197397
0.2683880709823778
0.2637231877301339
0.2631423103931204
0.2644527404485945
0.2633227199773087
0.2666038668935063
0.2657799812780928
0.26543419299589505
0.2649987827623692
0.2163323768291359
0.2116422046059599
0.20777877118406712
0.20827029348882942
0.2136718518441398
0.21796697524710704
0.22186753965266698
0.21404755541410084
0.2971275320600324
0.2959228364319593
0.29360846036395855
0.29440883203116164
0.2832810827679297
0.28012327840259893
0.2810730662435834
0.27995020217455496
0.26951823208038456
0.26880140275081327
0.3901462437474144
0.9625386877171319
0.836707443255517
0.2551539237761485
0.24468250549334702
0.2484836131836532
0.2266506156250725
0.2260268237650808
0.2258863986677462
0.22580137768777514
0.181611469493089
0.1801674675834186
0.18247036606257663
0.1859576769764224
0.16336209683131275
0.17754161763839243
0.17773778267531712
0.17778914667135653
0.1844109554440512
0.1689816520214956
0.16689656469238173
0.166392881734345
0.1838109805558248
0.17550041619809445
0.1859545540308602
0.1826196516294562
0.18051982591559165
0.1798112903086375
0.1757700084451196
0.17525566507060683
0.1727264726758732
0.1753096193053942
0.17481163135146827
0.17442390400702565
0.17621853341341256
0.1760426631211423
0.17590164698857352
0.17575861732438053
0.183794028644298
0.18384728867366404
0.18383309149761912
0.18447543619860193
0.1895528295349793
0.19079164950110816
0.2312918440991589
0.2564118230394798
0.23861135655499072
0.2387496905546604
0.27506678070403184
0.24688032943075514
0.24149118135449463
0.2859988331496577
0.24640631127203108
0.24310490927837647
0.29605669454074635
0.2498183329127993
0.24696603561069036
0.24745216167438497
0.2212921068698281
0.23788346757521425
0.23727231487463366
0.24161262287771565
0.2621170879429338
0.24650842450698754
0.24837153639405116
0.25013796905684
0.27753432731842553
0.28235543011866704
0.23571388207354765
0.2774025238694469
0.2757570286389963
0.27957403222002813
0.28237269767172934
0.2838809657287279
0.28288340774174536
0.28204497976636483
0.28285812042080855
0.2839937713630114
0.29540347044332044
0.2939316380825184
0.2954948305711125
0.29558295549731456
0.3156419945951356
0.31540197827577476
0.24059098786770747
0.23664855437439308
0.23630506124865577
0.23318577365495124
0.2323945799228942
0.22903691303399035
0.2200348086327666
0.2172756913064308
0.21508203336308693
0.2129601433535289
0.21283866297497506
0.21024678498143384
0.21215466135792968
0.209228459856795
0.19248651573688075
0.1970754900366457
0.18535170640481816
0.18687446131763638
0.18238710136933664
0.22391997043287157
0.27134546098493506
0.23019369202527074
0.22090843741901853
0.23144209393833104
0.2060623004233395
0.2040437220258684
0.1758778123552789
0.19012260992589383
0.19021524708123794
0.19042813013873572
0.1867208467916332
0.17487384408940046
0.17558018188424432
0.17544295618124775
0.19213081214626734
0.1814832141187891
0.19093459444608735
0.18698758701376156
0.18397404696428546
0.18318577904278444
0.183419732302283
0.18261469091084928
0.18212812088569122
0.1803347070834874
0.17999021208801771
0.180321062764293
0.18123616063674208
0.18047989149430632
0.1795881384371181
0.17865206981879175
0.18724638955674683
0.18785002371905968
0.18835366310541202
0.18956258392103773
0.1933748776684033
0.19307866793699432
0.19282950294961465
0.1926768890170194
0.23603627972070745
0.3168021380841065
0.31682014605395087
0.26511200208674895
0.2392502833113892
0.2830523523407706
0.20898223015387168
0.2038813717399829
0.20022009253131212
0.19961018095642197
0.20051811299072297
0.2005906406156308
0.17621560148236423
0.18606856078538292
0.18391233426197082
0.18788125762026328
0.20621020369055218
0.1900075637761606
0.192663068149475
0.19525829158111846
0.22630849861191607
0.2104057396662923
0.21955358813978854
0.21928043644873738
0.21909845849825488
0.21885839557602785
0.21843304481457887
0.21803551953859363
0.2151448493976929
0.21447015392733282
0.21395745738188784
0.21326781971742262
0.21846561817018348
0.21777942578676573
0.21640709267698777
0.21547326127923686
0.2241199156607789
0.22405655274924616
0.22371166053774247
0.22286288340089877
0.22637082564224123
0.22425423441592812
0.22166716416974422
0.21909019579564323
0.21244509049050542
0.2100937786924322
0.20768436814059452
0.27855082127818304
0.2719782751535606
0.2729161677406728
0.27370408059753737
0.2743178562585919
0.24546393741088857
0.3102444914671304
0.2504240489886782
0.24864682067044663
0.20025335473103595
0.18779513735442166
0.18560346410727724
0.18455614850519853
0.17727662044401918
0.1765296842300467
0.17754191887707563
0.18017806212954246
0.16378775800969436
0.17776358440787765
0.17830680605279092
0.17781669041591994
0.1789207172359588
0.16607616411463136
0.16816799663149642
0.16550820725694407
0.18656556208883068
0.1718758042015288
0.18213665432955017
0.179280135383272
0.1750361111549118
0.1735776171964573
0.171171418506478
0.16894447242387967
0.16753581509119506
0.16809262279572454
0.1687025178269102
0.16930009461326337
0.17106299743872272
0.17078960429185988
0.17035427376068396
0.16987868255752012
0.17723262528854533
0.17643576712839612
0.1754368536230946
0.17439684318185933
0.1799580850286534
0.18042912813450931
0.18130030033400057
0.18229686814750812
0.22563821209323442
0.2621976131800934
0.23524248235076692
0.2666612458508199
0.24684604173350472
0.2352942703351413
0.22609563000164068
0.19460138338230262
0.1869624475359747
0.18492233958293783
0.18367635188756434
0.18304988983869044
0.17196979260491577
0.18310947074602726
0.18310886029219525
0.18215001707009787
0.19472945168241826
0.1788904327224641
0.18066392393925176
0.1855162367163044
0.212790505124665
0.20028327463934836
0.2197481681390668
0.2605995978516092
0.30598682410842876
0.2754975157207725
0.2720144178872761
0.27182226133704845
0.2267760770830804
0.22562945826037364
0.22483610728539546
0.22434750128365272
0.22876985564110308
0.22627183476715762
0.22390398023605382
0.22208114618321412
0.23017402169780804
0.22909268991297463
0.22756369123339537
0.22697524490146398
0.22689017304741585
0.22471596354825144
0.22331369060183973
0.2160073216525518
0.20809827027548047
0.20439821817463313
0.20052122589961924
0.19651935072116394
0.1925827791357506
0.19144164421374285
0.2528377242062838
0.2547469162777133
0.23447894287356488
0.23619705905051236
0.22562524796435648
0.22861529589978724
0.20873188844567447
0.17432221885410495
0.17572716460542745
0.1776207355926002
0.17079227666503283
0.17004391243904676
0.16966726603332152
0.16935327211105972
0.164859137516603
0.17874443630217443
0.1792033969988156
0.17940310259442865
0.17705607494499206
0.1622214823350381
0.16664695675888724
0.16567629015852206
0.18452038026468814
0.16438907164044497
0.17378387174012092
0.1695326372083034
0.16721411589810165
0.16717447225791907
0.16729879081340088
0.16849947673665916
0.1688601530948388
0.1672225438392768
0.16551200747727274
0.16377820342730573
0.1685247188062117
0.16771826361800105
0.1674491530054773
0.1663626008464695
0.18943965845603092
0.18990864713049652
0.28238446038052784
0.7907088094080992
0.21619628902466134
0.21603133835853228
0.2177728501965685
0.2189834071565124
0.2263931955691674
0.22278058183343968
0.22565346946448872
0.22855506748108864
0.22746714655898054
0.22927830600637503
0.2315235411459149
0.23498493873322435
0.23730134534722278
0.2404648455586163
0.23775525847394713
0.23975359284813894
0.21393961258682762
0.3120590010554815
0.8261267973314523
0.2649687096310587
0.26294352980665997
0.24263352329133675
0.24469106683191227
0.24443784558336312
0.26781997666521945
0.27103454776969754
0.27079988191333354
0.2702301661866596
0.2651198735171218
0.26384107806701146
0.2637818831939663
0.2648035482594729
0.2686188346544779
0.2669155478709826
0.26778519316930144
0.26780614409281395
0.27914533427178784
0.2760655697995813
0.2728250070112398
0.2698766177819826
0.2924505956227757
0.2935017631980552
0.2913108058884764
0.2892639761747208
0.2995534369268254
0.2913192190538087
0.28554283714124135
0.28011095819952675
0.26628405911224956
0.2644366825651782
0.2631629054840449
0.2640407838308486
0.2510623419424344
0.2504852330776683
0.2587219136750859
0.26342220795658317
0.2360560748367428
0.23891734746138082
0.23009506587084902
0.23418746080164018
0.21359199630134545
0.21515142290548323
0.21684615824085796
0.21842740923848364
0.19612242690535384
0.19564577281877735
0.19854004418497276
0.19562274339585486
0.17854583941780297
0.19285007557438202
0.19265243395269238
0.19280468328171665
0.18751698603995343
0.1752953355681163
0.17564264116429296
0.17544900125304744
0.18744636212389712
0.17296481390987567
0.18176036798378337
0.17750789806592152
0.17356018366425796
0.17177385299597778
0.17011978724297758
0.168546055054532
0.16660296005921274
0.16584783627139413
0.16520170248203334
0.16619657535715823
0.1654622704000925
0.16462067895256913
0.16464344310226683
0.1637420064852058
0.17158742018924525
0.1715981301658942
0.171536124757753
0.1714440075323269
0.17734940755930428
0.1797149540965326
0.18164434568882115
0.18350799770398254
0.18730591759725046
0.1892753683719973
0.19158372313512023
0.19402437489053107
0.19520153906421153
0.19784975862148044
0.20018405369411613
0.20265346017368274
0.20130394968486767
0.20151541133103554
0.20150718003210594
0.2025661115482411
0.17687780702908487
0.18662658075475713
0.18521552162012497
0.18652987407560026
0.25200799465541013
0.2383274808366177
0.24156824253556858
0.24527195638733987
0.27148752042442936
0.2727951314455853
0.2746566911817476
0.2748420004157429
0.2725287218519125
0.27243789413266495
0.28219134533539375
0.3171775491463696
0.32013396679724637
0.2899357074154282
0.28186427199113967
0.2816232615416874
0.2927259364401463
0.2918490932537772
0.29046747551738733
0.29097235630045204
0.31318771111007676
0.31076983079474485
0.31371112416521646
0.30796053885205027
0.31731590027025836
0.3109838540882363
0.30424499649489306
0.29815613235750554
0.2832104185952761
0.28014211712338
0.27709574264523795
0.27505937584362494
0.2688099489221665
0.2675482146782796
0.2705208982876679
0.27138060991662366
0.24237839840174974
0.24744821437118594
0.2366048879416688
0.24026012594234597
0.21804447418695963
0.22180803638232224
0.18244682016582386
0.1816229818646259
0.17381136938103237
0.17276615539098059
0.17193071075420355
0.17118166610868216
0.16441452500645637
0.17811596938847601
0.178341656081947
0.1787698488789439
0.18044759014379483
0.16916784117722317
0.16914837008343084
0.16859835965608083
0.18809661740833108
0.17410152180591737
0.18368061487570525
0.18012250607869246
0.1775041862840717
0.17631913556432843
0.17509082336574258
0.17381665570836308
0.17100051759987392
0.16976768500534128
0.1682655248405183
0.16642942352533258
0.16825421151742162
0.1675833352997243
0.17567984358153416
0.17549516524312328
0.1990566654499227
0.2005949305750803
0.20185558975537599
0.2036970229717837
0.22578876364740313
0.2610970035106236
0.22861436631705306
0.26171720450162417
0.2821227692351546
0.24192645508658403
0.24106085610762806
0.28318201023430933
0.2460869967025746
0.24472631615473597
0.27210246904403856
0.25539351386262654
0.25068390138603025
0.25111128388873033
0.2519457362704776
0.2571982067299462
0.2219772187561265
0.23459247182570891
0.23645198258027542
0.1919583225400524
0.21308819865632136
0.1969929966613059
0.1984940083405513
0.2004779063575142
0.22334597790974206
0.22334872820017748
0.22323388380648984
0.2713189330727809
0.2737033591980249
0.2723455972687633
0.273135030743571
0.27430623472822274
0.27880403151278565
0.2782800485002235
0.2783740782323567
0.2787908791848808
0.29297765248097846
0.33248060863460155
0.2939121355382009
0.2895983922456454
0.314001117011624
0.3137267383848286
0.3180026723200202
0.3136716920727906
0.32413663980255
0.3247037372774326
0.32478614344948015
0.32463537951809046
0.3114172333118956
0.3070386936299882
0.30282754184626354
0.2977480238249557
0.286979633216047
0.28959620181303236
0.2862877944548018
0.28684074314012886
0.25245860887939603
0.2508230668333465
0.24997151276501606
0.25066241505600884
0.23127596891426824
0.23346427829777805
0.22974369995900054
0.23238119761661594
0.20464941111519028
0.20392869758197976
0.18044941082059632
0.17968857654604534
0.16420596903255208
0.1785027642875855
0.17869031448594477
0.17893113233995792
0.18112596941272416
0.16938976356024565
0.1699216155736664
0.16986767276807738
0.18933106984128917
0.17584253342397213
0.18496829210960572
0.18091496739432478
0.17767774769026826
0.17677741595644542
0.1759904415411681
0.17525586368499435
0.18730613478966518
0.2181333043216423
0.18655891982893638
0.18254395775351384
0.18660896239716787
0.18572381291690296
0.18487505727578477
0.18411199723651678
0.20699564163128986
0.20811961065595805
0.17979504286327755
0.17810808128066957
0.18156245491118145
0.18102443198735452
0.18039482890785202
0.1830577912527592
0.18980253359101357
0.1816146496443185
0.1800575264484503
0.18105900891536636
0.17967695842813025
0.18299272267071143
0.1822554536552293
0.18219389644515266
0.18075001930746545
0.18219247673779748
0.18365899283049483
0.1852035070416403
0.16976718605351493
0.18511726210404972
0.18503097591586337
0.1844814909133352
0.19176779021168114
0.1881531794644346
0.22786022009166337
0.2775271312765137
0.2742933990362494
0.2605334367769728
0.2685844354829471
0.2671666244176416
0.2639292080109585
0.26337345941945844
0.2631147225154589
0.26289668280067696
0.26782611986070903
0.26804934478683595
0.2786168814747616
0.31918047726607146
0.3359301094802802
0.33709290015435966
0.337624986408101
0.337708713823393
0.3587143449737788
0.3588739099594382
0.35902127141580265
0.34269564137229647
0.34295259292958746
0.33383030341905906
0.3271576559461435
0.31664541393996776
0.2988439163881866
0.2970848490113723
0.29782609278774935
0.29509105378521383
0.2755563262967685
0.27353320711912227
0.27251526522923314
0.2717689917905886
0.2448479548825548
0.24903102630975377
0.23885019730376417
0.2428808186139088
0.21953895028459625
0.2181803357613958
0.2171733830250445
0.21656007806552333
0.1925047326468788
0.19151607535088577
0.16973484470119532
0.16881868912148223
0.16542910891021073
0.17956618093289142
0.1797320037878187
0.17980653564041174
0.175455840107968
0.16223915334950872
0.16314118431248015
0.16473820423138621
0.18805800514897641
0.17257875739854617
0.18412710018155057
0.18066886819996786
0.1773032453489961
0.17602155471593642
0.17480746418990128
0.1736256831083604
0.1716080095619517
0.17205331919831057
0.17205953372449032
0.17206127840419647
0.17251434702724464
0.17119759361682413
0.1696021395934559
0.16779244026682297
0.1754756855810171
0.17591652808648228
0.17500925789145505
0.1742543665562206
0.22024742821852003
0.2232273238820153
0.22544277165267448
0.22737098751374102
0.23178698011357235
0.2333118331652976
0.2344414681007539
0.2352399209034461
0.23478373408450692
0.1942633361174002
0.19520921685154952
0.1948320759670817
0.19385966887923328
0.1938566636552668
0.19392094049241737
0.19445555044581536
0.21927603693187142
0.22823945360380185
0.22787832268699876
0.23030231336143667
0.2515757797526231
0.23644536587605908
0.24405395361767154
0.20079634217422132
0.2199110166748698
0.22075006035770744
0.2209122138447184
0.2190841865649842
0.21901416697982934
0.21909860860108185
0.21958917376110296
0.22040792198113013
0.22302787392048626
0.22665218168689194
0.2412291753762837
0.2768723133607472
0.30361879977902373
0.2976322217154505
0.2879381742483496
0.27932912986939723
0.3029852456270539
0.30277148977932733
0.3026019155531439
0.3022226386657757
0.3077683512070876
0.3023439941141883
0.29604595480887014
0.2899103447062421
0.28516057801179434
0.2840018792335657
0.28240576855956906
0.2800319726821976
0.2703263131610961
0.27229852474469396
0.27355341568903113
0.2753559610270679
0.24328056882597413
0.2493857416390423
0.24046983389609866
0.24214875743734118
0.2190919923580058
0.2186243704742674
0.21963069137994842
0.21743257661999604
0.1724987387007882
0.1712185189630663
0.17073221611088968
0.17101536436031284
0.16465455431524278
0.17862507387397464
0.1787196563572189
0.1787219932104699
0.18052488458180255
0.16823765335101185
0.16838936203412758
0.16798294051642806
0.18843667265267025
0.17371602731952052
0.18384231115859426
0.18024583617364837
0.17677415118059436
0.17549063762743958
0.17445327817725542
0.17432900004684532
0.17064222906589807
0.16896261194231713
0.16730428423803131
0.16564153409749252
0.16641364548277016
0.16573977043663185
0.16576830285089883
0.1649551947664362
0.19619755680828152
0.26072664474496904
0.17354657071172344
0.16762548500453062
0.17067806891553136
0.17055237108335328
0.1708251078879852
0.17124743719490249
0.17370464463849256
0.1754294175730157
0.1762868645388275
0.17743734822237475
0.1792807200972206
0.18197663749848444
0.18461219880930663
0.1871511386121864
0.18673068327846454
0.18813434721885428
0.18940778221354268
0.19082577661172215
0.17396579984270422
0.18213469333863713
0.18225449321175233
0.18181209791379258
0.1933685082184548
0.1772018219493595
0.1778899032191942
0.17810399213553882
0.19844787287644367
0.18443266349243506
0.1937011788635916
0.1894289737370644
0.18835135149827117
0.18744736840768303
0.18713456545549692
0.1871937091386065
0.18518773223621826
0.18550606471184913
0.18599711069000024
0.18727236102865824
0.19512986124064804
0.2575120632927055
0.2606866606020375
0.2629222693923436
0.28822862464202
0.2896581819617253
0.2909835758380313
0.29158597910228556
0.30171531932080825
0.3015516103266941
0.3009848548137087
0.30034097405981364
0.28779430025882413
0.28686749450962634
0.2865597097713449
0.28454011419984176
0.2757849954690641
0.28014923066021397
0.2792225761367391
0.2153823808635822
0.19261103954822822
0.19594247014081145
0.1870691224412357
0.18659536174635777
0.18273134756535195
0.18640851000304587
0.18317218353768716
0.18202726048322104
0.17715627627840944
0.17117314717643387
0.16995836497846287
0.16955040164792182
0.16545292926944014
0.1794351593792529
0.17997213099154197
0.1801515777026859
0.17520029317249783
0.16161370012230916
0.16120331991096334
0.1612076503355934
0.18700641691250425
0.16750956739201103
0.17867963918627794
0.17626664287006183
0.17408717000363588
0.1745178062108889
0.1746838438114718
0.17477340699305632
0.17226789374681048
0.17146668235795784
0.17066653674484267
0.16988317964355107
0.17070353132924954
0.17081095838880492
0.16990774723898022
0.16912571136840657
0.17665823394231628
0.17586138837309565
0.1749155715927736
0.17388325506852906
0.1801977276345547
0.18205809576552676
0.18382356673226333
0.18558027866051222
0.1886025833437704
0.1896588554780076
0.19120441295189983
0.19282674269949168
0.23143297066010649
0.23356677283588115
0.19271285227858423
0.19299067361206107
0.19242019656774334
0.19372874029139173
0.1952422985561092
0.19767820150699894
0.1747179908817731
0.18366448886931117
0.1828159357019336
0.18293370884495674
0.20054393218259275
0.1842935893098436
0.1859159085668732
0.23510628825225924
0.2584023993331443
0.21484765008159365
0.23629570073002867
0.2836140945065537
0.28361398508840885
0.2192299760007249
0.2101480615301333
0.21494424269261864
0.21125636104455278
0.20962030647070432
0.20834087655130548
0.20781933900615837
0.21708361273000884
0.21515099283206135
0.21713028820758454
0.26963631844098496
0.29030757731480494
0.28993436036782677
0.2906795649638894
0.2906791367561028
0.30022719306944184
0.29962906677389867
0.298350063543415
0.29688402540344894
0.28417651919126957
0.28353429137387903
0.2824793265795885
0.28070573806575505
0.2720936434530452
0.2734415716113035
0.27627782510365195
0.27642954977069045
0.24598420699771803
0.25330754876711825
0.2415911184342621
0.24620323455005447
0.23246566516341696
0.22902928618740925
0.22627209400763015
0.22795707573082985
0.18069993569289397
0.17775657489861707
0.17864357289827715
0.17846471349573906
0.16342676248880356
0.17729499640692686
0.1777898594201575
0.17768889341346666
0.17928944423334392
0.16610633837052516
0.16529337146588716
0.16426567721706142
0.1867952295478204
0.1720943961171672
0.18308400519827375
0.18126907943963963
0.1771261608756266
0.1751544454804872
0.17328914131730103
0.17146121233975806
0.17057929269768377
0.17144477509547704
0.172641237176364
0.1729875219504572
0.1736624848897508
0.17255152262226886
0.17114047512091993
0.16951023411153682
0.17839838005031733
0.17912466893344942
0.18080874022280846
0.18146637406268087
0.1867557426856096
0.18812724129717706
0.18424056590293583
0.1850702479815046
0.1919283844688933
0.1974045926487864
0.2015470217632785
0.20506971652664568
0.2067748239133264
0.20958662738029565
0.21289458414212414
0.21660450358829522
0.21623404355461626
0.21586168865217908
0.21578192969766832
0.2167846113141382
0.2320156857967853
0.2533366810651872
0.2552845158946414
0.2613648803557466
0.2730392969237247
0.2574160809562597
0.25991593831455445
0.2627536598501749
0.2920427479287659
0.2910340685585446
0.29031007296646955
0.2889253657817917
0.28620373501815116
0.2861920892605282
0.286442375769676
0.295934354330514
0.3262665005529206
0.3261645083390088
0.3260593022375364
0.32605707234567527
0.32562991284915027
0.31722992838065156
0.31397064999004887
0.3115758555514034
0.3392274453079361
0.35859713924093023
0.3414092757373615
0.3301359598208826
0.3379311563382529
0.3346552877801141
0.32809510106429723
0.3262612130232817
0.30961799651858773
0.3048374462366511
0.2996195712025787
0.2945365932924719
0.2850573907301799
0.3818357401909746
0.8896209473639214
0.2930407954212835
0.25306054803118444
0.2558734768100604
0.25866503864020096
0.2558959142223
0.23143983651633587
0.23063404754765904
0.19279188492076244
0.19152189518764554
0.18375915868398093
0.1866144935451659
0.18439614521552955
0.1839374553973766
0.16222946392383808
0.17651762338075858
0.17609756058844034
0.17633629842021387
0.18672180674728212
0.17448259185536083
0.17385542555147618
0.17323417775571426
0.19261151446635538
0.1807438156638035
0.1900749081395518
0.1863564147827116
0.18286866356031942
0.18178585176714795
0.18085484659256046
0.17999250015708446
0.17810395215867067
0.17808679825477436
0.17866717359371972
0.17887782226198007
0.17963732073897276
0.1787789448270492
0.17783139498358466
0.17687510789229927
0.20871648553885852
0.20962563714350604
0.21084346439182908
0.21091213221431493
0.23237034518689365
0.23352003931467555
0.23412595088504543
0.23442182189458619
0.23702604216031548
0.23786723186265538
0.23880322660418768
0.23981308028787685
0.23791849156431474
0.23906783111496513
0.24051099035631188
0.2421535066019454
0.24149982399690872
0.24402553813339456
0.2455578250802281
0.2475957415871791
0.21942623348509038
0.23766424539909448
0.23902335125464436
0.2400891596718823
0.26452593851997197
0.25558242025023103
0.2505365392755274
0.2544619682186374
0.28293918101304794
0.28301941417535625
0.28380972743220567
0.2830565977245212
0.2920384783761797
0.3226531216314126
0.3229524002095045
0.3042979946680035
0.30491137386004374
0.30219652467589436
0.29947948745716857
0.29728612602889
0.30969327159930604
0.30790126860556244
0.3074158855846263
0.3052801235318463
0.32735076932741997
0.3294871362015793
0.32760003200584414
0.3247047279832129
0.34067423528169105
0.3360608240919547
0.3277747252718038
0.32529292370581225
0.3108613397508621
0.30867491593620944
0.23276765039509037
0.22820157192104748
0.2254301825523449
0.220757245817478
0.21987937371120056
0.2165891711561909
0.19783281394569874
0.2610619644336881
0.25203529035102623
0.25600412901286734
0.19698561207132903
0.19713646918462913
0.19495246181294856
0.1942340554753461
0.18696347405743652
0.18755648672197345
0.18791669648183362
0.18824091558879416
0.1672902277242424
0.18086254577927105
0.18200157389027583
0.1834361847707927
0.19423430361684488
0.18264140195716175
0.18306563742248136
0.1832572130910994
0.20159374451076395
0.1902582837971605
0.19949065072841674
0.19493210710135872
0.19148286385210284
0.1913714645607806
0.19015086407647777
0.18938645790474887
0.18421856369334527
0.1801955542114858
0.17568583989581604
0.17070719956088332
0.17184406211708889
0.17091512427613487
0.17006497341041132
0.16923593490379849
0.17969121270694577
0.18159537621294086
0.18327256444225531
0.18493193592438106
0.23218867039067542
0.23521232109380272
0.23748197106811578
0.23923147942532172
0.24143810940315544
0.24114288764692374
0.24131403635471826
0.24229208907770067
0.24071248694959635
0.24236784004078632
0.24449135315021103
0.2470197402605251
0.24637598014237333
0.247899431130934
0.24951974448085235
0.25184000244573024
0.21884197328568034
0.27481985670708975
0.23486696268556953
0.32071377183004296
0.9442848351747064
0.8421862284485412
0.2583513052254473
0.30078878864991004
0.32093067679556236
0.2951006218322808
0.2899676240802924
0.28623851972345765
0.28231654755810914
0.2800701274272847
0.2791191860773182
0.28049384950425466
0.2802041769816122
0.27632584187197134
0.27396822264824716
0.2712941086666176
0.2865565099061165
0.28141162415528614
0.279685768110071
0.27804409324200097
0.3012414309146884
0.3010088695975962
0.3020420998355153
0.3012710185968017
0.3101431942075696
0.3092035301477615
0.310117785026477
0.30812149164561803
0.29537224162646664
0.29919252269933566
0.292111264395649
0.2868848173659044
0.27435754699777826
0.27768326109703784
0.26928977316024333
0.26578934947396965
0.24097799438051887
0.2509039547102654
0.19079830414817264
0.1968833312675007
0.18863122346533673
0.1871040507269345
0.18227749979776964
0.1792886121733996
0.17024485439689066
0.16876074723901738
0.1674635143130177
0.16618242967111238
0.16465055401254142
0.17871060490561683
0.1784368812892378
0.17885574587975173
0.1744902608028663
0.16073531184645612
0.1608528624644959
0.16086735695745014
0.18433774160324978
0.16908599045082354
0.1807176932135934
0.17893884517525044
0.17686442063207314
0.1768447598072739
0.1768780108085754
0.17691087128401223
0.17408217621634237
0.17228158747243716
0.17032487919686753
0.16826412665522253
0.16963688361660262
0.1695317902811921
0.16937708821241795
0.16921572983138694
0.17828101086270576
0.17757963012787054
0.20055497712735101
0.20090472223634598
0.22466303656698636
0.22824926400993525
0.23167909821232766
0.23579215061212014
0.23876509549627795
0.23902363223969436
0.23904324704854896
0.23900720020219074
0.2396102959779992
0.24366774665790494
0.24792536716085367
0.2530319746528915
0.2523557660107338
0.25325600632043155
0.25581110205939184
0.25620495468749394
0.22344152097947417
0.24040272027569248
0.2392074785244392
0.2416848840405527
0.26277961207823963
0.24739830417443906
0.2501065194099001
0.25235680048950127
0.28221135750345455
0.2724083072831494
0.2802883909734223
0.2785253936079611
0.27570955563061555
0.27560372944913875
0.2766132758173888
0.2801115343796516
0.28052688905292017
0.2787204311359735
0.27850255054070827
0.27772329027827325
0.29112403680466853
0.29007969240798226
0.28873376143405716
0.28772203467071705
0.31055403797079806
0.3103694371722447
0.30940252651712513
0.31106034860880494
0.3174955296736431
0.3107620448826643
0.3050663429432845
0.3010627232935707
0.2891882640337606
0.2921567575095282
0.2923218016964898
0.2936891140007571
0.28209426344520483
0.2820251119353289
0.27987483981623257
0.2779032572688018
0.2457615841544592
0.2504520463728207
0.23919035966896224
0.23688302772094083
0.21399762346290482
0.21426013941293262
0.21512470286370966
0.21604627182977237
0.1714832341563398
0.17025142759226766
0.17135234016980433
0.17056599623104127
0.1646167051132932
0.17905454025074527
0.17891339706597859
0.17940615897601397
0.17866202092176572
0.16958258631412035
0.17105688780341397
0.1684275107048777
0.18867271104282796
0.17474673915624114
0.18544299386944899
0.18158200423415083
0.177860315075742
0.17629592998113255
0.1748791936056182
0.17356508881076874
0.1713941466353081
0.17155339124793223
0.1711890892930004
0.17068379789573776
0.171714479307465
0.17124386596046381
0.17069966866615438
0.17015416278876996
0.2025291911168789
0.20478015086017637
0.17706717918689147
0.1764132995354295
0.18290475856733918
0.18565294467909133
0.18848569523609945
0.19155502928830428
0.1959836763294104
0.19786234506050562
0.1991716096246135
0.19792735459333183
0.1976928596300213
0.19875483086713225
0.20063984891133133
0.20274283151905195
0.3457065369780696
0.9474596664309287
0.8555776372513797
0.2607761227710013
0.2285716021721567
0.24828237214787952
0.2538126683770318
0.2575468072681875
0.27515241489014763
0.2616538674630305
0.26587954878918946
0.27082329874762273
0.30253644573057353
0.30408945608451876
0.3062758875903045
0.3055968713674488
0.30418651535595537
0.30549493845274855
0.30248814816400027
0.30176792378478884
0.3065757893615033
0.30672149634426216
0.3074912721656791
0.3095774863699413
0.32181146069302974
0.3196633307571803
0.3170805183093698
0.31725088380765337
0.3413661399489219
0.33723916919289093
0.33634553587304356
0.33542556013622915
0.3473160687585216
0.34502329352006716
0.3452083628605498
0.3447181656466924
0.3281223645337926
0.323375953770558
0.31590471816065674
0.30910255660061314
0.2970808833977315
0.2992634321822861
0.29520094121055035
0.2938093129146198
0.26665324972332943
0.27540647280052705
0.2839500521550041
0.28622362907459065
0.2644695205031905
0.2596300744421206
0.218880255896211
0.21363551250054624
0.2090674987805018
0.20809948621542798
0.20922093426355354
0.21027371115417007
0.2097955707842824
0.22350596267992387
0.22349676029766868
0.22348766924505306
0.21578927887155958
0.20118946659123754
0.20139428648046284
0.20070866417021163
0.22138749020720624
0.21746292046598123
0.21487539556716675
0.2106348680409218
0.20734857498479323
0.2068407834593098
0.20609923834058683
0.20544361853448975
0.2019488162068789
0.20000189452725942
0.1980958944630937
0.19599757645197227
0.19650465192477554
0.1965719367513423
0.19564651878526662
0.19493610673410905
0.2030759020057117
0.20341082446053108
0.2037164991673142
0.20424156932201887
0.210095060557865
0.21166046077145823
0.2531769691935789
0.3010598392008241
0.2664632681199351
0.2662986266763868
0.31901651234273865
0.29117736632989055
0.26993229064321883
0.27501945511235804
0.27792025244066687
0.28156626690110415
0.2823929418332875
0.31895038258657626
0.28981888690058266
0.302069971598586
0.29315280302246766
0.30578214191930403
0.307484303075213
0.34143260732992853
0.3080215378881196
0.2821292671868181
0.31892286398479414
0.29747714591151786
0.328960691265488
0.3286724199169551
0.31532761586066915
0.31339529833469215
0.31128124179996797
0.30988957445408344
0.30864134755971384
0.30889340202439136
0.31071648021612636
0.30893166132731587
0.30788490235051447
0.3077214722220306
0.3194187379224086
0.31805188460566747
0.3178917949113783
0.31681941407942515
0.3374678643336094
0.33646121333782186
0.2641974026826665
0.2605452102364525
0.3394070339935304
0.33908232619235196
0.3378623940238814
0.33632534176282475
0.3223786117395472
0.3201626343581225
0.3178686634680268
0.3389055222278413
0.30617545822877296
0.30335082543584974
0.30168681795833097
0.3034050304106728
0.26476704749082497
0.2701259579144119
0.2678744940425542
0.26995005299875047
0.24886360531212356
0.30393957793247056
0.34318436487146
0.8504720777467719
0.3004497231837086
0.25755735969108984
0.22577734174887926
0.22126956133011402
0.1933263637711587
0.2010956928589256
0.19840473282023097
0.3165117083321627
0.9015713174339853
0.8330478645533703
0.2038448486963641
0.19873536604141986
0.21853723992973093
0.20592455979895674
0.24524241207875794
0.2126347404837346
0.199852513124354
0.1967122740850004
0.19434079323160192
0.19392481159034541
0.19068924425799347
0.18981765693849828
0.19227989954631164
0.19007564995210097
0.18963967721983774
0.18825041779143345
0.19367745100466846
0.18732272773434508
0.19618125788584484
0.1962935311772572
0.1955748430396609
0.1930192150121717
0.1979001952978985
0.1999085398521769
0.20130933082960875
0.2030299764412607
0.20705458748178154
0.20900777565592837
0.21057123312695059
0.21196041351546777
0.21183540678657223
0.21382173149340233
0.21489761889487569
0.21647464992495247
0.21521688906058517
0.215868154132504
0.21695281703156755
0.21893222641617213
0.1880064704590264
0.20573848979526865
0.20588939895378958
0.20816898916546764
0.22245576619249458
0.20632121668141132
0.20795841598134396
0.20953387338520885
0.2374031852413756
0.22800857138318886
0.23739514977969478
0.2349919896839769
0.23469099981223343
0.2346818791617452
0.235397659924273
0.237412920135434
0.23480768350712927
0.233759076308861
0.23307273809463405
0.23274506206069137
0.2386410017720739
0.2373860059035765
0.23567601975954847
0.23505088472127317
0.24330562750762946
0.31417885937473766
0.31562361120540233
0.31605455267702004
0.32483174570297324
0.3231883172761735
0.32163403990044637
0.31932064564874585
0.30568104087013526
0.30373442119919697
0.30174446743956757
0.29967618956189845
0.28903360478491824
0.3968478064854045
0.888544055483982
0.2911751877372723
0.25416305138597567
0.20256801704851818
0.19885758849227006
0.19831261705921535
0.19545542622880374
0.19518833601802524
0.19553909026700506
0.192236348001357
0.18227166935026554
0.18217636788046904
0.18175542460247782
0.18148591962677244
0.16293881862362938
0.17700512458727727
0.1766459422050663
0.177203020654828
0.18078052090154853
0.1720634955206143
0.17233892627670178
0.171988901488772
0.1905762064084501
0.18087494965417655
0.19060217621596343
0.18717111282459864
0.1836801939576137
0.18235180641660362
0.18119721804642847
0.1801777667065191
0.17713415293827803
0.17681213238292862
0.17530173351251213
0.17410285855233254
0.17536842006969117
0.17524387046024112
0.17506640356656533
0.17486724730853656
0.19367002962002589
0.233757361865753
0.26717960306987604
0.27431237039504763
0.2988805894735394
0.29522251988145315
0.2574070052642237
0.25101539527313
0.25169358651927737
0.24997558371718553
0.2456269412480146
0.24490004866116996
0.24097083923961618
0.19673210175730346
0.23769280649965244
0.23906123197626256
0.23766440506428885
0.24346268336800897
0.24841711544566053
0.24204238774077344
0.21494312234275395
0.22243914937244635
0.2178229414866139
0.2207604404849487
0.2520044702383277
0.2422405715243149
0.24006566505902233
0.23846336246255595
0.2609998964975719
0.2562003495010579
0.2691338618940067
0.2659948704935602
0.2155845569142071
0.21449696973750249
0.21355770363774096
0.21364465403898733
0.21180855552369746
0.21151310620164956
0.21156953473035614
0.21193268165993223
0.2244577228775461
0.22358194093684827
0.21548475379957754
0.21331614752337744
0.2230716980136859
0.22284053188067943
0.2207610919989935
0.2205811434820479
0.22322604901179005
0.22103638260337563
0.21859072487704403
0.21612020507464835
0.2835185492806676
0.28406740817328885
0.2841237003542768
0.28293868283475676
0.2734754669953593
0.2743062626579621
0.3274591201930816
0.345928259660436
0.2651920822249753
0.246942997603203
0.3118719921297944
0.25501233977228377
0.2269785548923367
0.2263344748210208
0.22681203983687964
0.22750161321627296
0.2057515276823329
0.20408909580297593
0.21636147095169567
0.25227913093589166
0.23679659971444678
0.24091598907006143
0.2017427625864789
0.19537160002723236
0.1993780318569083
0.18549877733865083
0.1851993699025042
0.18379562251185388
0.20584207858012898
0.19412096166507892
0.20303925496394662
0.19901187302135542
0.1945060368373537
0.1928134766881683
0.19093746027909525
0.19244077183338393
0.19098134606351364
0.18559393376650474
0.18349387358986655
0.182238949572476
0.1837811650883186
0.183283804211028
0.18276283865447096
0.182262939869065
0.19060897517215483
0.19080202952499517
0.1907086521318666
0.1905472250977895
0.195375324062918
0.19472652615091043
0.1944392883250456
0.19421011869614416
0.196038805330199
0.19624215329377154
0.1966651842144338
0.19783575527704528
0.19749693959254339
0.19799108485760214
0.19873313808623902
0.19963862191623924
0.1991553587201034
0.20114386335233078
0.20314398917616872
0.20641416302311344
0.1768711816391487
0.1861758561316421
0.1858469565789812
0.18938180077533362
0.21353068403078818
0.19872328746674106
0.20100636076661452
0.20315239209661087
0.22696287492846917
0.22699747374529092
0.2276385799331985
0.22639859498331172
0.2262267130273515
0.22610634234797508
0.2271640603160398
0.2275843196615611
0.2261445651914705
0.2260089552905324
0.22642671302821318
0.22717617657505884
0.23372836882263442
0.23365985315056403
0.23278345050427088
0.2321948143179014
0.311363118225995
0.3126034724716902
0.31277707553915407
0.3124170439451851
0.24434167490095465
0.24091440815301662
0.23656979097870506
0.23250569707884786
0.2957416532410842
0.29663994692604795
0.29686510547916994
0.2968560715156392
0.28641780588243154
0.28554990482157716
0.2847288385996757
0.2869105803456241
0.25544626116481123
0.26325158575281343
0.2529771131282046
0.19824118524624812
0.19213116839872127
0.19116513689124096
0.19101544523615543
0.19189129777616376
0.18435386735960102
0.18237387097117125
0.1855632099731508
0.1855844270166628
0.1622938444019562
0.17678168571734107
0.17701099737742315
0.17734407628173274
0.1854784701517349
0.17449972860234084
0.17506671824504388
0.17519951908397804
0.1921775075392852
0.18220777179605763
0.1924911409634857
0.18931272198518287
0.18541301134154842
0.18450002839011204
0.1825828101754135
0.18100188973673334
0.17816355132728395
0.1771921299325818
0.17629767210956407
0.17546459496233638
0.17749135996166557
0.17749137978059565
0.1774221748293165
0.17733089378317246
0.1862593699200152
0.1868339969744812
0.18736447145631843
0.18795291497414876
0.19494802865038324
0.1969010397967063
0.19586406598793935
0.19765117088719755
0.20018984906047518
0.20071285523179683
0.20110106802940625
0.20195649949131836
0.20125701353522446
0.20153290549920663
0.20228388440781198
0.20343444750623935
0.20296323912966688
0.20460931530826088
0.2065553153596941
0.209836071817443
0.18490516934898443
0.19774897330766172
0.19808837964441417
0.20068537691037455
0.21505419878462828
0.1987677312356166
0.20033790191302567
0.20159538367914515
0.2262672429711631
0.2258718844403067
0.22590136020686089
0.2242506872751625
0.22449263456373694
0.22504234775157134
0.2267592834379685
0.22766002064059618
0.22127386816949007
0.273622295931123
0.2757546232207043
0.27739814009615865
0.2913957588188041
0.29123283756077595
0.29014318452034976
0.28925066364117297
0.31288534903294585
0.31315542690509196
0.2373465636938661
0.23441497502730732
0.3164340338416607
0.3581188867864096
0.31700122054160385
0.31027604417856935
0.300358120703193
0.2979683284944311
0.2971898176018899
0.30116093131730387
0.28723628884607944
0.2895943255113869
0.28919949992974475
0.2894238219175635
0.25059700947081437
0.31482116129127036
0.25460594947999887
0.2516456449421904
0.2949647327825504
0.26394971085985725
0.23555734751300864
0.22866397536711536
0.24669334655728256
0.21485765381534686
0.18769250540803886
0.18777764830851476
0.1623854186395217
0.17622121505569138
0.1764200119416805
0.17657910156902154
0.18704419437851252
0.17338216629316577
0.17298368576882017
0.17348812991504514
0.1940586994232042
0.18375982215302417
0.19425683929113577
0.19103766638755995
0.18685889604580372
0.18480769091421587
0.18344275440683422
0.18178381321419035
0.17868829422899482
0.1774453338233409
0.17629045878957525
0.1752077580075721
0.17643301653505858
0.1762007385678256
0.17675866805534554
0.17631761524486056
0.18424249799640535
0.18358931437631373
0.18262981273063886
0.181648448937363
0.1873275901613387
0.18954771747633403
0.23119652029756332
0.2769093342089584
0.19634065740807988
0.23927760834203946
0.24160504030453014
0.2444796194305703
0.242032536847864
0.24245670584728496
0.24301660328290808
0.2437959413345078
0.24345454996705315
0.24536558306056
0.24742393570661156
0.25086299653576627
0.2177318070289061
0.23066096390629215
0.23222774517275185
0.23615322137317887
0.2605247479736037
0.24494773962075453
0.24697662833735945
0.249829818488148
0.27810908802479034
0.26848584474232595
0.3238174327395546
0.32387615034143186
0.28211503462747417
0.26919600181978076
0.32145369303190025
0.2752243648207206
0.2819503542585877
0.3257652103132931
0.3242890554880889
0.32209922726129253
0.3381412331920108
0.30466004380545214
0.3079671207188409
0.33614560964296136
0.32808633265337017
0.35252981791104765
0.32556315446110434
0.3174872938341502
0.32149592065102867
0.3175746582227434
0.31402877071984897
0.31089692696419546
0.29604338517008255
0.2955609950537823
0.2956785764502007
0.29593655487343273
0.2841718171026864
0.28248762541139444
0.33442987681429176
0.34686837470075826
0.295600544378649
0.2571441149831211
0.2958919558180017
0.26634187908560664
0.23755753589095868
0.2382735455601815
0.20106740085356345
0.1932908883562236
0.18489808502068086
0.18421431488400292
0.18402890155099946
0.18401017325302113
0.16264432464567272
0.17627337326387307
0.176253706212176
0.17640626673256085
0.188543086043475
0.17499026743837065
0.17414366161713996
0.1745286218713835
0.19405463226346958
0.1821615719780076
0.19200338416028473
0.18802183345119997
0.18487193111839947
0.18401038635681835
0.18335769496484158
0.1828435869616442
0.17993649477430237
0.17936370952166866
0.17788332901375617
0.17668456674488
0.17765530062297832
0.1771461686156066
0.1765884680653161
0.1760246662799812
0.1857023257818145
0.18620737894555164
0.18659742329101844
0.18695292954536175
0.1908380188673988
0.1903828909601428
0.1898628948015397
0.1897182548883918
0.1913640828852829
0.19105557473644016
0.19083494636759715
0.1906424482648845
0.2278659281464997
0.22895591422894365
0.22980958516381736
0.2313599878962616
0.2302210606519363
0.2315604036910193
0.2331202612675851
0.23479262472194912
0.21101480404504114
0.21850802226290494
0.2178815361046822
0.21722817990778942
0.247653442400172
0.23456493207675883
0.23307700863692235
0.23559944563775254
0.25563302882068906
0.25119714919815467
0.2636051850950754
0.2616585568161714
0.2584857512398527
0.2577568129890459
0.2586925561572673
0.2564841792254203
0.26040993428002296
0.2641044076034274
0.2620343784555486
0.25756948939169494
0.2690646156553731
0.27715622580722366
0.3081810526118161
0.27368975700633913
0.29462499916383594
0.29167639322402283
0.2983211190962579
0.30126536879745847
0.31138153838121924
0.30669685368740596
0.30491021057344436
0.30444832381197867
0.29000065446906587
0.21402723206356655
0.2132674458676887
0.21162919173262734
0.27712781416201737
0.27836642784514853
0.2837675027235832
0.27901432815814703
0.2473529731855494
0.2572701597942698
0.2440020649301782
0.24683467674004544
0.22454502782505262
0.22474682321167744
0.2283644150588372
0.22627735680206496
0.20167822739221963
0.19992243462144735
0.17732288786306297
0.17712991732679012
0.16363178751232396
0.17757847118576026
0.17776696845779175
0.17785244203370082
0.18018242795092124
0.16817968629838154
0.1684197516736439
0.1683299422307103
0.18894959869554312
0.17332990008050886
0.18266856195257683
0.1778839010429868
0.1739625765152691
0.1723000503559541
0.17083104156290282
0.16949765821123472
0.1681515413374435
0.16806674326075277
0.16804936168056392
0.16805223790116877
0.16859730385352822
0.1674692394019668
0.16622368729043835
0.1649528809928549
0.17778985641460313
0.18077553345706426
0.18321076082840798
0.18484931892131015
0.18925845779323516
0.1891262114728691
0.1888622963908504
0.18916649088999365
0.23044569896140976
0.2309195860576723
0.2304717054072717
0.22968661972490348
0.2269863250736727
0.22739606934311365
0.18493321821736283
0.18501229773566383
0.18220490352683327
0.18247567467757173
0.18304996778434515
0.1837920760233093
0.17249524485806883
0.18305685528175805
0.18320510163664472
0.18270537191384523
0.19128564704940865
0.17441822627430043
0.17663367077741446
0.18031365241196834
0.19995259618112152
0.18927248322068752
0.2011904476910898
0.20075848683156078
0.19963765318541044
0.19867616561002052
0.19781423411209573
0.19712724588689268
0.24899637510326678
0.2516276615695751
0.2540690152197455
0.25566382382013336
0.2689471623839914
0.2677851722429488
0.2663861106981044
0.2649702523538202
0.287610356348735
0.2866917243818881
0.28659288909566705
0.2852757555363993
0.29440047040023254
0.2934523171037239
0.29216493657009357
0.29063200423680324
0.27990759129142595
0.2830965865671111
0.2856505686606564
0.28355013236271837
0.27749289566793206
0.27641251251553767
0.2792048329779178
0.27239831848076423
0.24269996703996125
0.24599960240679916
0.2363137454006384
0.23793165050076642
0.21290103556587112
0.21316886075732733
0.2164524314979913
0.1781381661636517
0.17097522675562624
0.1716792620930499
0.17263892424559196
0.17380738033860968
0.16388925710494628
0.17808662790561228
0.1784016857851614
0.1786367635723101
0.17472843908246233
0.16069413212269518
0.16103429863395463
0.16129704496065722
0.18257463292578938
0.16500748676036112
0.17756657592289452
0.1762091584170373
0.17344351145529519
0.17272015581442562
0.17211897003599064
0.1725140306340008
0.16898039360725325
0.1673633359484204
0.16572524488599374
0.16408909024642093
0.16426119570752573
0.1629144006325152
0.16212130256424012
0.16065260763761932
0.16905724401983027
0.169323225605357
0.22442932731624668
0.2772442924841902
0.31557631485415855
0.2526935231850024
0.21895798489772386
0.2788042292187922
0.23650021488701792
0.23257724929167573
0.2324328802045412
0.23308486565080605
0.18673882144582238
0.1848350432740457
0.18433613686720976
0.18455385127031124
0.184926166382316
0.1886747289494005
0.1909825442654278
0.19404392049119298
0.1733528184403058
0.18270261911473
0.18224943354689313
0.18206728556524604
0.19470645411644513
0.17759606347283172
0.1779581052443672
0.1742637230769016
0.19942872595423802
0.19146306313544675
0.20277562406846628
0.2020147297282362
0.20238088161076737
0.20304199671662757
0.2036999090952041
0.20432301026264896
0.20112620132144976
0.2004478994532428
0.19901952658267083
0.19782403296296072
0.2044355715819684
0.26508731535852786
0.26734355319781505
0.2687224771865875
0.29205782700940025
0.29118989433088327
0.28992875480221064
0.28836293402436314
0.2987127553981159
0.2992266734061289
0.2993882630147251
0.299395118742414
0.28761959411195803
0.28642022645046417
0.2852249532522139
0.2839587434602287
0.2745083462853647
0.27396661772762776
0.2773721325693265
0.2771587223802666
0.2421676808584713
0.24893645313393994
0.23555180688065802
0.23170752144749182
0.20620842323680244
0.20638174595203215
0.20475970829854095
0.20669736696204655
0.18581891730116362
0.18536839826758558
0.16382340869131393
0.16409570419211542
0.16516079841514283
0.1796206287369887
0.17990517825738284
0.1798951190686431
0.17498906711863235
0.16239423621550872
0.16505227876914613
0.16518574493764987
0.1867850360557671
0.17227131972371304
0.18300103338094015
0.18090407174540396
0.1778019115142893
0.17666588170962302
0.17560102846756936
0.17459556186622063
0.17206197987623803
0.17133605258020104
0.1706590574524229
0.17084473665820946
0.17171213481361844
0.17126867228647494
0.17075534956015886
0.17023796073193317
0.17937972686575188
0.18025525229676112
0.18176323632394348
0.18281677715377032
0.18889605879099797
0.19102159773032712
0.1932304546003108
0.19538551446049326
0.24003311088998508
0.24385379480761787
0.2450992454692309
0.202223608370649
0.24399448442460675
0.2469012016923732
0.24931002415832382
0.2516937294404933
0.24870171099273974
0.24718746124343166
0.24552571871363496
0.24434371228359555
0.210802293922239
0.21959893249913623
0.2188317768078522
0.18298247278531338
0.20275474515305716
0.18472421341294887
0.1853789634379894
0.18812642074708286
0.20532522830190728
0.19983577930780322
0.20977183329250018
0.2069348786924109
0.25446656580857796
0.2548348204038431
0.2548092651511467
0.258075334242892
0.2599052896093129
0.2635695426211533
0.25943258825762716
0.2569726843258219
0.26985181964569277
0.2685921158603459
0.27684410933054915
0.31627133121085993
0.3408407402634612
0.30479462005596414
0.29867140773524703
0.2993222426331756
0.3086130407975144
0.3099148564464474
0.31025013890323516
0.30950760564118823
0.29764692420888933
0.30129240969741516
0.29777713510982523
0.29694929895033284
0.28464647461587317
0.28337540400253436
0.2828241755575083
0.2794051400436108
0.2492867844942456
0.2603392420184241
0.19237895761916443
0.19107148665561968
0.18497980259283506
0.18589957112838992
0.18608273853258864
0.18648945788752444
0.17875174048442813
0.17822901522077123
0.17784231847897475
0.17750715008807685
0.16353368559250644
0.17762923625138202
0.17789372317494137
0.17807816111794805
0.17914205432995423
0.16791663451629285
0.16897474190332168
0.16953751061546846
0.18986018225416887
0.17592337380324688
0.18577486159249748
0.18207930166391573
0.17892550185255235
0.17799520801224536
0.1772339133136919
0.1765914220529897
0.1752631145669408
0.1744778921629754
0.17404241370454895
0.17364334302100198
0.1746990601166559
0.17420520917182822
0.17362719567669935
0.1737416627840514
0.20501469497493632
0.20536233052196168
0.20498081249457012
0.20436263463258106
0.22594984701666038
0.22718944536526117
0.22826163034426095
0.23020927367950308
0.2325273161702722
0.2330134802809904
0.2334687104883136
0.23391745722027846
0.24148154300109848
0.27329197046859066
0.24259123544893227
0.23975858978883005
0.23960746697606877
0.2358186142305961
0.23909352510058535
0.23886385736565985
0.2101736570074571
0.2185448575531161
0.21886274191731092
0.21831232021019822
0.2425014652258011
0.22744640164935462
0.2287756800619387
0.23047615667866403
0.25410601536581917
0.2442517261236747
0.2553429430911917
0.2547737290806988
0.2514404648642289
0.25606582513995063
0.2550655493551777
0.2545730349253268
0.257345820440191
0.2561354867728481
0.254747920832925
0.2581663929251909
0.2701608722883907
0.26821949778779647
0.2682109586538584
0.2683848975824677
0.29321067720348937
0.29309209056511143
0.2931254431264534
0.29466147046392477
0.30525076673916124
0.3046534420578133
0.354820250927511
0.36724047641548785
0.32662074873563424
0.29874574689736066
0.35542306290428616
0.30521402903852196
0.2873804401660022
0.3182835342427503
0.28604050605934817
0.3196324433914111
0.19472919301813318
0.18756753294936027
0.18731871026060098
0.19966971754265384
0.23002519965017174
0.2806731075700088
0.2800471949161151
0.2437128889405203
0.2214785196266422
0.21458128675372387
0.21077329387878832
0.2094098394729894
0.1770851251663496
0.19019347814332346
0.17660772093192148
0.17690543838363282
0.188983108603668
0.17692399733509867
0.17698028271270794
0.17663967416947357
0.19741339039752429
0.1847432867134584
0.194961475128028
0.19077610934599165
0.18716467483923246
0.18584417220344374
0.18473630600126553
0.18378480748507006
0.18087920031938193
0.18074630401423905
0.17932215757983885
0.17824398216365198
0.1792399350623177
0.17865900024741385
0.17801527804082432
0.19673962106832546
0.2975126451036294
0.29299505000144405
0.2765740209103551
0.23786103920161036
0.25237652458039767
0.2500743678754197
0.2486748745737931
0.24781545984959794
0.2501260235390383
0.2506091260026456
0.25116833136304506
0.25273482588821083
0.24934688583342624
0.24929398125555283
0.2544603890454121
0.2554325374052225
0.24847274379227116
0.2484198237540681
0.24935082232702238
0.2508026100556583
0.21646983691064214
0.2348684777347004
0.22430042397279143
0.2371325712522353
0.3028211975863544
0.24766029771793172
0.24587736497248452
0.24659617824181454
0.2740721662162193
0.2660802883133585
0.2750998351132362
0.2804304036520022
0.270690152219528
0.2702152572549236
0.2705549413064407
0.2722794836736655
0.2752771324847628
0.27482119007770506
0.27070627446886636
0.2699881610770182
0.28531829152890276
0.28318270325823486
0.28208341436267687
0.2809940155210464
0.3046449926959585
0.307170163065057
0.3088615647868706
0.3071591161731405
0.32099985522862634
0.3159778285838293
0.3159960845759889
0.31475728503377226
0.3003873615977047
0.296843018764386
0.29870613766836585
0.2960333957381561
0.2849186811894453
0.2844847933441471
0.2842333394443706
0.28477959655067436
0.1973458153278677
0.20329320967897901
0.19114540821828904
0.19305984119414094
0.18974886423252776
0.188214664657055
0.19065658963377277
0.19174071621318833
0.18013134091966007
0.17908923737192808
0.17885050963581356
0.17874351926901125
0.1635567539187421
0.17764176625386763
0.17782655898182104
0.1787093621971643
0.1817176337994068
0.17126769676623277
0.17244767394307722
0.17311632519108694
0.19148707636221562
0.17873302968239124
0.18842646056009102
0.18436752744539986
0.18111723617877626
0.18011160321165817
0.1792866633233
0.17929867119124457
0.17656700485263938
0.1757007843855781
0.17488725309057052
0.17410504084318712
0.17541807061883133
0.17523229073919788
0.17501234951814526
0.17572904540118608
0.1836792835431662
0.1836923491343275
0.18344361455045824
0.1831470820014474
0.19721703740753893
0.22798157825680765
0.2367736839954197
0.23486427060675125
0.23733268372640082
0.23804889876451155
0.23876358475807047
0.23944141235812605
0.23700119741729336
0.23783616639411448
0.23943803821469944
0.24057427271343393
0.23977404625679402
0.24139342118232543
0.24280006629305642
0.244285285938096
0.21229985648398153
0.2260168254620933
0.21778805215807473
0.21863897039436123
0.25212674333141066
0.2378045312218741
0.2399686881603988
0.2424286880635824
0.361146559387921
0.9542396021066984
0.8774627829328295
0.27975642593165484
0.27370396845681483
0.2722702477550835
0.27098762208822796
0.2691162409161536
0.2713837860393332
0.2699234733378603
0.2675076741527438
0.2654051353766056
0.28018148816941785
0.28134067593189527
0.2923039109342115
0.32508563692911535
0.31708774854416233
0.31334195176830665
0.31011345357101977
0.308736236627922
0.31760541533296643
0.31572897866387883
0.31493069857114275
0.3109899199276181
0.30034464632726365
0.2993324840583848
0.3001897590439915
0.2980339509360602
0.28663106313552894
0.28892739166492615
0.28940463899692176
0.2889278694437103
0.25491990807132864
0.2677474505715035
0.255920104727354
0.2552575115466752
0.23302818863035515
0.23619516526050954
0.23608501128309858
0.1968319432496373
0.18774568327033797
0.18748577387422732
0.1864778862746784
0.18582968653499732
0.16263763250811425
0.17635727784314326
0.17627472773915534
0.1767153697497798
0.19016585284432402
0.1771530375074597
0.18039628805016372
0.17690214180486244
0.19562160803294373
0.1842358978165723
0.19092807467747056
0.18735399104114073
0.18398561980667763
0.18287778946373245
0.18195721601481407
0.18116766868751794
0.17913295585661296
0.17807671600255578
0.17717354054695658
0.1763254711992161
0.1796292231409396
0.18015624863198035
0.1798443185243566
0.17965052620605387
0.18791646108639312
0.18745912588409855
0.18685349558686132
0.1862064411860501
0.23037290081186276
0.23162295694392712
0.23279168953078505
0.23463662678796512
0.23839849104862879
0.24012328189238483
0.2415173387328372
0.24274641803609218
0.24099235172494843
0.24224087034534075
0.24392734455735213
0.24524156428776775
0.24424516986475917
0.2417590365445904
0.24267042352525836
0.24394960399634424
0.22079868581303783
0.2430636916292986
0.22827370924409213
0.2334675363198391
0.25588758042712006
0.2391830138451902
0.24106304997593414
0.2498569476434287
0.30426168908056495
0.27308978820935104
0.27803350084515316
0.27869761053954883
0.27408017160540316
0.2735785684167754
0.3656257379319105
0.8734345904340978
0.2808733087738132
0.28036940254882153
0.2762385096000104
0.274916115843486
0.2885654596687516
0.30037393371565085
0.33718097740981623
0.3349029925595276
0.32812004236169456
0.3209396199111884
0.32219154993222815
0.32284210094949717
0.32655830489314097
0.32546661701058777
0.32326367653068094
0.32138516451588356
0.31062948269807084
0.3101066416723764
0.3103105186304238
0.3093793149810272
0.3181435795641723
0.2972114390708846
0.22778250039982278
0.22311443626158806
0.1966681811386007
0.20332077097256618
0.24899828980143016
0.3058203477328941
0.2362486770219638
0.24952465824882594
0.24625275216441458
0.19725602965563008
0.18685789745362053
0.18545754093431566
0.18454633074796065
0.18460162456929846
0.16233212087280838
0.17654468066007042
0.17667288454150618
0.17695467028071207
0.18383326982022585
0.1720974567623843
0.17304595991666644
0.17391872940552716
0.19285847221667834
0.1821559154016668
0.1931597208677473
0.18996871445664848
0.18525739465008884
0.18250261070577217
0.1805440933978826
0.17778833930677973
0.17404912159841146
0.17216621252201872
0.17034212239759108
0.16852565938309103
0.1691283825255345
0.1684396129187648
0.16819474767805687
0.1673960487447674
0.17770248855726278
0.1797186268567005
0.18134854454343452
0.18280635549029597
0.187040210068605
0.18763986430669977
0.18729324971856193
0.18701396099695822
0.18915056112814432
0.18967212275239803
0.23587853362401223
0.24186151223874944
0.2379697831488431
0.23687577548325545
0.2602819107698005
0.20423364555047874
0.2041837300385325
0.23595942722300364
0.20450198853017762
0.20264838479560493
0.17656874896859034
0.18474479069166744
0.18092705417775212
0.18164084219610405
0.20529216215859258
0.1885028842455397
0.18847626175141124
0.18996974058581506
0.21181423069026212
0.2071022036762873
0.21368210414087507
0.21216250376327517
0.2130616716711205
0.21452840356202144
0.2161985517756088
0.21838160366455217
0.2176164326458361
0.21786481889136544
0.2187396730762614
0.2184556191427618
0.22537188367817165
0.22461431088911982
0.22327467287363056
0.22170077732526827
0.229705488771908
0.22911079752383892
0.2291515315902375
0.22833382977220076
0.2315606416025929
0.22947448532001832
0.2267047906386612
0.22371573468786493
0.21702368485225
0.2887481957826486
0.28973131030341465
0.2886873122433056
0.278774263937279
0.278127401626476
0.2778981440524698
0.2777552957121941
0.24716535296731773
0.2555008781657828
0.24411031815372297
0.24622033514797248
0.22523615158234672
0.29143145032647627
0.19577482307566738
0.19135422168323524
0.25824041595017144
0.19201919841430176
0.18485641299066027
0.18400435426924713
0.1636238409690268
0.17768340204736008
0.17758362399334318
0.1777960803437243
0.1910498329174811
0.1762769251441617
0.1769722036482419
0.17682360692860383
0.19365305807285368
0.1821921072469041
0.19154378724380144
0.18718708949940663
0.18345028603974664
0.18190007103537456
0.18140937979920624
0.1797445859082422
0.17733015553407333
0.17673996692474012
0.17617896491578874
0.1756268215882739
0.17667382793989453
0.176804239714458
0.17617015137170655
0.18614126992273544
0.2599853196886663
0.2724926727130281
0.2807771938498299
0.2858213466113682
0.3111402418862224
0.3143363126490767
0.3161296153035762
0.3111393322244081
0.29957127207933837
0.2782946129096673
0.24232479781614644
0.23641794338683142
0.2323972213728565
0.23062672956997132
0.2299215480805373
0.23318775019849886
0.23408665731292871
0.22637823923736405
0.22582682781692512
0.22662742416714307
0.1900657604972956
0.20704559063615705
0.20896061097703955
0.21322230298806222
0.22583569365782616
0.20971774396866125
0.21228104525805747
0.21568668699746582
0.24733299465610692
0.24775918681415704
0.2597021190479798
0.2870510680868962
0.30774983180643306
0.30575699668755835
0.30553396007169725
0.30545326941249556
0.3097173664442303
0.30956491937669556
0.3087219011380383
0.30854251905410385
0.32295406393631854
0.3215067761623637
0.3195645016751835
0.31710371868304116
0.33888530321329696
0.3379826253177922
0.3369644823255363
0.3386197293934156
0.34563066186701513
0.34178491683246015
0.3424758701448073
0.34179825524352675
0.3244133361238133
0.32183280698822064
0.31704815935987013
0.3151852320874905
0.30249040515772024
0.3033441622736444
0.2991741878194074
0.30079217349356724
0.26388657523884795
0.27226312164881217
0.2629438037894495
0.2650183885962959
0.24476348757813857
0.24509562732983772
0.24696394279635422
0.2496161035249519
0.2212058969969491
0.21942707377973744
0.22012162950579356
0.21798032208742843
0.17509452912112428
0.1862492745635517
0.1852768737343067
0.18436339907050875
0.19826350426909503
0.18477938542556085
0.18386526541122936
0.1826487249686092
0.20520937967819222
0.19389474591878816
0.2027822770039152
0.19856591009918576
0.19479666983009924
0.19335981579873557
0.19216430139660712
0.19113435582921018
0.188381048996596
0.18804977160517888
0.18690345743153342
0.1860210101936437
0.18668058926227113
0.18581867798618426
0.18489016871451466
0.1845000734905599
0.19543709871060777
0.19729810172484505
0.19908989151300868
0.20091817371702508
0.24779965143717955
0.2519712777144066
0.2538352316805452
0.2571466543709315
0.2618726178893844
0.263261892201833
0.2643483398759895
0.2651498526921465
0.2634032888512385
0.2653841069595829
0.2682408038680354
0.22718499955224672
0.2242890862893959
0.22451567678105275
0.22575352642228708
0.2280731478312636
0.20061654216010522
0.22045757283069478
0.22983880461079556
0.23333843087670902
0.24042789040744206
0.2290878325786408
0.23881376663697115
0.2515253277880711
0.28349690458971544
0.2881774176258533
0.2878522309955665
0.28808682542710184
0.28919043357591884
0.2905716366807201
0.29225161276777567
0.2938515945120575
0.2918383571998559
0.2912857086083422
0.3355536646982144
0.3354625016921908
0.348611952888364
0.34930524917722094
0.3499679815120059
0.3509758288311113
0.3697056926186657
0.3672488857262442
0.36458889644230547
0.36286776259209014
0.3662731528624389
0.3632738694944161
0.35930204190558623
0.3522849551847014
0.33737785536433806
0.3346420641954227
0.3329972321503822
0.32993974792356684
0.3163630667478672
0.3135775878809443
0.3069475915834678
0.30520323371294533
0.2674163811238174
0.27144897346760666
0.2739878883595214
0.27819519550009625
0.25655863984205735
0.2566599813068776
0.255722683427268
0.2559003657297314
0.20841352266129745
0.20753197877325688
0.20478940531332085
0.20344601956063912
0.1835958287073833
0.19493041198602573
0.19361726768327275
0.19280297335469118
0.20516246085315024
0.19251485115161315
0.1924372676730839
0.1921129798632561
0.2171963162783661
0.20548207948433675
0.21437397241672662
0.21038540803724962
0.20533753464818733
0.20272795558025658
0.2000920695654481
0.19758436333661883
0.1946731050600332
0.19354537967349458
0.19265910517560328
0.1918733708110664
0.19293728653756248
0.19246618037412233
0.19184258362017506
0.19194865520359528
0.2014328453466676
0.20269865103730605
0.22780862212467892
0.23015623696554854
0.2539129437794182
0.25703004698764115
0.2597881153140295
0.26239193451648346
0.3174890200072275
0.2821408368610946
0.2653044623049014
0.2710966196658934
0.2691986969350002
0.2714270617659277
0.27389651442403423
0.27685101018502056
0.2761916481475096
0.27770276604467187
0.2796960140013916
0.28269146826245917
0.25288210254480165
0.2776381256662488
0.2918198024329056
0.3316183266798645
0.3369812176831564
0.2869064277648897
0.2866148706086536
0.28342516794658645
0.3139794776846599
0.31098608353707996
0.3145711465208733
0.3108273075862834
0.3061737257207094
0.30485809068716496
0.30401183004957266
0.3033512983364894
0.3110444497986723
0.30922015684904397
0.3092470933307148
0.30983242749960205
0.32195200246552474
0.3186589097538587
0.31509772913693257
0.3113621618388858
0.33631406665794883
0.3380499380693119
0.3345078056330095
0.3302441171964924
0.3372012408116864
0.33563697380352553
0.33135612391926883
0.3245213364451742
0.30865288054652856
0.3044785300321543
0.3003188004298617
0.2959361675017475
0.3103926977981791
0.28268434146088267
0.28145572680883685
0.27567918445146505
0.2446975336330314
0.24512630702239813
0.2486722543777854
0.253927967925112
0.23070906535669733
0.22915617655951528
0.22766193007705535
0.22934770853622843
0.20426992264821392
0.2056888227342605
0.20503817092375617
0.18437942452314063
0.16217845815141813
0.17635498815615763
0.17652208724270524
0.17673968649079944
0.18196276431327862
0.17469906306376612
0.17546376359581045
0.17571904264772492
0.19631571635961428
0.1867501141034674
0.19367152877411845
0.18899632520453508
0.18306176986145803
0.17930525126124747
0.1755293662960916
0.1716630646845109
0.16913274618515364
0.16873027803863383
0.1684907830747743
0.16856679022451382
0.16917699156465996
0.16855425889527076
0.16757217877747146
0.1666677213692037
0.17661035062552707
0.178438999850797
0.18017109183651966
0.18164409030548678
0.18528974017339406
0.1842041819867327
0.18345555643756792
0.1825616864381164
0.18326121447124305
0.18225777336743076
0.17367505669574376
0.17163450417819903
0.21186843888553286
0.17819411522841758
0.18076753205886392
0.18365341992267964
0.18225851550866365
0.18335804924228316
0.18492835017136108
0.1873924855521258
0.17490594763999132
0.18209118258656068
0.18249919675264623
0.18207770489758732
0.18877200473397007
0.17325245499153874
0.17492467023043518
0.17973184174717893
0.19747353902501388
0.18955398871885834
0.19990191372951854
0.19631394895103274
0.19697680253909122
0.19824472575723115
0.1998248294844739
0.20192835593583583
0.20159627043588224
0.20206056341670633
0.20234469864120574
0.20315610467214718
0.20976742123279266
0.20891797350619976
0.20737470615850137
0.20599290388765074
0.2140487370810822
0.2137275840656395
0.2840701821212946
0.2851014800585308
0.29612449613511665
0.2966677481691813
0.2966189226088209
0.2965339349220733
0.28193311503436613
0.2784792478218541
0.2747751983501336
0.2708848139672293
0.2610017572719151
0.2604549294892058
0.2607809165867757
0.2610300696436459
0.23931886727540558
0.23315309121223796
0.22340779131899718
0.22201436306332445
0.2013411352803206
0.20204883614556013
0.20218778067824897
0.2028715238628434
0.1687659879410383
0.1687153349552871
0.16862679293296032
0.16948894733237452
0.16992139328634562
0.1828731464265583
0.183233104901382
0.1837315099437752
0.17783721721744603
0.16345212825733066
0.1630072982257809
0.16235532340038053
0.1786564899060901
0.16735387419402684
0.17014196747323523
0.16767813760710953
0.16287420533724234
0.15937158427021753
0.1571486393436066
0.1575438724358294
0.15597650800388949
0.15607400069148605
0.1562899588029514
0.15626622716248964
0.15592301295989106
0.15580221767950828
0.15558106687202028
0.15542049319838494
0.166668556315761
0.1729730923108733
0.1871372152162019
0.2309750848370741
0.2846178828922478
0.2917449255106961
0.2870128987773141
0.2486928099314689
0.24516430378948653
0.24324432286620323
0.24219563521580645
0.24183831011718196
0.23942073492065724
0.24062362378579724
0.24222228173458768
0.24400697842932703
0.2432454601517791
0.24443062088673836
0.24634521754379549
0.25008320007077317
0.24404522167581744
0.23993622407416482
0.22723824732671424
0.2666058920545569
0.25715280043650346
0.23643121207804904
0.23780553669470086
0.23914996547582842
0.269504806413645
0.2605496093301798
0.2709045809720189
0.2686011694045247
0.26572216601654286
0.2654171884524661
0.26855756130115044
0.27236449249804406
0.2717901006667133
0.27080894343324213
0.27058940017478733
0.27526365908890765
0.28543884619224513
0.28435067223450133
0.2844112638046502
0.2816783635536175
0.30490164917212054
0.3051820112372702
0.30542740887604597
0.30980126033261846
0.3147256947963694
0.3098771804341229
0.3051971822673115
0.3022313718148819
0.21395572921296696
0.21365920393239274
0.2037910441191478
0.19915215268003736
0.2005175445883683
0.20044694617784298
0.19117295180688074
0.18867210169204301
0.18400670799654859
0.1749090544795449
0.1732925791141769
0.22915735565062567
0.21037342813837784
0.2147535912519371
0.21688026740573943
0.21491569786283934
0.19174527093563587
0.1907894728130178
0.16923547441812212
0.16830234625386517
0.165098496355457
0.17908709011773613
0.17916903854209085
0.179128897455073
0.1803513049524934
0.16814422299051945
0.16847162956942965
0.16815887339420868
0.1877416937188026
0.17246521942493107
0.18160718165937537
0.17773029705170304
0.17483761822012292
0.1736815670528004
0.17283685957723605
0.17227416190051353
0.16936037569546303
0.16815722701292918
0.16702438128144786
0.1663342853737399
0.16775711174291305
0.16784130306510214
0.17738225712417244
0.21725412621826132
0.22961983405616593
0.19621099773140788
0.19334325745500677
0.19353563491933765
0.21374671101992876
0.21694678744920554
0.257015787505317
0.227495901507168
0.22812727896978946
0.29439542645139727
0.24299346752078424
0.23419903364470465
0.2809482331721998
0.2382003790564898
0.25390628474873256
0.25095310083050887
0.23825791551673428
0.27452557005333456
0.2425630491249725
0.24246005660786807
0.21618245960481483
0.20363787603262515
0.2034227351454468
0.20498917983358242
0.2501454626575343
0.23345719083579286
0.2385005145375746
0.24275028210988947
0.272685199729052
0.2742305481610935
0.27732716306566785
0.27951365834974146
0.2774086004560339
0.2774781982854881
0.2792852535403177
0.2784246179798913
0.279933219469449
0.2776209526441174
0.27492424709319824
0.2724809157351095
0.28641527648079984
0.28855290809650846
0.28789679496305026
0.28895051181737275
0.31001470298560374
0.31130651091771167
0.30484204657463726
0.3023537542164013
0.3088572279211003
0.3081753216324761
0.300361383487352
0.2954455202152401
0.2827555693699313
0.2843385429464698
0.28262636448669975
0.27846152281652237
0.26698684428727365
0.2637905708275595
0.26103192367220174
0.2585559396515385
0.226132173056301
0.22892889819737394
0.22759997521267994
0.2298271649479129
0.21076602873851086
0.21087931640476795
0.21103065742549437
0.21115300543395626
0.1908630323546986
0.2056706480391566
0.18943796657212858
0.18749615527022462
0.16495166410612133
0.17744513492736905
0.1786289659679996
0.17838387254877036
0.1925565231608618
0.1803423539289513
0.17975413695242493
0.17900274525386917
0.20127163626191552
0.18866782371479154
0.19854827367477065
0.19491489559532954
0.1908510190114666
0.18893003741376535
0.18716582014617322
0.18572248580489828
0.18315390477413163
0.1830792653742238
0.18248618951370274
0.18206837933592332
0.183009134159241
0.18250675342518627
0.18211093742546153
0.18192101956934628
0.19159390707269805
0.19356568294339158
0.19500832205097368
0.1966661720942222
0.20359020813254017
0.2065623866191074
0.20939701026541382
0.21182169251827918
0.2153864617682693
0.21619793298684903
0.2170106489417415
0.21763913045349223
0.21812254253232538
0.21974386517708316
0.22177455839287918
0.2240213542108272
0.23258491100351922
0.26442874814811757
0.2515568429675399
0.2513676663359367
0.2260095787420099
0.2512838985038345
0.25554676915970304
0.25817575390700986
0.2654747853937975
0.2557140435898573
0.2670300097356658
0.28094805218671415
0.3122001095235623
0.29117926898703694
0.2901626192957765
0.28978024451310724
0.28727696894617527
0.2852435915764303
0.28581919535770894
0.28301648275609775
0.2797558216210215
0.2803395424912167
0.28049244483248
0.2836552360688767
0.2883693650254218
0.28356508127963187
0.27626035420082024
0.2691322475520475
0.31982245889610456
0.31919288411128866
0.31840501167584767
0.31673753288756884
0.3223884142324483
0.3191237569034026
0.31562915397798175
0.312182077636233
0.2985735834181967
0.29586719404962386
0.29295782574460866
0.2901610000768132
0.2788302958686332
0.27550778435844364
0.23678948604169442
0.23176776863547477
0.20222242598705734
0.207810086020782
0.20359658937206015
0.21175147598040014
0.2035487806339121
0.2019630547700259
0.2004724930262607
0.20204388170744872
0.1933802721913406
0.1936893920611631
0.198146807001287
0.1940570251721528
0.17615709514445718
0.18802265727988826
0.1874571064385048
0.18717003378251845
0.19954412061925855
0.1869904221760062
0.1869844487349112
0.18711509282436867
0.2084847877342593
0.197236894514036
0.20590578204843146
0.20167115702117058
0.19751734930565099
0.19588045148598152
0.19422287057765905
0.1934309322257884
0.1902813728938233
0.18925936374918956
0.1883364850710561
0.18749627749892409
0.188591483363277
0.1881116479350994
0.18803099721559727
0.18778415405764937
0.19750981618019825
0.1992330922079388
0.20089851682529425
0.20264499043305984
0.2095841514926393
0.21221627815758082
0.2154121395756131
0.23474619868936172
0.2698016341575456
0.24348818892285448
0.2201351034139191
0.21899009317632634
0.21936288666276227
0.22125370149230048
0.22351999217137383
0.22684989922686943
0.22557885316318269
0.22691218604470056
0.2288568204006126
0.2317095325216098
0.2117973302123226
0.23875384805900218
0.24243556789064163
0.24453270362314716
0.2402988066686144
0.21943363812615466
0.2206036730772776
0.2225489688074485
0.2783345381864552
0.28076471151307003
0.30429972214445716
0.28498710596080457
0.2781232091451059
0.30291281803305137
0.27545738142261406
0.24440858731557305
0.25157568977469036
0.24982459910431595
0.2486298475948368
0.2480777271139283
0.25310276329929665
0.28647104157895986
0.2860371475592677
0.2853185955754921
0.30446454916168314
0.3084707482081398
0.3098085503426774
0.31241801381022044
0.3409243083015578
0.34074216744413033
0.34078103845806174
0.32954150169085505
0.31455165880547714
0.31129389766911464
0.30736350586305405
0.3029730113326698
0.2904284286266697
0.2867916482823166
0.28072340508743115
0.27852916766541
0.23736898907178197
0.23929268896075936
0.3157196023572816
0.31670534057149835
0.28350368752522903
0.257076615101634
0.28298775984626623
0.23978613079054137
0.20995220149627467
0.2055025113752162
0.20239886223302495
0.199908076241783
0.17819550737180803
0.18850010256638364
0.1864756962773702
0.18549635098888972
0.202181846342034
0.18499516342346625
0.18303738955626347
0.18152865867308832
0.2061444999658317
0.19452606299174457
0.20372852400412647
0.19981925208334306
0.19526624809210522
0.1930147270902674
0.19102037697753338
0.19003359473903544
0.1867409968330934
0.1855049852998953
0.18438713752393712
0.18337042518025695
0.18348747088766107
0.18203579824285307
0.18100860861606957
0.1799473088057129
0.18753232886364998
0.18682253945743452
0.18601524801447292
0.18525650695201046
0.1918376193227411
0.1947214774219714
0.19847665479010174
0.2011533611558172
0.22235293923476931
0.22505196199941357
0.22718625877084533
0.2290208932777067
0.22670885571469784
0.22791442534120543
0.22899754561141775
0.23019212991338164
0.22986647596624582
0.2317169421594677
0.23392565785407285
0.2368742467313999
0.2068785284521443
0.2258757007908742
0.22578556337352804
0.2302260206428352
0.2429276556835771
0.22596544254218254
0.2269904668798791
0.2295828548222482
0.26371794184846975
0.25710435974644763
0.26792572948140164
0.263241977387096
0.2596208066559361
0.2586482690478959
0.2587834425843925
0.25817283347349196
0.2607715597148337
0.2613546283234643
0.2588157436248093
0.2595346714623982
0.27188500053486836
0.2740657775140932
0.2708240445189254
0.26971372574361197
0.2901544794485923
0.28972681254994526
0.28904370141590346
0.28826719047078836
0.2954976708678766
0.29307923221603277
0.29069828544173126
0.2872070296143327
0.27618915048524995
0.272813272018025
0.2752573021762568
0.2712164187659205
0.2607125390063527
0.25482162519002943
0.25241528081078995
0.24769842008078502
0.21852006062321253
0.22188601307136974
0.2105445742268305
0.21412704151443515
0.1944851644051411
0.19550893605543038
0.19739790287925194
0.19840504724802258
0.17697045317930762
0.17694590822378803
0.18065904227971458
0.17907145284815712
0.16374119800381295
0.17736437231099472
0.17816068899763066
0.1784623295146758
0.1783846548167105
0.16418678859669208
0.16402688190840964
0.1624856150740471
0.18683026242463466
0.17073927195220456
0.18133865851163397
0.17734221431512218
0.1744030355501534
0.17376011134198213
0.17331791262965687
0.17301086703101695
0.1732466478683247
0.17507279046957805
0.1773498620132928
0.17752840997871908
0.1783023616978893
0.17733245319949206
0.17611829159499182
0.17506381844924712
0.18405352219760246
0.18562248126900247
0.18634795062956014
0.1871761606788466
0.19098518869178815
0.1902518206211807
0.18938111025292098
0.18855745091579562
0.2023294756948466
0.23659483733298708
0.22447383989625072
0.22389409355102804
0.22280439475936537
0.22515503448863922
0.22781385403901647
0.23056941951466484
0.229813296053685
0.23017629509082604
0.23098618420235661
0.23260084773583964
0.20052115790546474
0.2145026070844379
0.2144559315247163
0.21763000092565724
0.23770025821463892
0.221796202617372
0.22339909522398527
0.22794949278382987
0.25698521047407336
0.24674106641944502
0.34890909583843227
0.8557981142452931
0.25671121792736507
0.257323286501086
0.2530646751958816
0.25294371238166513
0.2542968034114406
0.2528953529555986
0.2514270062077343
0.2503417927963908
0.2653909127809036
0.26626795057440245
0.2629314500247027
0.2627178009887893
0.2825146979015283
0.28202407984355754
0.28311821447216856
0.2849383060097337
0.29133333435939823
0.2876748091875547
0.28698084419333475
0.28423136259909026
0.2707634464091479
0.26831202945469307
0.26608555422097596
0.2639424096003875
0.2537690201879916
0.25051127296885395
0.24785033572599366
0.24849398091374186
0.21993591091092518
0.22660878729501865
0.2159399231391401
0.21990208536028608
0.19009488487675047
0.19491801120565674
0.19008305089992208
0.18866459862666768
0.18049980983220573
0.1797699475122079
0.17922861964812836
0.17875693422317096
0.1642807481909218
0.17837650930162902
0.1785992508800565
0.17857921289237513
0.1834961411147068
0.17128741873736586
0.17118480183458915
0.17057365203221228
0.18939535854703288
0.17493150926136464
0.1840675447448506
0.1792189322240986
0.17463188991388806
0.17222785663216766
0.1699576782533265
0.1677444581051684
0.15407131887221925
0.15511322477198902
0.15709689218494735
0.15797047227262784
0.17186152999120596
0.17141971325479086
0.17080601427362244
0.1701986590770376
0.1777648967735591
0.17766195921627206
0.17672898599771478
0.17569414497218264
0.17961816082082036
0.17933008979529763
0.17920052237807788
0.17912861591293155
0.18260497262511627
0.18537151362100962
0.1889884722831762
0.18977342051868978
0.20566012839908346
0.20797450498100997
0.21013098025127863
0.21326823904835143
0.21264057238875098
0.2144953509412349
0.21649460302200152
0.21886281439147187
0.19423482660980296
0.20441251738574034
0.2038839104758278
0.20712407862092214
0.22806329359078475
0.21267554504114153
0.21457878095051752
0.21620903857752774
0.244069475730867
0.235964099608876
0.24775920530141174
0.24588525026650795
0.24355652670561392
0.24349202989952373
0.24387558768348483
0.2463302910571003
0.2528393442552714
0.2521835364731352
0.25141648029359315
0.2521382879118104
0.2646336241407885
0.2635046468023445
0.2617515122017988
0.25971171669357335
0.28062059551232527
0.31606731094227725
0.2868260516896685
0.2839636472549535
0.3405136630674413
0.29571200837205225
0.28782886277721853
0.3405253112894175
0.2928013670963515
0.2738131225295118
0.31529525652559315
0.27906630132102656
0.2657474201181054
0.2626547617715127
0.26228714162976546
0.259230126879823
0.22728959484319203
0.23486087906870567
0.19216887295398774
0.19234054219491672
0.18782946820056695
0.1879349302202174
0.18815168089361253
0.189991023241257
0.18136600105682366
0.18022530954719784
0.17958773488352653
0.1806258235924111
0.1632142621518728
0.1776604768928713
0.17785307121524532
0.178147988239553
0.1783726071761918
0.16344671231159585
0.1625951754863956
0.16106656319861168
0.18558466088662842
0.16810553148779234
0.17827410142718172
0.17462238360975416
0.17239513419559077
0.17247289941348862
0.1735362921951642
0.17374263788107608
0.17301125124864486
0.17409620429445105
0.17516723560031372
0.17620782798800638
0.1770753895484408
0.1767587647543343
0.17590690751392854
0.17498681458607238
0.18366683951800977
0.18408363649937087
0.18439145575338076
0.18471912258685064
0.20603209564785274
0.2076612128515959
0.2999622303855541
0.8083528891265884
0.2170226690393596
0.21697295531977043
0.21824898350001898
0.22079949885756397
0.2189770000442943
0.220936689626629
0.22288571373251168
0.22515505366765287
0.2251182755029902
0.2264058315954766
0.22790180775519114
0.2318355653369726
0.20066696640476284
0.21526816666118687
0.2161828886350178
0.22243405184787943
0.24037876422682347
0.2213183414748127
0.22270318654683852
0.22500990193571666
0.25520811751919986
0.2565651513844361
0.25698424911019785
0.25791169481834986
0.2538061729725494
0.26467042852444933
0.29768769823348756
0.29682133236201386
0.27487581285021795
0.26772420183305223
0.2702448575819398
0.26677417397811104
0.27849608713097074
0.27733074803100116
0.27600719681007174
0.2746480854759118
0.29465749572800515
0.29686188935531865
0.29990524060525764
0.2946566016493482
0.2998103484713564
0.2972845297016077
0.2951392415075082
0.2917735695118287
0.27985404465526387
0.27681015143195475
0.27240290295055286
0.2703903991370718
0.26071766865172524
0.25765747179436144
0.2572968634429839
0.2568162756816822
0.22671750572698512
0.2389313597322786
0.23071212458266271
0.23796265571075426
0.2175174497595951
0.2683625340878706
0.2015461275918524
0.1942467777030217
0.18545328835370437
0.1865346417358497
0.18501499745327465
0.18494382669386294
0.16435353076928455
0.17675403687195532
0.17706932315771068
0.17727356012588272
0.1826179294547366
0.16525202131359323
0.16121270901858786
0.16221910494259442
0.18380332780197361
0.17082710302853066
0.1858170285585762
0.18664647433931725
0.1841349137415311
0.18347152276701872
0.1828740270910017
0.1832548223820521
0.17997843016751966
0.17868867979754355
0.17743922755262082
0.17623507311777978
0.17698088361010808
0.17627327272761678
0.17611889786868912
0.17568981204074222
0.1840943353570408
0.18427787121600037
0.184333483947957
0.1844252066439963
0.19007510461468874
0.19173006644142085
0.19447467933171447
0.19623922572056765
0.20155969789363823
0.20499150000432392
0.20799332169232637
0.21062951804776706
0.2110318382252934
0.2130896139987978
0.214600683872193
0.21640739213256835
0.21486466839767096
0.21541789531819877
0.21643299872470786
0.21813924743701354
0.20661931052352717
0.22630288009219368
0.22701327973419122
0.22999001260313096
0.2424793876317294
0.22500501047631474
0.22524122283921555
0.22528703196089703
0.2589555266324194
0.25236096690458015
0.2648534382599037
0.26517847625599344
0.2643381520833542
0.26576607367515276
0.2673708010229814
0.2692607460133601
0.27244366580092144
0.269749576809073
0.27156894826119216
0.29673886208768974
0.2768606435250496
0.2707683580297049
0.26717808033438506
0.2671805281373237
0.28491804663871345
0.28383909523787637
0.28301300734026813
0.28385727867223737
0.29047726148180414
0.29321959810778697
0.2881523306460721
0.28598271296087985
0.28168907916763064
0.27711444621493986
0.2243020362117683
0.23155570143127877
0.2574700194977203
0.2611757692551923
0.26115396320403833
0.26057975932963684
0.2263643555139834
0.23273282775801843
0.22378356378727565
0.23035487400210733
0.21901457492818327
0.21798540160304916
0.2172605787738445
0.217059911436661
0.20144967138401573
0.1990914626373038
0.1925754986377757
0.19177473561590946
0.1632121094099644
0.1746316114287335
0.1738532686371359
0.20897016126897153
0.19854402289841305
0.1837212198585688
0.1834716134128475
0.18333233093079396
0.20582610160033815
0.19596816838746542
0.2080305137158161
0.20465072859930142
0.20120364392285542
0.20001789135023157
0.19905164130112848
0.19825078166228338
0.1954615526140328
0.19503127725466407
0.19392179254050865
0.19264423117799082
0.19341340203403445
0.1926135024048193
0.19173524401238712
0.19091540318531966
0.19894011761244784
0.19935875397094474
0.1983941674494387
0.19772135376259914
0.20159746268030596
0.2011574315220362
0.20078916602888272
0.20054411647596815
0.22161966198680325
0.22378563116302166
0.2253794880234511
0.22680498641658842
0.22613894078545535
0.22866430261260254
0.2101586653458732
0.21101013158654958
0.20897434826790434
0.20793323380931072
0.20764804241460466
0.2080633132193748
0.18131756286855316
0.19212045805480216
0.1908887609150153
0.19906319524689925
0.21125545560622488
0.19645907529277518
0.19821121733226083
0.19878510523179
0.23406916154289806
0.23210514048762357
0.2322784347947098
0.22839447951328484
0.22893617625729368
0.2301329573063802
0.23154812980536546
0.2331477611972492
0.2299400412027829
0.2270045673178536
0.22370745944905288
0.22029315885025758
0.22603417684529037
0.2249185344531199
0.22360670468532132
0.2223375551259532
0.2309753529630426
0.22972216722797947
0.2285475606617067
0.2273351417628906
0.22980132184308497
0.22716241783800492
0.22427686396199692
0.22203353007653698
0.2569757210201335
0.25658363653179034
0.25551711231247604
0.25424469037875325
0.2432841738488453
0.24008014874194827
0.23747421962779203
0.302389520439945
0.23211045117177875
0.22364120482391445
0.27696916753526524
0.2439530679674166
0.20409021360156973
0.20132517389416948
0.20063205816248833
0.2019275433612053
0.1828969133592077
0.18651327950674484
0.1790159737937568
0.24732668676000452
0.19202680096858457
0.1776064415627035
0.1785344855973313
0.1789716974914097
0.17897603874579376
0.16648198289374852
0.1671268358601375
0.16724066622714256
0.18966107835974372
0.17766520611547412
0.1877080494938829
0.1848012529003332
0.1805643170636923
0.1783439347736531
0.1762133662421671
0.17413342252790961
0.171711702546455
0.172177782885158
0.17147823596758055
0.17106350045774932
0.1724986004288996
0.17243416525905916
0.16312192071292791
0.23193571218657097
0.21007694207609295
0.19113066505045015
0.19039328447646697
0.22692824792411262
0.2165849210041128
0.216927229597421
0.21930795856043803
0.22193399860770394
0.2267080579652787
0.2931486716705808
0.2552608110040295
0.23665227886186355
0.23323146103698145
0.26118267599992767
0.24392641425260136
0.25780442629148037
0.21820086622512339
0.21531188451853453
0.2194796989395579
0.21952176437353907
0.19021634070571522
0.2106769057017667
0.20795059279197775
0.21058038204468021
0.21717479604277237
0.20203844291132625
0.20106517571764476
0.20169463422329442
0.22986540791379295
0.21834423849080367
0.22507320928913666
0.22265388436075187
0.2459224466512159
0.24741061762344832
0.24837309725208526
0.24935591382177635
0.22350411754006957
0.22221869347268655
0.2198549604444882
0.21823864907771595
0.22447440497035145
0.22392829656604182
0.22286775769769776
0.2216456610280656
0.22967157446470687
0.22873012247176439
0.22770072636313538
0.2281502280045471
0.2292396081803103
0.228059695564909
0.2351598473332626
0.26927202627076263
0.3161274350495469
0.3127989269024676
0.27486312241535227
0.2650962377624497
0.2553689187266828
0.25508159558814647
0.2557536652105905
0.2568816476401733
0.22413595771514366
0.23111773265874946
0.2207599244418992
0.22274729894872136
0.2024653837142703
0.20117898918132454
0.20003559696738799
0.1988781299653854
0.18040644787395899
0.1771027372901965
0.17584965888798135
0.17521246987540806
0.15988646471994114
0.17393954463830885
0.17405400780699284
0.1742302977117981
0.1796497540068208
0.16670226583616216
0.16616130384593072
0.1653710907046875
0.18923999605237943
0.17668283824339898
0.18845061582180278
0.18566482129087536
0.18179085356131858
0.18003205893489913
0.17843832737410803
0.17698922388486277
0.17416879624485576
0.1738778680816356
0.17304552887231683
0.1722944285759676
0.1738329108373655
0.1739499756550201
0.17400822930838178
0.17443997357137608
0.18379735740844094
0.18596883640667278
0.18681733079398902
0.18798741887121984
0.1960442909966239
0.19996146978891952
0.20358214722789283
0.20673004510766962
0.2288825000475316
0.23184680901890983
0.2340608343851792
0.2846543830372
0.24052318892343377
0.25657072889774957
0.28956527144829913
0.2483179375802617
0.2435560479778057
0.2930300629501782
0.25157959252896656
0.2504262436875972
0.27820747362437054
0.25034895541043384
0.24843527275396265
0.2933652792118121
0.26356721820227913
0.2530249752738144
0.28640264166946267
0.2560334363230819
0.28468109268624736
0.27705971013963193
0.2833397142696899
0.2811599809536919
0.27636714997881934
0.27458322598533247
0.27302238159009967
0.2719650910648404
0.2764467043464264
0.27821085424584185
0.24949307314264235
0.2504452176722372
0.2577033472329486
0.25716051118652494
0.2542737407670467
0.29527821716550035
0.3153933030244911
0.31029921271899885
0.3112241264853172
0.30931591486054877
0.3139652033810804
0.31136611318063395
0.30877448071913094
0.3049016303673381
0.25045856337110656
0.24622402709371496
0.24257401945651874
0.2390954515640421
0.2699033038250208
0.269615501360657
0.2704852991112927
0.2681597117553779
0.23078433555114813
0.24538594347129566
0.23220835029057965
0.23444493342137046
0.21591191460094322
0.21659358738920295
0.20176191556378884
0.2010667936735027
0.19375200048829552
0.19299631013550314
0.1925923353621421
0.1954788876382654
0.17412308671236823
0.18420609240806918
0.18332565526485053
0.182919273148272
0.19843286368217936
0.18621304649614714
0.187018564737815
0.18707510386938186
0.20816667280655987
0.19699135054429398
0.20610575352460922
0.20191042395346634
0.19826117315075967
0.1969058539624433
0.19654986843921657
0.19534499281751144
0.19231785169743226
0.1910252346523909
0.18969728247723444
0.18832734051555486
0.18937900454803505
0.1895091927585066
0.1891588120944808
0.18914137307888756
0.19888587019439713
0.2005103345149706
0.20200014453848816
0.20345243234173477
0.21005977919462582
0.21319496417658992
0.2148846395037232
0.21648614583039352
0.21881112437226097
0.2190763599076137
0.21969879209058676
0.22056648082086822
0.22162484219935408
0.22337917674392013
0.2255156028003852
0.22807958834417416
0.22730955615338613
0.22873442032241714
0.23029716979998918
0.23345299661494046
0.20904224158841234
0.23609876770339533
0.23994717686285805
0.242756856234459
0.24058346921116794
0.22416951377495067
0.22652702348104545
0.22964271535541225
0.2607452970550261
0.26080300029369247
0.28230524786652667
0.28102309862268227
0.2784574574908512
0.2780032118874135
0.27758285280540596
0.2782708969752966
0.2822319511730992
0.28319780900962577
0.2832412096996004
0.28365945075467935
0.29695575748948555
0.29702562379134206
0.29674011526656646
0.2957536193383928
0.3154229250446449
0.31404709234370654
0.3152018301215761
0.3118105986170383
0.31803427290227504
0.3182409682447159
0.31725025518338457
0.3130404959616861
0.2978512631469203
0.29564530478500173
0.2899363513286968
0.2877516038591593
0.27763859070271135
0.2736862109691905
0.27259664867324274
0.2653534904592468
0.22991454240842576
0.23342352442736294
0.20445761097449666
0.2063479307395235
0.20049155045486206
0.19890546452736765
0.19726529796707654
0.19602701944315648
0.1928255672756907
0.18764190682021845
0.18746127921779163
0.18679180642241164
0.16756994003812475
0.17939888288067396
0.17864080494948514
0.1782441791275807
0.19297139450745937
0.17996385832969164
0.18019460742606855
0.17885275291166097
0.2008230605843928
0.19054414017726357
0.2007297657666907
0.19757077018087255
0.1942937000151067
0.19391307376258546
0.19296499590977403
0.1921610717543649
0.17649682448721882
0.17538258585443992
0.1744133231961633
0.17354206348546944
0.17803526962247013
0.17859147840290823
0.1776543165540276
0.17741362058903037
0.19925106004656243
0.20095917596503954
0.20233979480176165
0.2038555755007444
0.22605316966831748
0.22996297400056206
0.23358975898817996
0.2851164647491381
0.24697492862116335
0.24349525823622026
0.29002362413901106
0.2500427247259596
0.25004854701051726
0.2950286279865888
0.2524438631266337
0.2587685648170516
0.28662420884095235
0.2586764785156383
0.25940166300212536
0.2630992577616655
0.2417002239519316
0.2694998663330841
0.2730824113875893
0.27724013591047675
0.2734607055190597
0.25366164615377657
0.26426356398826684
0.30276577606610156
0.30653210771963313
0.302058287773715
0.2999961589840591
0.29859034355471514
0.2940304075347337
0.2917585302487912
0.2896798361993957
0.28790906166612346
0.2900411192649738
0.2892919039548241
0.28787792635761794
0.2862293186710929
0.29722539094075395
0.29586031132118273
0.29419489199285737
0.2895366035506464
0.3086653712266577
0.3073697345212729
0.30644710074581394
0.3050859733144849
0.3121924159744592
0.3105488253792936
0.25629557031368216
0.25290160579226995
0.2462281395014037
0.24479289002369065
0.23441528064424733
0.22847222947124213
0.22183178873592999
0.2173565898186551
0.21439928222791926
0.21083130618357282
0.190236047084845
0.186908742904372
0.2140850796725836
0.21479441722573586
0.18060152267166782
0.1798162154271506
0.18016291984197272
0.180676457773291
0.17270890274215073
0.17204550552249154
0.17150114199356398
0.17098834403652877
0.16350034988211404
0.17710164946578322
0.1770077779470844
0.1770983660787901
0.19208692648847683
0.17955507066576523
0.17995891925589225
0.17979021579241947
0.2009274579637498
0.19040496897910603
0.20020536780263432
0.1965162621347482
0.192694301985666
0.1910910660721394
0.18966444923655115
0.18884338861450947
0.18596981658548323
0.18475708751527348
0.18361508168185975
0.18253752875692308
0.18382721258384885
0.18365153693454928
0.18341094118698095
0.18435704631444613
0.193654087590597
0.19484786787312391
0.1956579238227216
0.19632199185001079
0.21079077658627723
0.2522986082279157
0.2713088054311809
0.23637472976772755
0.23516288439186733
0.23519306593848763
0.2358659744315618
0.23669871834640419
0.23372937218430362
0.23343641304532312
0.24456447590594974
0.2768635043967843
0.245405765723
0.24399964726354767
0.24528975420838925
0.2475931698529048
0.21600992960306598
0.24091334942425968
0.24389790601471267
0.2517731696728112
0.2576740266332469
0.24180216588743675
0.24290236773235296
0.24446428977826593
0.27653528676722205
0.2771861438414314
0.2763271424040817
0.2750552340093054
0.2751485663953722
0.2747093418774339
0.2761480552337973
0.27938585716371533
0.28339660473655187
0.2846486666303833
0.2862644828320915
0.28540186375597987
0.30101219017003006
0.30430075830241604
0.3062431276960705
0.30873032094708075
0.326686154710307
0.32395719508015697
0.3219485421569513
0.3189893472997011
0.27291885578754455
0.2717570545774881
0.26537368181567983
0.2607782336030425
0.25130609019161443
0.2468749764978663
0.2443881433711558
0.23944630232718345
0.23297101969573972
0.2285759080481755
0.22790364658834175
0.22828135588761464
0.19802998854594445
0.2304597286712186
0.23280791095739073
0.23612686429545424
0.20230625279350534
0.20133929555467706
0.20101700944956138
0.20107129117915276
0.1943900725954504
0.1937217800387408
0.1935696161480587
0.1934429542826151
0.17169523135031797
0.18264837880878226
0.18110062249803188
0.1797785868905629
0.19775909745777137
0.18521380580854926
0.18523859052026104
0.18471362165266028
0.2052284103890759
0.19450194240324867
0.20338270977576486
0.19961285730851117
0.19666139428286208
0.19510894566192127
0.19384992595359582
0.19266552683926472
0.18951963699131194
0.18819047270453124
0.18691746108314092
0.18641016332253568
0.18736367199314738
0.18700040623387787
0.1865871995105821
0.1865697155394885
0.24885403551594984
0.27883570615933884
0.23629147922004212
0.20966035938125976
0.29137165241528273
0.23738571329722657
0.23821106333920142
0.2928063151401299
0.24382986879323884
0.23700455477929294
0.23715624228151078
0.23717889066184442
0.23443793744843572
0.2349840972553798
0.23512922861753932
0.23519418133207434
0.23292810591236435
0.23295828250870848
0.2332414857924851
0.23370625609539353
0.20596381225907903
0.22190579679623007
0.22296869713187017
0.22272854010457832
0.23885007630985752
0.22822416145349037
0.22555047063759998
0.2244367221800791
0.25216040706125475
0.24805841611739599
0.25625458879542723
0.25531423823626365
0.2509029780934139
0.24731393067623797
0.24774844809268756
0.24684834018027182
0.2504803359275658
0.25178451434419336
0.2523709609289372
0.25328327255907707
0.2671817015777772
0.2702458218823937
0.26833219930099406
0.26746486669256775
0.2896493600049007
0.288621746789353
0.2882996659067811
0.28799104437370043
0.29631705776822614
0.2954673688118391
0.29380625539308064
0.29489607419360264
0.28358201069510974
0.2782899462450639
0.27689500298184194
0.2746967062698036
0.2679330047239829
0.264928735685087
0.2757232272690784
0.30236936529665
0.23727563463608445
0.2408814338243677
0.23610600017022054
0.20286635842536083
0.19652468143735424
0.19553202208658266
0.19487384090761428
0.19590587000437937
0.19184783724079776
0.19573437511931344
0.19596867418061636
0.19051323541824952
0.16752353672569656
0.17859272934781328
0.17762145736979043
0.17725410336283617
0.19360758509750672
0.18190109874775448
0.18250358560298685
0.18300129854911032
0.2017380052900937
0.19144868945793408
0.2003706045951827
0.1960328529665049
0.19211678249523748
0.190496771598348
0.18908831187752992
0.18858228673148802
0.18570694129443358
0.18481501467199393
0.18400490124353658
0.1832663423498437
0.18482746782943504
0.1848651829055472
0.18521280307687707
0.18552704690807056
0.1946205941487367
0.19551163761295107
0.19630732746769464
0.1971748243903344
0.20304046135516887
0.2048433983535568
0.20731235157486452
0.20884465952490708
0.22978156088445406
0.2614118749621066
0.23786627377679806
0.23704545299576515
0.26495557013737253
0.24048859366703632
0.24096309336670235
0.24282556285030565
0.2416678955509472
0.2424549287912342
0.24382547748291897
0.2462782665116802
0.2371977552309006
0.24025347736765906
0.28319188316904353
0.2932343106536119
0.23733585435384477
0.21382281259050936
0.21407184302819798
0.2188408129413452
0.25172364253036095
0.24605263838153366
0.2459511593002469
0.24473593437194316
0.24756347596242517
0.2537808642738549
0.2504115685633712
0.24583176601521353
0.2461755358053741
0.2444378201320488
0.2428971605842387
0.24240883271806943
0.2481459122776202
0.24647833595946173
0.24385497053536506
0.24065175488257823
0.24843172759458762
0.24715522738885012
0.29394199746154265
0.29493332981877723
0.3023879578019549
0.30060052404635323
0.29795244960031275
0.29505075263015434
0.28306244678443226
0.28019217210733277
0.27739952396530937
0.2744593844853582
0.2645482423588522
0.2628094081804179
0.2619670079476914
0.2613072589833929
0.22690553802601846
0.2276779351068867
0.2288732586055977
0.2318264663526879
0.21040721342205393
0.21582665491034658
0.22086985570904336
0.2173091064324335
0.19690860697383528
0.19787410454017446
0.1958093385887275
0.1918373654299048
0.16786365739522208
0.18075358004079697
0.1789895097941265
0.17832174706315826
0.1942827576343664
0.1821911859778309
0.18270410159158074
0.18280462689451674
0.20412722773144423
0.1938772425356499
0.20360437993271124
0.20026921790645574
0.1963454288082547
0.1945902684045647
0.19298098305261976
0.1914634834238139
0.18953834375976011
0.18865477835370564
0.1879635120929572
0.1873369665419097
0.18834760828628402
0.1878755977360453
0.17816483271534425
0.18242667229504023
0.19050717884117416
0.1906605429085604
0.19096373796926958
0.19135749963124865
0.19556702129685466
0.19543338831421558
0.19514969698620374
0.1956818200814683
0.1992266220051534
0.2011792163853022
0.20286374452794717
0.20435540037690184
0.20410389815572755
0.20608331281559011
0.2058675587964967
0.20603523483566258
0.20373978059872583
0.20387283249445348
0.20444228492124752
0.20547463488288906
0.18136892643949395
0.19614134937460634
0.19567136129663265
0.19992574772684404
0.21460904079752074
0.1991375184112575
0.21069983245014806
0.25253045768259835
0.3002978530826737
0.27538837449425546
0.27053679516242
0.2677149713489723
0.26560810714321065
0.26630097336445574
0.26756710216740337
0.27059692584080114
0.27460079217223465
0.27554871999181196
0.2755646564834227
0.276191912667883
0.28988692399938604
0.2903787705197529
0.28998036192228666
0.3008955853182536
0.33646409942733396
0.33654257816017746
0.3366264451283046
0.3367829951785075
0.3441459362296387
0.3440941699514474
0.34404437534027577
0.3438220094837382
0.3333729428084075
0.332093289552923
0.33245505216580074
0.3283791379670028
0.3175244916646548
0.2936268776887127
0.27875455119956194
0.287765511402797
0.2506043916839989
0.23444839795576777
0.22885536457090278
0.22752347368829956
0.22145842803923116
0.21998881571174034
0.21932541333073213
0.21805182516948474
0.2095862914091129
0.21019168498299598
0.20784228528632606
0.206953293825202
0.18839618561738106
0.19984733135999413
0.19881761189410374
0.198100523805831
0.21077630469650233
0.19767513952997778
0.19717410737869537
0.19636900318704606
0.22150411951807777
0.2098305592001264
0.21877160162373524
0.21464838325406987
0.21012912517052204
0.20789144778790383
0.20585005882028248
0.20454483760886677
0.20153119948397125
0.20043022684179518
0.19944163312979904
0.19855042982056023
0.19929442599380676
0.1985350163601958
0.1977203071687261
0.197894204182152
0.20562717666302172
0.20528904111876378
0.2046487291325059
0.2039527034859525
0.20867345745617655
0.20917179669624117
0.21052850800874295
0.21133641828070365
0.21369364658063436
0.21435260532627
0.21517691306342074
0.21615682168943826
0.23200253522766082
0.23410395092111322
0.2370691280552011
0.23887414030911508
0.23802904298217997
0.23952098666241775
0.24107322297440745
0.2428858667091865
0.1941664037458726
0.2148084611212142
0.21614385859978255
0.2198606106579821
0.2266700866660281
0.2105028584001
0.2380167329102421
0.24181916330474687
0.27837137186613525
0.2753331257988456
0.274731386033051
0.27686861997020995
0.27171449694084077
0.27063809226722124
0.2711082127783837
0.26799776619379584
0.2716832981976503
0.2720694058436475
0.2718849759518961
0.27212230937465537
0.28449976554546014
0.283534398659557
0.28467270999208283
0.28641677830719364
0.2568411632954743
0.25318513160244244
0.25231579427029743
0.2508493293864036
0.2512220806780029
0.2495938281500815
0.24604956271460754
0.24136116737758342
0.23508672528799213
0.23346815133146215
0.2325021511770306
0.22452592087457385
0.22462341826283005
0.2202886686620607
0.21962042529802386
0.21951013853281473
0.19623823190757553
0.20174558761206987
0.1904755405645731
0.19069066817764632
0.18684749172330326
0.18758951392413417
0.1883671435763386
0.18965978134210537
0.18212321419969946
0.18183027617499237
0.1816363475097857
0.18146564884690627
0.16367514454832946
0.1778953266132207
0.17829939530502859
0.17851771414647877
0.18297816732764993
0.17365125064673112
0.1763344929990957
0.17823298850418925
0.1961312912415486
0.1865099722660785
0.19695078487467818
0.19452675822094972
0.1905564941390888
0.18909545943581357
0.18780475999358967
0.1866380024340858
0.1840769543725804
0.18333243403352875
0.17809168195648403
0.17662607249903214
0.17765337129512018
0.17727013595807056
0.17686864174419187
0.17650641596342237
0.18479307547895285
0.1847234806247412
0.18519074096993507
0.19295069566921466
0.21230399087250165
0.21325439426060064
0.2138882328830316
0.2144369110138255
0.21692280171757647
0.21810759364279333
0.21849954033351238
0.21900761326816162
0.21684472839043506
0.21731867633416438
0.2178224496446069
0.218335590321328
0.21732128477975682
0.21888279615370765
0.22009279639780796
0.2231743102138073
0.19817711058673376
0.21225069083762776
0.206887362988047
0.21298788331730711
0.2358887692613932
0.19083873027931744
0.1901945550127319
0.19087815456940094
0.217103326999255
0.21069988471816167
0.2207633113818295
0.21486136431641628
0.2140699086772082
0.21782828836741705
0.21511620122089622
0.21888305946423572
0.21389625121718314
0.2160972173489685
0.2131130676608839
0.21096569220214406
0.21850776333961106
0.2554881588450082
0.25779825651234434
0.2588895398787514
0.2802806172762461
0.28147481482806797
0.2914467844758826
0.32880896837794543
0.3399843708520471
0.3370780866401455
0.3081709100297295
0.2959528001409406
0.28502608015112246
0.2826328980394877
0.28055051460750813
0.2789210126593476
0.2694352938901675
0.26976466131470656
0.2714102147205114
0.2730445923254014
0.20224619773598135
0.20900521176714157
0.19521891657292276
0.1960066979693526
0.1938940645069698
0.1972813266487827
0.19026186588996444
0.18856714875406855
0.18067607739021582
0.18040089935745984
0.1803193847607986
0.18069349044710692
0.16402002912476862
0.17755204832617405
0.17828857311800997
0.1784956601468917
0.18292851646785355
0.17107871792240859
0.17167787752927874
0.17185215588877834
0.1921087679651264
0.1785300218583579
0.18888840706561097
0.185505777431342
0.18229162028538295
0.18127580720598319
0.18043281009843848
0.17970643839183087
0.17705241036423083
0.17623739906344774
0.17549347917263247
0.17573205452458265
0.17712175837489483
0.17716894685157003
0.17711091080449468
0.1770275772945958
0.1860728187331239
0.18665017475927057
0.1875599363190333
0.18787699684016543
0.20928446582627777
0.20998716883103682
0.21021444165898104
0.18765684981304112
0.1882473667978123
0.18789449597690588
0.18880839603406185
0.18868000713905925
0.18698288724223924
0.1859763128810338
0.1851199106128392
0.18433676839653296
0.20551009901778886
0.21070154299453708
0.21447698670488977
0.21788494549966667
0.19560082591775202
0.21674144647804192
0.20483818429178013
0.2082928083269397
0.22884015008080005
0.18694431982867968
0.1860951738516954
0.18556902297958133
0.20952296662242748
0.20175732360269674
0.21318439201669648
0.21509161158143475
0.21663718881494412
0.21251201099139236
0.21189482262901657
0.2156054636647812
0.24473942841065321
0.2571017786200059
0.2873241478376647
0.2576344716406576
0.2656880898884781
0.2632720780549204
0.2608792598896761
0.25831661042294035
0.279050413610898
0.2792211287761096
0.2794568749909725
0.2797639011169494
0.2889047720541858
0.2877770360864166
0.286009964457759
0.2855086662616785
0.2722062571756861
0.2707969539999631
0.2718028347130714
0.26849901538929166
0.2600861161139261
0.25801808989073327
0.25574147864162355
0.2540375169652919
0.22424664151371163
0.233938737426205
0.22766708717138093
0.22993157447235432
0.21197287851854657
0.21037466094843899
0.2102447970608611
0.2110019887128954
0.18932777605608897
0.25463758702880607
0.2067797766413497
0.19208960911528708
0.16392231680960825
0.1773882505550503
0.17781923046547263
0.17825552611649043
0.1832852319408294
0.1722854628026987
0.1735357805098038
0.17432494580251792
0.19346960287888587
0.18163138299863313
0.19147678528392253
0.18711491334416103
0.18367692686777362
0.18252922187548762
0.18158576897578743
0.18078573058093192
0.17831237149841164
0.17698621070502782
0.17569765249483274
0.17444319412505113
0.17503400032396385
0.17410718708461903
0.17309679556988466
0.172104549503312
0.1807351251535666
0.1797065349778738
0.17861707436033902
0.1774550848604813
0.18321035561899948
0.18478777202570515
0.18630253239658348
0.18849075990676611
0.19233964182267524
0.19450793694373164
0.19663662768207904
0.19866366772783461
0.21367049489804898
0.21464624925944142
0.21533376458148212
0.21692915413266695
0.24464120334347583
0.21904517142075766
0.1977265871874915
0.1973667226532734
0.1770670757767666
0.18576165778292492
0.1834414878451308
0.18669132201704153
0.20496467336086732
0.19015270684686195
0.19247622772300232
0.1946902557710576
0.22100979355811035
0.22069438896327184
0.22331613014575347
0.22321958295168953
0.24709216075354007
0.24820872914684033
0.24845504419106218
0.24847274396432445
0.2535592508995816
0.2554055047059451
0.2568384429848028
0.2585652134306791
0.2719620636565341
0.27199513041217943
0.2711275949052017
0.26983241412891495
0.29039225110153893
0.2902197823670267
0.2906596045499757
0.29020650244981167
0.29782413072787556
0.29653229224398947
0.29757506192475397
0.29302007687802545
0.2809487442744909
0.28287895107616895
0.27869992123566467
0.27803671052352413
0.26743633343214834
0.2649639180486211
0.26459249790753353
0.26301344376006863
0.2273947043062415
0.23959678828768746
0.2297396349927321
0.2279469103694281
0.20820687412103617
0.20838292614382245
0.21108748365065905
0.21157793685634904
0.1885666323983633
0.1873507636838355
0.19043388196906938
0.19021373728069968
0.16263269888686452
0.17320511530854085
0.17351018084202507
0.17297312035558526
0.17886715764348096
0.1674744856373826
0.16764209102607913
0.1769714098599322
0.1970517060655475
0.1864456667052457
0.1980995282737237
0.19329749731166815
0.19045389063064516
0.18961408036405036
0.18906549362814132
0.18865313955223564
0.18565994685761306
0.18443101025975991
0.1832394730056734
0.1828824388737047
0.18355495515423934
0.1828443484355414
0.18204979674194238
0.18157423779430107
0.19098752788872336
0.19220576599847536
0.1972961531888952
0.19930960914307383
0.21993599033060265
0.222814108644699
0.22555873476269864
0.22815597498360346
0.2319416152822981
0.23343032598413618
0.23574888783450218
0.23708796083116743
0.23652062124848372
0.23926355414965247
0.24231165267447288
0.24528212129467744
0.2445972728884033
0.24590751578637762
0.24724917745116576
0.24939369735576078
0.22167719101718455
0.24693793794757227
0.25020109861801293
0.25239528465154476
0.26158565779824716
0.24866359353885784
0.25539874121891837
0.26713073402227916
0.2990787460253636
0.30007540030774355
0.3006001336882665
0.3011729512034399
0.2984178062383765
0.2994241266803095
0.3010187349988311
0.30082205959140634
0.302663130601808
0.30159675999386437
0.30153173549091467
0.29954601863933916
0.31198185757358216
0.3113294298698605
0.30947604723819383
0.3069895490529057
0.3248376924473284
0.3229431643768746
0.3287814428910314
0.3364302648141192
0.34324238840849164
0.335344911127921
0.32852557874152183
0.3265319165027192
0.3123875977363465
0.3113782992662363
0.3152580467152101
0.3112309194716998
0.294236737874649
0.29015462104312
0.2857248835339341
0.28341227531515145
0.2121334299146925
0.2142377507174654
0.21358555067384027
0.21436675517843323
0.20978771559102824
0.2095733509227187
0.209386871110572
0.20917583443470839
0.2029431635669276
0.20148168762841476
0.20258308057981858
0.20075800906948732
0.18423671607123146
0.19545144881435245
0.19386283290396975
0.19315226985031908
0.2037771199107114
0.1908295860456534
0.19068175939752774
0.19028664292605954
0.2128563853989253
0.20206791547428787
0.21113232186609326
0.20846531256905143
0.2047260970326478
0.20337673049376342
0.20211331555528653
0.20091400230010867
0.19801654869275784
0.19687319321915608
0.19627623550518958
0.19492734290013267
0.19581283272608957
0.1952857374841211
0.19470689572170563
0.19453014868242866
0.20378204165896688
0.20506545685014094
0.20724173738957216
0.20840751858045695
0.2150459328538528
0.2177646200920322
0.2203771602177874
0.22316962384384645
0.22630387143869238
0.22801084003963945
0.22909726342104708
0.23004281443166988
0.23049296628936863
0.23234133824618464
0.23441045045245792
0.23666733466730072
0.23188933246475352
0.2321060511255302
0.23356899348058305
0.23604683020626915
0.22255509937430962
0.25588372936896214
0.2664389450180333
0.27632824188492794
0.2612128959420225
0.2505960131211577
0.2609517714997512
0.2731140211034284
0.29739297502215106
0.2950557147816284
0.28978357859752063
0.28502075523806975
0.28431019331859053
0.28436827041574125
0.284546508195288
0.2849711914083823
0.28683832292067835
0.2913502080327838
0.2946314066533299
0.29692702654649744
0.30154000806718284
0.3006234802147795
0.29967564735225816
0.2986976322928584
0.30476803549265025
0.30291071173768463
0.3013078563945212
0.2999843126617901
0.3452320031966334
0.3413806241716764
0.3370173670723769
0.33302198594534776
0.3199897665727785
0.31731112454430327
0.31465943565299803
0.3114504164024284
0.3008314967985383
0.2976351745626963
0.2944861862154987
0.29178433008316884
0.2513355752839786
0.2589790942349479
0.2603857865087329
0.2663792088057892
0.24717262535853082
0.2458976209229383
0.24667507540838665
0.24984495902786238
0.22883818738971892
0.22322515173120197
0.21873856818291712
0.2172878506790807
0.20814142680565986
0.2190759351579131
0.21679567061953767
0.2185444061652696
0.2190760437969587
0.20428122120833656
0.2027860580179932
0.20166459724420577
0.22670014520867013
0.2240615573501232
0.22349103103127865
0.21930462712642054
0.2153210138554722
0.21357781582557978
0.21216827375284847
0.21128467050574654
0.20845449011298173
0.2075569268155033
0.2067005126516913
0.20588325362397086
0.20661182804203523
0.20588440368753103
0.20565760814290363
0.2053316752450245
0.21377403127177477
0.21419112619912423
0.21455520467353406
0.21513690761223017
0.22076551283890858
0.22268591745999788
0.23485419932964152
0.2751462370038437
0.2918499449449021
0.2657725419391551
0.26215209235663156
0.2922629576286277
0.2629184728133239
0.260399041733623
0.28393835649180915
0.2678610642628584
0.26502659025409225
0.2911805849789844
0.24887070644491358
0.24679207876879183
0.21820235166309815
0.2436984986474207
0.24527422277175934
0.24829278498932056
0.24665400690545503
0.22797932253358424
0.22965005223202314
0.2359597699399599
0.2707820286614272
0.26890946815714706
0.26733130518927006
0.2631101175032449
0.2669875155723805
0.26899028333661296
0.27357658985119565
0.27864644483801987
0.27629114869598437
0.2763087760049984
0.27570475726498184
0.2847164125244904
0.29556200283179146
0.3203821319938593
0.31904964755199305
0.3184992329367455
0.3367101753497385
0.33550526542793524
0.33441338605859605
0.3333831543283484
0.3399587965546857
0.33836729056898013
0.33680595813702247
0.33512677823586245
0.32205957439215727
0.31955163045517787
0.3170895927394001
0.3147543307480322
0.30453756046180047
0.3024602578771471
0.3017352500992858
0.3233079070385045
0.31652103683234556
0.2850249359146837
0.2740762010903515
0.27358431548089174
0.2487262460519962
0.2901477231031913
0.34251151945867847
0.8678971789727085
0.2738414000554751
0.22978060312665596
0.2266349139712038
0.22295551667514762
0.2032650211778741
0.21487885934849965
0.21475485844261885
0.2151608924655331
0.2121590575950085
0.19843149307867008
0.19969742738168364
0.19770089941412336
0.2206725000196875
0.2174367283969886
0.21655559052525067
0.21272387879415416
0.2049854217688475
0.20213235874593785
0.19948942140157533
0.20027305373452584
0.1966667628119173
0.1952775846629964
0.1942573081631513
0.19337666465792622
0.20641141271290572
0.20511066511405532
0.20357869963642672
0.20441469469538023
0.21197815228446618
0.22150178815679283
0.2650337572764462
0.2639871650726505
0.24744236637231842
0.24365894471662913
0.24042955855962175
0.23941311287044462
0.24322480801790974
0.24551211635056897
0.2223672400185709
0.22183053112700962
0.22165606599902263
0.22330589212269944
0.2250565094008616
0.22737299596148106
0.24738186629204093
0.2542245710563374
0.25406310373643926
0.2569339509363
0.23119600856673592
0.2573594510823133
0.2601522510644148
0.2633818404923953
0.24492953993755961
0.22701356059309696
0.2282031959374189
0.22970919905084075
0.2818320511813356
0.2842759708834436
0.2856711283477423
0.2853542591541402
0.285625236077982
0.2901045125907991
0.29221079596395944
0.29616985323029893
0.2969448530206015
0.2950207597810295
0.29216522182005533
0.28855054213122616
0.31109413703211375
0.31731281402852385
0.3175869723701809
0.31774145906908513
0.33565636330329157
0.3351571286499144
0.33471123348431353
0.3325285450199355
0.3381177100997331
0.3353432794245574
0.3325868706677524
0.33152795184406364
0.3176243631501525
0.31500759143075424
0.3125088953269601
0.3100176091420048
0.3021882390591634
0.2984186464806028
0.2936991392382854
0.2912018972021579
0.24874385211304112
0.25356946573852285
0.25355965960851123
0.2553215336203052
0.23547669336453247
0.23467816830513394
0.23402830213540507
0.2339441342778805
0.2135571391203149
0.21504818946487148
0.2100165648939639
0.20854102045077422
0.18552005090126644
0.19681366612204276
0.19567918756838137
0.19490691842908936
0.20064743583419467
0.18739746967064771
0.1868446236904953
0.18611317311138093
0.20769991634746393
0.1961411861171749
0.20476917851541593
0.23919571881620985
0.19792443782035155
0.19290737513006567
0.23112523523946257
0.19289299890357645
0.20039396423307368
0.19784077912381764
0.2061644543489547
0.2470097502172494
0.24880370519843698
0.25211735099647303
0.2481520805817477
0.21049679886341335
0.2252716824185715
0.22377674282249868
0.22247284941768566
0.2220268734879024
0.23986036962731394
0.24196172524445103
0.24073225304567145
0.24146771418191157
0.33511285211689157
0.8434147223033499
0.24750006990890472
0.24574457894887478
0.24711049028895304
0.24943160073653112
0.2500609223554917
0.2500476293137499
0.248649314068477
0.2488010538138392
0.24927442244514053
0.2517427251643291
0.2274756409847246
0.2952576293988782
0.3045718984539944
0.31226856575018974
0.3180589795576271
0.27066560572256243
0.2674929245559926
0.2675257038604557
0.2953795777018548
0.28908272417113495
0.29145898303136847
0.2886948385740946
0.28515258298143253
0.28680632146711305
0.2878050301339246
0.2851270937736505
0.2876302909847716
0.2881387278243013
0.28858952100108604
0.29053920491104246
0.3032808221110086
0.3015423189623384
0.30269455621686314
0.2978410066764484
0.3175044631524857
0.31576908658904546
0.31926192057742303
0.3198930647422076
0.3205569209650651
0.3175688084591669
0.31889517146926777
0.31612080588004227
0.29995157085567364
0.2970211828028496
0.2942440502223914
0.29160821131729636
0.2808030996292675
0.28111537463940806
0.27654699510431785
0.2740981788327406
0.23537093568677414
0.2400813200437184
0.2397119976152897
0.24372723284299405
0.22517859959563588
0.2259429678386987
0.2260443023866273
0.22626784606576256
0.2049967584404704
0.20397364730664364
0.20343383294273681
0.20308454020879999
0.18047426894334942
0.19131803232900713
0.18963707691188286
0.188261489045679
0.19537768174013817
0.1828165720876328
0.18295989361895312
0.18289578896435799
0.2030880857458394
0.19120245073793427
0.1992544232426447
0.19452376176984784
0.18771298407620637
0.18594335850974741
0.1844656130455695
0.18374948181642278
0.19585213689442554
0.19508275052948776
0.19431046717020553
0.19520668413497647
0.1945732702121458
0.19448405444859032
0.19702395078513307
0.1936912415991426
0.2037919858347622
0.2037725214843881
0.20379550189824044
0.20412156891324776
0.2091743476976965
0.21158254753107814
0.21119184016724668
0.2112847898866409
0.21359779028946219
0.2141418333065015
0.2149565057070998
0.21621660903075793
0.21622371739069998
0.21765356279685089
0.23409856629026107
0.23601898219532036
0.23517590470964325
0.23666975305113871
0.2816085969750064
0.2853233500637914
0.22193078802991062
0.24226397906769115
0.30814882562880413
0.2898126041778554
0.2553604210640808
0.2733525686564659
0.23898026755051405
0.23704403259879153
0.2667037917530145
0.2621075070949995
0.2742422865326235
0.26848919771803575
0.2645224537485557
0.26321114401161105
0.2635390101061055
0.2612607507138325
0.26505301609084164
0.26632849691787763
0.2690334862866984
0.26882322675441267
0.27969246388426927
0.2779954847128434
0.27523104775228935
0.2724085140434294
0.2927977795477257
0.29254923464467025
0.2919868412756437
0.2913380739273846
0.29997185111395847
0.29929557608462576
0.297751774412222
0.29607450601955243
0.28645400333859755
0.2843390801057704
0.28687112024474587
0.28289730349635694
0.2733475594766288
0.2717803744071458
0.27129210458027003
0.27238003821779216
0.23458701144838556
0.24834114266904497
0.23865468660016864
0.2422365673258558
0.2237469700305034
0.22683441623994102
0.22553499343665173
0.22432441896573158
0.2033502983157544
0.20268376987180184
0.20248150289267158
0.20238166087332016
0.18109288297243625
0.19295937647974584
0.1970513359265317
0.19285438451868356
0.19626414001107176
0.18250675403749944
0.18181313294371304
0.17982916719407133
0.1990333884675056
0.1882017917617058
0.19748800714234147
0.1940503990452753
0.18736612479214212
0.1857429489494339
0.18422333957873335
0.18261856936343776
0.19462069631188691
0.19385630508277474
0.19312384003475735
0.1924516490372302
0.19358316047441074
0.19369888528886983
0.1930433379300744
0.19281605569670784
0.20069322108265392
0.20184743644896486
0.1997636632392745
0.19963988970024485
0.1997793354653766
0.20057087659543613
0.20336808368952156
0.20310754345104884
0.21156232831627972
0.21396370177879487
0.22536268353593183
0.2575758222399362
0.2430669766959203
0.24212647058262557
0.24358759972118627
0.24629534109382806
0.2449145321128889
0.24557903785158383
0.24662072830311663
0.24841144513171295
0.2175610842088669
0.24091292028405203
0.24207618603661604
0.2452877497828335
0.2546772904058331
0.23834024645107782
0.240272701168751
0.245424528552119
0.27546572244394024
0.2651948579057867
0.2729912152890935
0.27048811820671426
0.26840596780849807
0.26921428895314164
0.2754838567110579
0.2771376362968853
0.2773938100570983
0.28702193747123106
0.3061136272426893
0.30611857465675807
0.3088686541755764
0.3058958579085772
0.303600342255979
0.2990204080944024
0.3185698675006261
0.31535357284465987
0.31410535853329885
0.3133623524941186
0.2720016063947407
0.2688806819859682
0.26206487888982627
0.2572355588143508
0.2511477100564047
0.24647733223314738
0.24476574003558232
0.24076685282911786
0.23950551360050215
0.23484411405771943
0.27226052517590466
0.32233211645543824
0.3051183945399573
0.246478083357584
0.2441510386109468
0.26982016481978954
0.22640856175955293
0.22403013796262428
0.25037414536832575
0.22718113434612813
0.2294836448949279
0.20390206645732778
0.20108652568959598
0.2387724285252212
0.17928411394865085
0.21715411633547987
0.21820654850400437
0.1873864082085282
0.1940911726295999
0.2196978206182131
0.1929792854463028
0.19021044534268847
0.2119231861545865
0.19977413752195192
0.2080626109034793
0.20667106536334026
0.20044850455280788
0.19863350198829344
0.19736810705286925
0.19629627749100895
0.19317643462452977
0.19188311579225162
0.1910170071335042
0.19020793030275138
0.19135963082859633
0.1911408996538635
0.19085453609230693
0.19097315375167237
0.20004312133196797
0.20101168513318915
0.20268296085165857
0.2036810961070672
0.21059106428382807
0.21344946133235493
0.2161157131115282
0.21836634191915338
0.22158403020389017
0.2232682685662742
0.22430037547925002
0.2251240364879267
0.22558630648812944
0.22746726857084076
0.22962242621716164
0.23198724005702845
0.2321212054888455
0.23333644584567595
0.23536160956847524
0.23832111689961558
0.2193635102498481
0.2494868909391448
0.2736552729020254
0.3206949920516829
0.3271374803588172
0.27544795170294756
0.2768746417569354
0.3087452565883456
0.30683178680851886
0.3106840657176601
0.3052886516771769
0.30350223610484767
0.29986974151136275
0.2982661359382286
0.29672227932765805
0.29546293077922114
0.2997528484335306
0.30406145261001455
0.3033762858655197
0.30637765124810484
0.31728513767017247
0.3149513125255962
0.2813369783123874
0.27595447375008014
0.2827964050510994
0.2785584515342363
0.27695865398012737
0.2763256906790307
0.2813711480632422
0.2725812115973146
0.2737131672405577
0.2706539094155084
0.2608867420356671
0.25819380436331746
0.2598290376494478
0.2496867534319721
0.24246075300559536
0.23786896197755644
0.23272921271972197
0.23053016071952945
0.2023004840574793
0.20314943956653778
0.20314058342160787
0.20506149371020593
0.22087894263961294
0.22320561634101266
0.22465079102729713
0.22577398020211692
0.20606117116241696
0.2473138585136788
0.20723440531644574
0.20394989686676027
0.19048047592998146
0.20241712879894963
0.20132016089371635
0.20018459645913292
0.2082914026458854
0.1954207252647969
0.19551677823776145
0.19541744212695505
0.218584821106248
0.21665225700652047
0.21662134978908287
0.2127463484188068
0.208781240914295
0.20699832236982896
0.20532964840551382
0.20369236079268785
0.20140465969447918
0.20115325707333892
0.20030302171267794
0.19951649783044825
0.20038011456553878
0.19981360044101906
0.1991728124454567
0.19858113878876107
0.20807923149524662
0.20871717823831956
0.21280136349175746
0.21438944884309022
0.21794965893004511
0.22020001082998392
0.24012861072357283
0.28186128811332095
0.25320886227637357
0.2529645839559893
0.28314346933939916
0.25958263068448945
0.25670632857072445
0.2843435953773455
0.2649468441751959
0.26585882120699916
0.2991150015556962
0.2908804075553523
0.2779747539652248
0.2560707755502449
0.2402321547155222
0.26784876450853257
0.27669793428656103
0.2862162548236513
0.2656773615944102
0.2504910897795053
0.2596714892750993
0.26685990887754824
0.3001182634235977
0.3032323125566748
0.3045048799672873
0.3062591613900251
0.3052342255008096
0.30422908233767026
0.3032431075511742
0.30227340969530414
0.2998445273321794
0.2991776877634588
0.29852023445994036
0.29778883756816904
0.3005994863389975
0.2977727352918461
0.29486003328784055
0.29175578083603937
0.29738149554193527
0.29627409991507425
0.29488124757101714
0.2934554278406566
0.29556993912973945
0.2936148887206451
0.2913495804606701
0.3377841833988726
0.32651504008962445
0.32579955552775974
0.32424933731922906
0.3225805248782997
0.31164447734527045
0.27329561422414916
0.26684432720868423
0.262217223537956
0.22402158443815082
0.22765893328199735
0.22645307017092256
0.22697700804527474
0.22209034841484407
0.2215360594591704
0.2228095614368057
0.22089326164487788
0.21294479272270475
0.21529241433716761
0.21502524847382307
0.21225040303959625
0.19964941262264116
0.21168476244024972
0.21082875010436009
0.21050160118526098
0.21734386806833503
0.20417643276907002
0.2040866934894861
0.2038061436194405
0.22897853306720625
0.22644303348543027
0.22598906238090447
0.22259473630733806
0.2180230130578408
0.21582980171587077
0.2138872574267867
0.21213294112758688
0.20913437368230892
0.20805735130179334
0.20737770887497534
0.20696002874041144
0.20797568698080948
0.20762716535489234
0.20722732526598692
0.20692706040288514
0.21567836248658262
0.21632874125930338
0.21746338541261115
0.21783624248875788
0.22286009494130532
0.22378124102998284
0.24139353449632864
0.24373940874517439
0.2473149846635969
0.2890471871252147
0.23212841703757173
0.22874728855239324
0.22730636261590828
0.22789475290384384
0.2285795179341824
0.22978472508209524
0.22798113926969923
0.22864916057852697
0.22981588622298213
0.23116466800184912
0.203481172585322
0.2306290985034857
0.2331517250031228
0.23724757690359075
0.2390959005801788
0.22186866196878202
0.22435458721517107
0.22761373406578495
0.2593206727227404
0.25955114689150793
0.26039276057309235
0.25844119136962385
0.25904102969407633
0.26033835371923586
0.2621571114849289
0.2645446661416246
0.2638691117407993
0.26508182664517976
0.2652110264855034
0.26635249578099585
0.27373448351181745
0.27482916433839366
0.27412786466735317
0.27304887500930763
0.27961610688576066
0.32405049156032034
0.32454868850990953
0.27864158694846397
0.27942395694161315
0.27682340133874933
0.27425801588960413
0.2718832166702823
0.26593888576939634
0.30779839445700635
0.3081442912153285
0.3276290168211871
0.2991655897079545
0.2950000637389066
0.3227887639850603
0.31397004416426777
0.25873399022760957
0.23137794036266343
0.22388423707970728
0.22365062993198973
0.21894720434329987
0.2187065223632287
0.21849230264643088
0.21864862528287543
0.21227231737015095
0.21342784327365538
0.21046640024106777
0.21315421623968037
0.19998361718941676
0.2106369515054801
0.20966138724155375
0.20900494277712625
0.2158243410606583
0.20279325104404702
0.2031856718959029
0.20282385591925553
0.22737659797010693
0.22441417510810055
0.22358437266065478
0.2190047521786857
0.21443438493794886
0.2124988965316053
0.21055091521632563
0.20876039843663485
0.20639128751013272
0.20572115019549098
0.20483492589561367
0.20393928252813726
0.20483045580814244
0.2046987945843723
0.20390834971021476
0.20320096512271765
0.21213565892434438
0.2123861663585261
0.2126967035765869
0.21318343245858623
0.21850776870153332
0.21947081351319292
0.22043979135023614
0.22177111955286347
0.22458058809823217
0.22553810069302216
0.22614265131676417
0.22647359545445664
0.24174911482198438
0.24355778941876924
0.2455643420617085
0.2482161304846299
0.2472470972906718
0.24858557989170182
0.25035119341274326
0.25283434837784385
0.22825344319531538
0.2562272654234564
0.25958752344198044
0.26451120095302877
0.26662399697552835
0.25067760974629283
0.2639156402015068
0.3044116789103649
0.3069570627704208
0.30761689358120164
0.3080793796666951
0.30849744831927556
0.3063516143423578
0.30492791707971406
0.3040924495945172
0.3031045184803314
0.3048747485832223
0.3050654907997305
0.3031783548547108
0.30235857928589766
0.3159384099391458
0.3153497131800495
0.3160805233122275
0.3125480797253282
0.330456850465921
0.32787370032163055
0.3277069189573216
0.3280134977433245
0.33179346486264216
0.33039302944717663
0.32896810146989597
0.32941686183147667
0.317261377825242
0.3138459244365924
0.31186810442282
0.3076511451322111
0.29700022907386814
0.2973397152958272
0.2924553028865494
0.29036895667303286
0.248724048438497
0.25379838220943224
0.25520777768646874
0.2556084321161221
0.23635598917441986
0.23616425646800565
0.23956073959266785
0.2411094922800897
0.2179758676349368
0.21745965152467184
0.21210130116415998
0.21078741477105795
0.19505861453400886
0.2071892441279507
0.20625330576479423
0.20566095702956602
0.21477576787386388
0.20199268438834977
0.20234347459922525
0.20218299599314352
0.22664252753992414
0.22361577050316545
0.22270637994306808
0.21795033370247652
0.21376658948510582
0.21199158441288152
0.21096622030908868
0.20963094969999085
0.20686615910366657
0.20566174843082047
0.20456623839473345
0.20356419485508823
0.2042136115113079
0.20370369646148284
0.20284948312424464
0.20204799869682452
0.21082997177882817
0.21078541163601294
0.210827426941514
0.21100397432287632
0.21626181089547172
0.21810001289394584
0.235944178234171
0.25215966871086953
0.24544154523060138
0.2456494463382065
0.24710942713016054
0.24875821029129813
0.24794722548341316
0.34303689314775204
0.8538942596924439
0.26170405317190587
0.25924021099777944
0.2593567671728161
0.2597468339829723
0.26168292701984586
0.23972289978687075
0.2700664152929077
0.27137055393340576
0.2808489377763753
0.2773823568938474
0.2560929033396253
0.25841440878046074
0.26209927490997376
0.29344769550405975
0.2884523299507408
0.29308376673721237
0.2916045006277132
0.28962419895160874
0.2902643067211518
0.29335940778578073
0.2920855568337781
0.2952996437286258
0.2956058796640635
0.29601181016448347
0.2961044451689225
0.3120147250726568
0.3100033484477993
0.31152193446185983
0.3068761527144694
0.3276199569819851
0.32552096800566666
0.3256736875146508
0.3218035924826377
0.3278859806972709
0.3260132663060237
0.32496340856341954
0.321771443067158
0.31026849645933796
0.3145585429621001
0.3131272759114198
0.30731799092647294
0.2968912983079067
0.2928908799325293
0.29360811155943806
0.2901620006800043
0.2484900208684249
0.25395975628648865
0.2721591971449759
0.2577393770716168
0.23749253943527374
0.26156761044686444
0.22469509683342298
0.22085386638783128
0.21188934027501446
0.21091526899376342
0.2101959469484122
0.2098229708785823
0.19887081786693162
0.21118160096606392
0.2107425982753503
0.21015939027535277
0.21369930307346008
0.20332715373778013
0.20523033459316328
0.2007866603253431
0.22421637598994068
0.21326226384491118
0.22162094454500683
0.2177628496268674
0.21333648713286266
0.2111779177429506
0.20936982056325681
0.20788562750319273
0.2048650768762267
0.20420323527843048
0.20319771604559045
0.20237332027492594
0.20316446007330213
0.20253536898650057
0.20221301405865158
0.20158416009409194
0.21001125467503326
0.21016448531916454
0.21016564072016958
0.21029651538226218
0.2152300036706582
0.2164053251663643
0.21746338053219053
0.21840668663792534
0.22095117814468743
0.22117641615589523
0.2217043579769727
0.22235260041705235
0.2230114879912927
0.22511327739955847
0.22722239196320992
0.22981267421900248
0.22987140088066463
0.2320588313513958
0.2488723048910614
0.23228654135148813
0.2043166119386108
0.2296165485713157
0.23020679041610942
0.2357090566486538
0.2363996891946917
0.21996748035684205
0.24657316985842193
0.3620962647537935
0.9704231404887281
0.9739704736184147
0.8839939958025236
0.2907527478464807
0.28827659738441147
0.2907333533012842
0.2892434371901462
0.28984029012122997
0.29317330561996435
0.2939926278223773
0.2947638369267526
0.29581890559470886
0.3095692185666887
0.31041132726920406
0.276208709959341
0.2733770852029493
0.32752910839578464
0.32780733857396144
0.32630449178077486
0.32567083555276527
0.33538907471545804
0.33391078916362127
0.33376252247070737
0.3366726653934594
0.3220180346076593
0.31630165442776287
0.31182030528010174
0.31100961977473157
0.30079084593172806
0.291838693743234
0.28765145172333617
0.28371184415301126
0.24305501216710798
0.25120378508561536
0.25183751750879335
0.22089244900120786
0.21500298089367212
0.21619872771757806
0.21469391089876236
0.2141246646033872
0.20748449272344247
0.20532638204098877
0.20444691905371776
0.20397750889146535
0.19109713972788692
0.2023260262530938
0.20052942908718407
0.19889351004132588
0.20648419498868303
0.19341012211176412
0.19295450403545322
0.19272104569862256
0.21731997353908633
0.21704626123942466
0.26733288501924485
0.2570590788043818
0.26960811751346836
0.27108662543158635
0.2728410505971186
0.26736277753160137
0.23322026848178112
0.22293107946194898
0.22055412385220835
0.21715699353096457
0.21565771564951616
0.2128334618382022
0.21074348764952205
0.2084281640414621
0.21881933049722097
0.21905632311516796
0.22052906765226638
0.21922825146928682
0.23881693462670175
0.24043115719478347
0.24176530578372454
0.24266659229309345
0.24504900953277525
0.27681377844264704
0.25093157133001315
0.2501272026051419
0.24824126198360122
0.2503695094876302
0.25147319716538163
0.26261425871795735
0.29297361686053414
0.29329426785125967
0.2731582471469358
0.2699769515211511
0.28309259512015045
0.3171698046958772
0.29350995960205584
0.2805491590724825
0.320673788677023
0.27307301292078573
0.2416275854435244
0.24112341570004392
0.27614492096728793
0.27173754837602154
0.26981279474834724
0.26700484148355397
0.2758591264086697
0.28897145342093666
0.29777271820775814
0.29456849891952325
0.30159306333032754
0.3007175824567904
0.30341993717628246
0.3035822436712733
0.3156771338506565
0.2862065721212542
0.28511192054947376
0.28356341303037724
0.294882718681998
0.30061032439274127
0.33566393245492243
0.3295590693736798
0.33703476608863064
0.335469196202598
0.3334023454074248
0.3302915703934968
0.32409579094598684
0.3318769558169687
0.32132915160082826
0.3205044555383301
0.31075128395435975
0.3052956574174397
0.3005924735418459
0.297518469528
0.2525864498866789
0.25830015245815163
0.26046989647095037
0.2617287769542114
0.24205271206736167
0.24180558792641954
0.24177378263652677
0.24223148410886094
0.21967144803470254
0.2191729444144764
0.21637113896349178
0.21517325893984718
0.20668713555595436
0.2192554822292266
0.2183484535054902
0.2174245763022239
0.2198008729505056
0.2063324151131727
0.20616495435020574
0.20588171349729062
0.23179160670140844
0.22879747341819456
0.22831790541627658
0.22411651293152002
0.22031970380436086
0.21883222696741658
0.21772042151291435
0.2169510297852909
0.20087700746782372
0.20010583437401067
0.19899784873598525
0.19810241955559207
0.202718760358776
0.2024599910978078
0.20204899709994345
0.20173421504482048
0.22321067899679642
0.22355518756822965
0.22361588668203924
0.22362573618323914
0.2421520806393746
0.2213807397957181
0.21994637810488793
0.21951111544074
0.22167909884894677
0.2250711673162465
0.22432625724226282
0.246388406580698
0.2506834661423668
0.22905181817167555
0.22998910080552887
0.23048133671793844
0.2271022978694684
0.23125778460935012
0.23538375279241844
0.23551404300027237
0.21980559812733774
0.26015045415375576
0.25551860379040114
0.26192712750783714
0.24753039155360798
0.23366826167437624
0.2392297633372192
0.24515476543437292
0.2796284736262773
0.2837931549733902
0.28482538191266243
0.2849482946526688
0.2858401495244792
0.2870932974630633
0.2885681265629891
0.29041804263785714
0.3151227896900152
0.31594420462254197
0.31638665169809976
0.31681561995318386
0.3273450719084898
0.32687446580660956
0.326406123313832
0.3259398953357841
0.34458129288673855
0.3447090479381906
0.34484398087457113
0.34497539301171337
0.3508414153270625
0.3488608733997023
0.3457983689903829
0.342281872957916
0.33256839319047027
0.3322034660437634
0.3316531046414284
0.33036607205379026
0.323019971683548
0.3235863194952696
0.32453369960232153
0.32740437029350844
0.2982461832861219
0.3106140899326176
0.3118266595934988
0.31753879908387883
0.28201129907382533
0.2702264740090735
0.2575607879941368
0.2475189522883185
0.2573446715119482
0.22540003864443994
0.22207404730489574
0.2208363233565005
0.21036278828330005
0.22408270071217537
0.225329414445891
0.22705505349337338
0.22893380805944197
0.21342718611209643
0.21301655113333395
0.21270592893448914
0.24002868475987632
0.236798730988527
0.2357749487782414
0.23134339270592472
0.22713882754812711
0.2253882879031712
0.22460036936733194
0.22326703836045936
0.219653503929231
0.21786994598529097
0.2161614896164808
0.21452495282560172
0.21477430860299832
0.2139367845792567
0.21306539382147377
0.2118384338163905
0.2221067073211826
0.22448989424607632
0.22688346606635834
0.22938882684006526
0.23559044805782728
0.23811963464591498
0.23971928867799178
0.24141359034104143
0.23972209172085848
0.24076637953972055
0.24267571626178436
0.24503232558603386
0.24874057278513625
0.2539323940087619
0.2589290024684865
0.2643658977152052
0.26210241602868034
0.2620358722016769
0.26195758030841687
0.261987563119558
0.2448045755831765
0.28269931832905626
0.27354715400134144
0.2783784856046244
0.2940399019568841
0.2578747600449355
0.26334683627725713
0.27005658213196476
0.3139139543288733
0.31506563625065365
0.29934643748677053
0.30063740817230694
0.29704456453920586
0.29010919350051195
0.283512020721592
0.2772056266013494
0.27515553624579314
0.27568313837584213
0.2764533946697142
0.2774401889729995
0.2847027311078648
0.31611166184133643
0.3213642006049442
0.3209464502327088
0.33865403519595033
0.33985460148018054
0.3296014651005542
0.3370641646122661
0.34618704814844625
0.3371264673856921
0.34131819636101607
0.34359316382602795
0.3257882505286553
0.32392710294899746
0.33192431154221574
0.3149058343905004
0.3116624428422084
0.322769116066733
0.30829125876189234
0.2866355227018107
0.24840750816716356
0.23541147169448087
0.25589512774492623
0.25788104037037907
0.24294659346961103
0.24841983787398958
0.23421277325229803
0.22807548908823427
0.21915849645729832
0.2161666714910975
0.21411738398130276
0.21242091618911765
0.20122412567902515
0.21133009801626648
0.20828846346918162
0.20582407677854794
0.21360977846107207
0.2008169134620865
0.2004832422771257
0.20004231404062942
0.22751306523328163
0.21595000373794976
0.2253028902050455
0.22150783564151091
0.21676580536261716
0.21429583922150444
0.21180294624040996
0.20955485226710605
0.20584473247009175
0.20405239561714203
0.20278228425426129
0.20118271470698984
0.2017495983038501
0.20030564088573802
0.1988900132393197
0.1975662462340605
0.20796444661460958
0.21027896411187205
0.21218897490239322
0.21426343079777613
0.21962365612139984
0.22082723964154552
0.22199680587096662
0.2233636900474976
0.244039465928631
0.2476617268994923
0.25028640873484215
0.25309587892849933
0.2868294074497106
0.25785823271580455
0.2849140968201103
0.26463761337273356
0.24234244008555353
0.2843520447059551
0.24660706443586367
0.247557907878051
0.22267126762983372
0.2525394973938433
0.2571604262790378
0.26387043770730073
0.2602993354317135
0.24508184154735776
0.2508784130707005
0.2575864385369024
0.28655490083358953
0.28701178601413624
0.285504173086966
0.2834612615015903
0.2731895341421563
0.2625636108439216
0.2511594927255799
0.24081483026319223
0.24738434607890034
0.275395807984923
0.27363318993042374
0.2693591932252794
0.28237991362925685
0.28051734510197157
0.27787296484906626
0.27483035249817417
0.2934842845015146
0.29157494941388196
0.2894909158238953
0.28800100283534763
0.29560173680670593
0.29425776540385884
0.2921185449604144
0.2897924955735828
0.2771810589036188
0.27664072352777863
0.2778487723195419
0.2817273348254795
0.26186646147448234
0.26483113172983064
0.25844127608108225
0.2548330489200821
0.2240133486418913
0.2231560367409693
0.22221904694878797
0.22617238891288183
0.21078437907293784
0.2137652802816138
0.21737793048057116
0.2228150740827267
0.2594276257466376
0.20500481373839524
0.20510256169738927
0.19958943575203594
0.18867399400842583
0.2014913847090563
0.20134670995442053
0.20135146034361526
0.20638827833033474
0.1924916034934312
0.19070690340063687
0.1884938522881183
0.2153095385279525
0.2041487195476376
0.21246080769523584
0.2090539872741168
0.20438035982627942
0.20181767710065407
0.19935654956515514
0.1974522440617504
0.19341399429857153
0.19101544225659653
0.18859871338054499
0.1861497890488422
0.18818188689988138
0.188936263079963
0.1896381168880999
0.19111699870820437
0.19905002140170797
0.19862484387150503
0.19782943792778357
0.19697134706001357
0.21854238283795652
0.2882604074649652
0.2531303364994581
0.22873016959290277
0.22913533591239035
0.22996273349030194
0.2314732140723379
0.23314376445670634
0.2325279256535465
0.2350375975273564
0.23780024998935165
0.24159018993500955
0.24211402575428034
0.24470561800741372
0.22690340033781273
0.2482901317673305
0.22273479498444038
0.24818285486346747
0.25066127031432756
0.2566712583400109
0.26163374207880286
0.24858839059438478
0.25101364610329197
0.25506632608678315
0.289360248529012
0.2929614563911979
0.2956356660235401
0.29682546931393106
0.29792956004586274
0.30177628792537436
0.305144752822833
0.30847701899935054
0.3138131241585424
0.3151074256174707
0.31602946989674796
0.31679599397992625
0.32804055742940025
0.328277184787643
0.3285112872288096
0.32874446047491085
0.3466530140612808
0.3460495575559059
0.3454588464024064
0.3448685247763134
0.35120306435311416
0.3501896942375665
0.349210764207584
0.3471225577055126
0.3375901151461708
0.33706879335558787
0.3343493357730693
0.3319863023921764
0.3219548097700628
0.3190051018515182
0.3167123192411785
0.3147899661575766
0.27764945153532206
0.28393676095236886
0.2725367799230761
0.27253123493236725
0.25005483076601226
0.2512442783944508
0.2496088271808512
0.24560378257511237
0.22629675052636203
0.22529206403485136
0.2199702962118985
0.2180056634341093
0.2091812856166809
0.22230907132494537
0.21849057412607897
0.21622672659184908
0.21982063273111999
0.20414056833408328
0.20331945412584185
0.20200085776236693
0.2276683712340349
0.21631094516590763
0.22607971844648195
0.22100340244592367
0.21670222873354883
0.21430283892615765
0.2122834555136896
0.21048945833335359
0.20794527359493556
0.20732378596261192
0.20678268266295982
0.20704917217209456
0.20778655897889634
0.20725143110209554
0.20666099548519787
0.20610385119551083
0.21381412699931385
0.21341037641905938
0.21320747961480532
0.2129460286747701
0.21773103985313003
0.21868625270733133
0.236167102152595
0.2793265211421393
0.24696771738488327
0.27512226331684275
0.26108355346737805
0.2593147307589717
0.2948863692881133
0.2923043200199768
0.27871452864212015
0.2762854648383103
0.2704899418468694
0.2683375743849704
0.26699110585372143
0.26644392958887925
0.23396938679886572
0.2601940090094645
0.2634970915657436
0.2677683433274893
0.2751768644253015
0.2577685701123862
0.2589215779589675
0.2610004154016409
0.29433311354467473
0.29221373439555076
0.2994726511475072
0.3024031009267157
0.297783491178419
0.29787604654455657
0.29837482554096223
0.2990927605626347
0.3057209319456608
0.30885416645514513
0.3108451657272778
0.31203647655450883
0.3222003395637901
0.3207741111131974
0.31933245872005406
0.31743765752740644
0.33727980749064085
0.33569349847936386
0.334449166896497
0.3311565043432347
0.3362000181506178
0.33327773520783355
0.330587908004436
0.3282578657723774
0.31733032399919825
0.31834177732981034
0.31601299398421506
0.3139274706726197
0.30380698052949395
0.3014528343729249
0.29877743422547265
0.2925956193091348
0.2518248378862909
0.2557378018716368
0.25601542440546843
0.25818697861086837
0.22439564882480928
0.2231426952413508
0.2240925236927853
0.22239189191406789
0.21733820658389105
0.214099282820509
0.2166952234543758
0.2132111772219927
0.20809918494003402
0.22278469948487148
0.22463811425845678
0.2262336529284208
0.22296894835076447
0.20906049325063483
0.20879206996568467
0.20852614149526807
0.2375324495669368
0.22893937616081084
0.24066302325653144
0.23978945720491898
0.2374614898811817
0.2375355516332152
0.23792243508861527
0.23877319965069158
0.23300841968619496
0.22908795904137522
0.22464039098734184
0.22050056080657174
0.22048354802777317
0.2191936290158889
0.21794787666894455
0.217076493864481
0.22379164917291813
0.22262574913607286
0.22152228562610154
0.22045955708301726
0.2412812915194922
0.27276903768315686
0.24583347365377609
0.22247989178360275
0.22178042074947052
0.24241223830576503
0.24413802683375135
0.24583393856262592
0.24459497449571557
0.24639436802507297
0.2484510257611654
0.25096404728183386
0.2512281825296165
0.25381359523218394
0.2563485406715032
0.25915228178246213
0.24113061042103034
0.2675603714643376
0.2666764822514205
0.27122260623630456
0.27212347883262283
0.2587029362208592
0.2612272787231303
0.2659213327209982
0.29448243553896014
0.292028058775513
0.2883537296271263
0.2836109002636579
0.2832036310088368
0.2828704139332396
0.28428537465425435
0.2859413291084077
0.29124973491996553
0.28888354749133766
0.2886699624675577
0.28841716161588515
0.3042317197961132
0.3008452680364892
0.3086634879776793
0.3158225301283706
0.32493459918596634
0.32056568727643603
0.3193939328377713
0.31675866409483766
0.32268518629703774
0.32029158685481457
0.3179270147860912
0.3170816000343069
0.30535756161678723
0.30290741853499137
0.3055302501880429
0.3050813490779296
0.285956044442343
0.2819999614442625
0.27917213715389033
0.2773356571273141
0.2372526608151518
0.24113379727982046
0.24146854472497453
0.24518947028051058
0.2252074839812185
0.2259963864463308
0.22684673134077496
0.22749837808991807
0.20620972441774757
0.20413421231990572
0.20618631243451846
0.2029313012153435
0.18049267375241151
0.19123886632077977
0.18966202431761603
0.18847482551036676
0.2038614916635633
0.190968688634085
0.19084061570923916
0.19036774630438122
0.21567470485980378
0.20518638323399654
0.21547782760883435
0.2124066161838257
0.20779324432453705
0.2054432033953959
0.20359927903029135
0.20129296943176095
0.19847759547445665
0.19764738360374873
0.19695810552994633
0.19637236667462613
0.19712961543988153
0.19667032732645767
0.1962099688702594
0.19523040401840983
0.20449844034864154
0.20544294009456668
0.20623960084516352
0.20708340409529952
0.21230520354840396
0.2136167997171669
0.21431054749445053
0.21508598431093606
0.21198956418349202
0.23356170944858784
0.2354869452611395
0.23672235409511203
0.23584962469489554
0.2482405356424973
0.28187892066141446
0.25032488847152706
0.24373776868633026
0.2418858363768575
0.24121978134277866
0.2414809185449542
0.2069128407744702
0.2257940967475035
0.22579200604436697
0.23083021713394503
0.25101897894723835
0.23692943813811934
0.2398428972970057
0.24299474237301363
0.2761746936089695
0.2760560413342168
0.2792077986110176
0.27819027605163255
0.27916068206764516
0.27870256940717386
0.2802216421375137
0.28235719985921676
0.285999856602211
0.2869987127068862
0.28779209830211705
0.2878101068975604
0.30094822550928924
0.30096568416176384
0.30009623507233113
0.2988617773679354
0.3202976833088164
0.3216581809829314
0.31567201937041534
0.31139808093118315
0.3193499600432742
0.3182347724323961
0.3146838949052645
0.3117876241331642
0.2979462887921886
0.29530851550296594
0.2947001579039524
0.29369145719210354
0.28222982598950386
0.27927896015147646
0.27923797256453486
0.27661308840963966
0.2376356691874016
0.24277997675911894
0.24214467329712736
0.2461271757198843
0.22737281879716253
0.22913862883925565
0.23117200268711605
0.23223140318876434
0.2074036832438481
0.2060572349225755
0.2051830352126469
0.20455746225462515
0.1825214550235014
0.1944307931636426
0.19388590131655595
0.19372627716590385
0.19820445854637891
0.18545217810679474
0.18573034954393056
0.1857531685107124
0.20757239618789666
0.20467211612618533
0.20396618225295288
0.19933595468269638
0.19400700322496098
0.19287764485799638
0.1920275215671679
0.19120787633467803
0.20343032541276093
0.20206646920244986
0.20062072244141432
0.1999184879529647
0.20089490220857567
0.20048242898154256
0.2000128019764816
0.1995574746286533
0.20812915602162546
0.20996174947410662
0.2089823248658853
0.2118674539331647
0.2328108618041816
0.23114384741243454
0.2308584113973705
0.20899203767825067
0.23114157185374273
0.23205280768731149
0.23309222690205444
0.2333725440832765
0.23223561114185834
0.2340087841861974
0.236695818051996
0.23999809586840684
0.239890197769208
0.24267613413592226
0.25497731904510396
0.29382206428199625
0.2799320130012048
0.30315633302660544
0.26756330122275934
0.26778384742827144
0.2715115608435569
0.254247180359491
0.2555856060454816
0.2571516914583275
0.2900361361364749
0.29024474460245925
0.28937554429904183
0.2871144657828384
0.28658187237168753
0.28340568158908963
0.2840360860531207
0.2822883738869985
0.285192223531335
0.2856416254896608
0.285656849407495
0.28645580301934137
0.3056574502766564
0.30595071263820406
0.2981115420895
0.29557420231650294
0.31677457933831776
0.3141594037230175
0.3125639823343761
0.3110686046911135
0.3179662333099603
0.3152703896278382
0.3138316910274357
0.30915415846254113
0.29511284235440666
0.2918663493758223
0.2956920947195268
0.2894031322672936
0.281641114009634
0.2731283120601554
0.27014872318787636
0.26825303246103765
0.23088064298151856
0.23304077089024908
0.23231124956674862
0.23638229356248097
0.20177165614901746
0.19968388852744004
0.20167495286646825
0.19798405942201305
0.1893961202296234
0.1887480639450713
0.1883462198732461
0.18802655252677913
0.16727559473660653
0.17902437640375496
0.178287299584347
0.17786100359095267
0.19379908766782025
0.18198177845950325
0.18237133297246716
0.18239306770055913
0.20819364951927666
0.19791264336425643
0.20878433662161397
0.2053854855430818
0.2010225026215071
0.19887438771387406
0.19692462250406442
0.19513882202985397
0.1916182566127647
0.19037080933707518
0.1883023217611391
0.1864437599415651
0.18720167657762588
0.18639174347647902
0.18553775902646583
0.18470271876232672
0.19455297819802958
0.19471235746394935
0.19475693213439643
0.19481080658542657
0.19954164693216034
0.2000440925758579
0.20035718879539688
0.20085917285650842
0.22128057393355582
0.2895677680923665
0.23205151880870667
0.24240039668587618
0.2511963107149787
0.2104192549050972
0.20677221523548525
0.2065189717256806
0.20674791221654462
0.20984786869422611
0.2129469026878744
0.2167515927115613
0.1900647346131064
0.2077976341574559
0.2082771953094508
0.21462739686990473
0.23571775955589655
0.20802421836703758
0.20951724041642947
0.21169441910969877
0.24154257784733074
0.2413658815481007
0.24153398093541664
0.23915202536409422
0.24356621797823672
0.2435133122354335
0.24321315142012626
0.24304617778617035
0.2414117632297325
0.2418304450902124
0.2360838992504302
0.23632970639110049
0.2885670437446322
0.31502230564025313
0.3150951169231705
0.2978597286953896
0.30775398349023286
0.308667351988534
0.3058396339339416
0.3024848451878209
0.3093002215507166
0.307336840522318
0.30478112157799475
0.30214284458338203
0.28942013002743405
0.28724291824872505
0.28595199697765084
0.2834149379047776
0.2722989596724501
0.2685508640889436
0.2622782827905329
0.2547137316529401
0.2225433971727331
0.1899498447229124
0.18929211370859222
0.19655938472864679
0.19168926578212606
0.18662915228587085
0.18667492882708636
0.18487102595600952
0.18045352513436227
0.18398751335310298
0.18510244425098188
0.1785692495854683
0.16416027324740468
0.17818825746085784
0.1782040376205748
0.17810085689586497
0.18674374207675043
0.17513137806480825
0.1755692560531918
0.17549768536326263
0.19591761572742936
0.18513653771267213
0.19663640764270043
0.19276614119207502
0.18975039124783408
0.1889604925804021
0.18832053541470084
0.1877693947264773
0.18604838360668757
0.18481153405455913
0.18388505778286066
0.18300330655127844
0.18410760216802627
0.18357210008870148
0.1829483475535792
0.18301929707934103
0.19237163774232519
0.19295808395109537
0.19311890302603396
0.1959682480519989
0.2598736494095459
0.2208816545300086
0.2198371270142329
0.27730314393486205
0.22714172624709938
0.2247724092899186
0.29584834307419666
0.28683435896734955
0.22933808503276218
0.2045138563445746
0.20413812541508092
0.2034896654104876
0.20134244475682472
0.20205810073961447
0.20319089455653866
0.2047509603705025
0.1834817028983715
0.19606545801653844
0.1933123311378894
0.19933171255296775
0.21402922417821207
0.1976218244963801
0.20065048916128336
0.20500958833652694
0.22571688767123493
0.21658767442488416
0.22819467059167273
0.22794341038817573
0.22755547285296565
0.22726245188468586
0.22698776463752213
0.2274270096127783
0.22753081573195055
0.22986558551348651
0.23149564442978526
0.23340366193510353
0.24019400198027613
0.27481807942544145
0.2962032436929805
0.2759421641334107
0.33279653480383325
0.3052860169333522
0.2953943499703791
0.33324523384904986
0.3059062686515615
0.3157496531483236
0.3223387788525833
0.2983162195582732
0.2817628677509735
0.27988376436077833
0.2786169890624263
0.2761544742052022
0.2693561655845892
0.22315328428494657
0.2681131635256371
0.26027773920280034
0.22833454868994388
0.23649921885073552
0.22611258453174468
0.19956042304633664
0.19769365623681578
0.19421023132485626
0.194314824499338
0.19434146295289892
0.18652335034704381
0.18620075417260354
0.18603490692830918
0.18591982706873048
0.1631027018433226
0.17735926593616894
0.17755694019908794
0.177924572121673
0.18641822204519057
0.1735459361623
0.1727032352133433
0.17131311349426923
0.19421067792589058
0.18302189636960636
0.19676352663954536
0.194205713916636
0.1904686151609502
0.1888098221275401
0.18728521068093834
0.18587243758297972
0.16997541980090458
0.17005420150958778
0.1830760279740939
0.18275615847299662
0.18388490734852136
0.1833280815392651
0.18268119094414556
0.18202558677970487
0.1918157257554526
0.19395621063820498
0.19447991804555817
0.19526533766779477
0.20096898863839857
0.20250578626660584
0.19825242531133358
0.20025841596793165
0.22310678051069766
0.22388765569995364
0.22474213508647492
0.22559090147997202
0.22417299459241824
0.22554387899822415
0.22779563767683836
0.2293936835343105
0.22831329983534257
0.22960791568415287
0.23093750585476464
0.23247486090887318
0.20436154301991202
0.22387316048763453
0.2227069763700748
0.22732736286473532
0.2429611550222793
0.22758030226774031
0.22986949148752137
0.23542649634136933
0.2668616128446776
0.2546491782649115
0.2702112861467731
0.26910035131881144
0.262562081957713
0.2640217857969336
0.263247875455206
0.26531505318784915
0.2712956666991126
0.2679123344866979
0.26667865176814554
0.26677564110049257
0.2796986640955031
0.2796660440180975
0.28175885698228553
0.2807332737937198
0.2977857511813219
0.2984672618907341
0.2968511060212188
0.2961832139130416
0.30402092344482373
0.2993089228806225
0.29502011262679295
0.2937089143437003
0.28224107536122867
0.2802307213175442
0.2784666098352253
0.2734347585947909
0.26362799185483193
0.26204307064944604
0.26107394897789843
0.26039233517049865
0.2264258599822123
0.2361614497485934
0.22576504946953882
0.22950646227838625
0.21161541836780537
0.20952932270910715
0.1939336053835584
0.1919844330620195
0.1840641432366115
0.1868650043607492
0.1831030174602338
0.1823505317298941
0.16367061626262705
0.17780602194287226
0.1776744880447426
0.17851647372657628
0.18427045898480282
0.1742521992400238
0.17545444912532612
0.17631199446866358
0.1962930772624767
0.1850674444933949
0.19544717506803086
0.1909039450336709
0.18773371908854392
0.18720178619997094
0.18617105579517015
0.18538925270646867
0.18320262640732835
0.18291091741473156
0.1827208098759629
0.18261282916655186
0.18473267701386373
0.1842393800926019
0.1837812608747187
0.18331361127156875
0.19215745822620006
0.192301197591721
0.1920634789601396
0.19202182983581492
0.19679958536177755
0.19659923105361185
0.196554536978247
0.19658806152234376
0.199492698830991
0.20076631724043015
0.21903001340186784
0.22229709188460728
0.22146112171363952
0.22322685447605944
0.22487420349714027
0.22634857864636013
0.22458791776935644
0.2251231283291868
0.22619597875025843
0.22758593897068355
0.20096139638700058
0.21779188148729003
0.217202279489482
0.2221428391300289
0.23888016583698415
0.2284939110133106
0.22851742629105906
0.23013080634876193
0.2581076843247833
0.24937241459121867
0.2608536408982917
0.26052295633274813
0.258748653062156
0.2567703935965755
0.25647744806219147
0.263337067959728
0.26569675403654025
0.2607532203906353
0.25969984279035174
0.2610236858613399
0.27264347178568205
0.2703277335630592
0.2679441399973654
0.2659781227948876
0.2391549206919099
0.2844517379816779
0.2853913064880504
0.29005574939147355
0.29637562418983227
0.2935381006521718
0.2916729047481539
0.29232136734669567
0.2785461596426706
0.2755923509945029
0.2732737264874029
0.2712205871447027
0.2602103200807985
0.257097135077885
0.2545581224473217
0.2524112141239917
0.22219696365659428
0.19949273182396843
0.18588161615288593
0.18968502980254115
0.18372910308361978
0.18389027966724358
0.18484235990241119
0.1849343085760866
0.17730632135701646
0.1772008770197601
0.17724104136807736
0.17906806575860434
0.16429114149673948
0.17800269946292901
0.1783684524411527
0.17843031760133554
0.1847601075353754
0.1733733571746808
0.17501173827198707
0.17492064168044497
0.19487646223657457
0.18305082468364092
0.19517189368258706
0.1919383349974938
0.18852732566323008
0.18793662898212604
0.18690758521765982
0.18595751943226427
0.18340174721310046
0.18263581719187066
0.1818701029271376
0.18110114134056768
0.18270108105152955
0.1836471123801375
0.18325747979931542
0.18309971813292808
0.192004288487335
0.19201305396702753
0.19166448084183976
0.19125589148522007
0.19764255332771477
0.19925484065921703
0.20069268455753678
0.2019633772794107
0.2044499863763974
0.20510073149464841
0.22288924548106887
0.22494888997172593
0.22450614069154087
0.22543168314754583
0.22674236319747548
0.22811863096766083
0.22716787303425334
0.22866926562088383
0.23051948417087356
0.23343455327720083
0.18734292637237004
0.203008101108152
0.22507803404168497
0.22885940557870674
0.24417971140570688
0.232871226554571
0.23144946490898397
0.23335316748419246
0.2671670338358175
0.2590359647247568
0.2717956910305316
0.27467999314507946
0.27460918294487724
0.2721061686118353
0.2711662283439262
0.27092545956526926
0.36695567291393066
0.8749852172484769
0.27815051447284095
0.2756987962403239
0.28797050177433764
0.28678502974830233
0.2850761461731622
0.28142004177609037
0.3011749434040386
0.3008990047998578
0.30124620982304723
0.29824019663069085
0.3054050757889338
0.30236648085470186
0.3007346930554261
0.29678090942818974
0.285285634899489
0.2854482416506996
0.2782479338813331
0.27472446897829744
0.26714860788855216
0.26645568379106216
0.2732845965756437
0.2681435947886123
0.23103480760580844
0.24369564538431313
0.2028413560424344
0.20847031052283724
0.20135442024832922
0.19890956412542954
0.19779421081436846
0.19672904857382614
0.18883985507770576
0.18851385067001186
0.18835997132004043
0.18825606394219033
0.1638041341610715
0.1777796337039171
0.1772245682313481
0.1777896536439281
0.18884801133112547
0.1763505473005393
0.17617332582059925
0.17550813625846565
0.19576484946033504
0.1855180230522543
0.1974413674243489
0.1947661758155204
0.19120534985344198
0.18983784413307764
0.1886426254908959
0.18759017249726098
0.18524792257945474
0.18480147801665767
0.1844436977495196
0.18518778047930567
0.1864723190340786
0.1864042572779613
0.18626984380599326
0.1861459127389834
0.19657719563034076
0.19836626914630376
0.20068411604896938
0.20215514858722078
0.20628110588557697
0.20585611443956603
0.2050249523231616
0.2040067704990717
0.22345366020680787
0.22546978594438247
0.22831229715156867
0.2700778048795445
0.23345304597570013
0.23183882980799647
0.2950123489725688
0.24896144014359564
0.23727194177078667
0.23840738886085489
0.23898698419283432
0.24039681146288516
0.20846121969305598
0.22941002825959161
0.2313034895625385
0.23552594796324677
0.252167810482159
0.24091267349233372
0.24186032100064236
0.24360417480609894
0.2760311094008341
0.27840198605812033
0.2821084583422466
0.28443408905090456
0.28097482144180447
0.27736115328288036
0.2762435430257371
0.2790080982494079
0.28491115321740174
0.28029955037965587
0.2795997479375147
0.27967282596486026
0.2916509763441696
0.29037207418288763
0.2879352200476183
0.2850639458470754
0.30620818206922434
0.30591852997554103
0.30552916609352776
0.30822831673977996
0.3213125331954792
0.3125048562385506
0.30858943977766184
0.3062470316616878
0.2953526959065107
0.2921232805580252
0.2918442460727197
0.29119636934546866
0.2781583325721314
0.27563589652263903
0.2737838159693572
0.27223590913404655
0.2332139027305099
0.2460197082848748
0.23438357226640993
0.23855768401282423
0.2188539928054232
0.2201906886506155
0.21887996909990756
0.21898199611239247
0.19832976314945733
0.19758336616344416
0.19730390272783474
0.19715194753856813
0.16813977927514154
0.1788155013394537
0.17728661010785918
0.17617090695717424
0.1890531934567479
0.18654553501555024
0.18654450850475995
0.18615513061913688
0.20809683503986476
0.19556537710968366
0.20612592314644163
0.20542748355679083
0.1960552209133512
0.19815431570313782
0.19304575035868324
0.1914186520980065
0.18848081385630286
0.18837367193136084
0.18732135155534874
0.1865313900476556
0.18793294587939763
0.18774424351557092
0.1874608396361491
0.18715723674863738
0.19674784984333585
0.197489973994273
0.19791387653099288
0.19841372395668924
0.19909858538238326
0.20020937752710688
0.22371756410798987
0.2272322039880736
0.23272626830667462
0.23453235431030292
0.2365267732176398
0.23831275630708898
0.23686175655462163
0.2381464581568558
0.24007254493793428
0.24194604051623916
0.2413759016997478
0.24261512649110045
0.33648778402293716
0.8469118351085494
0.21771433905609403
0.24377127495295978
0.24507123099522465
0.2502156386980764
0.26430013409580827
0.24479740835192454
0.2492818472783576
0.24933884230486633
0.2824544298219096
0.28426234799508854
0.28494448105741405
0.28405081208793875
0.28674041050306415
0.28766054976231503
0.29120843873669267
0.2968521577840425
0.3005462808808719
0.30844254907975865
0.30748340044705813
0.308721642596934
0.3214088872091763
0.3223545811237875
0.32314433468257364
0.32520385587536665
0.3423967958705338
0.3410216634962127
0.33991061504067915
0.33879612762273026
0.3454089898472204
0.34455224626810294
0.34366622942139946
0.3423711502898876
0.3298441549250669
0.3276491684305689
0.32514807944872054
0.3228408865690878
0.31327605769031774
0.3107545359341759
0.30933201890573025
0.3058187200710704
0.25973178612892783
0.2629424823180932
0.26625855406627763
0.2640067672979648
0.2428966236458973
0.24425280078770598
0.22474671526698162
0.2209582348751601
0.21166548030480573
0.21189773467851533
0.20922597295279716
0.20850317700422832
0.19151005030575943
0.20394272838941976
0.20387344667110485
0.2041553745286372
0.21423317078374024
0.2007856227288101
0.200035677795269
0.19962560476709676
0.22675208621153847
0.21435618374444187
0.22368846615357474
0.21938613868686013
0.21479485492088599
0.21260952028136673
0.21097990219823104
0.20986138872449997
0.20675863309779977
0.2056154685407467
0.20458548690832135
0.20364887709317092
0.20448596325348997
0.20373842326930774
0.20359638350691212
0.20288812092288439
0.21156280965153593
0.21192791883581832
0.2121076870920332
0.21239568172364742
0.21766701502716976
0.2191800799276376
0.22101461362480904
0.2224571247584204
0.24290140400551133
0.29151430030898806
0.25276827608668306
0.2508453369202788
0.2953484091907733
0.2561193885382848
0.2536957752312446
0.28551940313410484
0.25742416849776
0.2558251485074729
0.2910089230291617
0.2609971951759914
0.2562039657908687
0.2799696644074685
0.2333991571393163
0.24098176074755437
0.24433160132156972
0.2264572813088837
0.22860004687524108
0.23693722332753017
0.264220671963492
0.260612126320903
0.2674401278438862
0.2693564714168766
0.26595061964365574
0.26725583097207595
0.26581557145261037
0.26810062643924626
0.2634596534145037
0.2610902544096956
0.25819781310649786
0.255559079696813
0.26165436055322483
0.2604208971560252
0.25854806518021756
0.25709691513252353
0.2643094608021048
0.2627998403659073
0.26122368192682827
0.2595896667108195
0.2614651138055232
0.2583508356641954
0.25502197904893775
0.2528354131695086
0.24575839561138005
0.24319949630225718
0.3796285159733322
0.8886905880530169
0.28258379472219747
0.2793368657192297
0.27621064281619434
0.275009411054833
0.2344722768305813
0.23762371967242346
0.23752302975659026
0.239243320237162
0.22172499245721636
0.2234115314175763
0.22524438558101548
0.2117719079838991
0.2027096379313478
0.20211339345226617
0.20469661836871525
0.2006942101606164
0.18204918589585745
0.19265545755703223
0.1916542978262236
0.1895727374621773
0.20268754316956544
0.18960811526378588
0.1890919286853778
0.18822198039835913
0.21464370152002762
0.20510339291853386
0.21508747839412307
0.21168308109543277
0.2076472431131803
0.20591730646882392
0.20443871337006628
0.2031575933614388
0.20032490330638378
0.20035703907285263
0.1992493400560864
0.19845340438315576
0.19940308416966362
0.19871659510524053
0.1979588483261021
0.19721574384461463
0.20658226496676588
0.20687501623947405
0.20681938366331223
0.20679707187617608
0.21101098417297215
0.21097928641358638
0.21085948565929966
0.21073675680942286
0.23211943409563565
0.23453593034210174
0.23682305609208956
0.2390082468372259
0.23751877134724877
0.23876620173359614
0.2880817284225524
0.2711178971091953
0.2451961084205735
0.22264163828683883
0.22179912742115376
0.2224646465036135
0.19448551501995784
0.21501785934212742
0.2152822889427126
0.22243901068787866
0.22877878361245316
0.21603718924398688
0.21722116636101968
0.22025675859536012
0.25240291805135573
0.25224360598316814
0.25967331038395397
0.2568127258728218
0.25695506322851813
0.2573812106496783
0.2581519129018334
0.25929973230058717
0.25794179436911935
0.2819725871159587
0.28283015393636907
0.2844693883996873
0.29723095835633107
0.29647499517897075
0.2595694825994991
0.25575711422141895
0.2621090312274095
0.25988065213181255
0.258231904682353
0.3034229437126041
0.3121200297575342
0.3108187403987649
0.3085272517322398
0.3061477096946301
0.2971983869895158
0.3013609378368391
0.29206977046112215
0.29258006971566003
0.2846635039614941
0.2773478678375899
0.2756130785935647
0.27354388539579716
0.2349244478423091
0.23961189399524682
0.2406279161208259
0.24310992927215863
0.22808560717086712
0.22472505166470497
0.22446471052546185
0.22445315914321368
0.2072779872670041
0.20227972230807134
0.20467510861834237
0.20022746558214224
0.17876811912127788
0.18693488874055153
0.18270009705422696
0.17863568952839698
0.1942566370220639
0.182126747279787
0.183747542344816
0.18414216216834636
0.20862813437769953
0.19688720262008783
0.20708764806137123
0.2030979475850723
0.19875858977782512
0.1967141152411602
0.19597511438471815
0.1940096573397963
0.18980458163822858
0.18731898985074963
0.1848324450685111
0.18235966175534785
0.18354321840877588
0.18406180372598735
0.1837195576276286
0.1834593893934535
0.19278636905850852
0.19370885044050637
0.1942409703428841
0.1947672328293769
0.20040773455416694
0.20291787892335753
0.22057963952211893
0.2228410479277223
0.22564246718502395
0.22603941168877348
0.22668254513009417
0.2273965199721942
0.22633698778297043
0.227175100141082
0.22822106878711015
0.2292960566156594
0.22789790234775878
0.22901999104149404
0.2101114836779463
0.21067325324369518
0.1846601435332841
0.20376085957125617
0.1997816057444235
0.206040425577009
0.21821631290170299
0.22745292357909047
0.23328650326426112
0.2368586857292777
0.2657244443067344
0.26531191703364027
0.26914676939411436
0.2628047963099134
0.2376218930566231
0.23376644145243708
0.2325694364753814
0.23210348172665834
0.24070547032518216
0.2816947147059674
0.30414533208611777
0.27966061802550873
0.28958869874614784
0.2909106537241038
0.2854582037499186
0.2818679693542189
0.30135123317217943
0.30348925100104407
0.30680982788781613
0.2994156490435875
0.3062019253614928
0.30437770437291567
0.3021207169787633
0.2997271117515462
0.2861293520894044
0.2820610870993895
0.2783651236776388
0.27488342016688844
0.2655303249555744
0.30582136110680397
0.2686182128567919
0.26535096756157234
0.29587529770301285
0.25140508810397083
0.2315089669697405
0.23397207302865233
0.19828253981043625
0.19537946625878594
0.19312419236049314
0.1909728082014086
0.1828774653248335
0.1831719285425006
0.1829867750267855
0.18289283787301977
0.16356166049625
0.17773168349623775
0.17786401337622357
0.17808178713742331
0.18618237728685552
0.1760830514936734
0.1787719531187676
0.17767523106464786
0.1984148917900734
0.18803528465881006
0.19942976766829076
0.1969229529708858
0.19305920459369186
0.19166471378412173
0.19046938599775126
0.18942793727604512
0.18634502050428395
0.18506964487832198
0.18450489619009683
0.1833546080368274
0.1841758935068978
0.1833440381330404
0.18242503328624815
0.181500603492571
0.18981616508822668
0.1923083399547176
0.1932789310472813
0.1925907383951333
0.2125904067279291
0.2390037367802977
0.2199768502172559
0.22067495719521532
0.2865779749963196
0.22972039475193679
0.22580696700402417
0.22514050561291618
0.22451946679008677
0.2268351662573221
0.22919907835093592
0.23149455703386135
0.22947802384385144
0.23224316741188333
0.23062364973228835
0.23060503395577236
0.20171342424471642
0.2183580178164431
0.21754518381052526
0.22335834015149783
0.23909926426476485
0.2241909215878046
0.22326050061282954
0.2235888222124153
0.2554724012997764
0.2496403592643067
0.2609966142945932
0.26024953783540067
0.25808622000488585
0.2581639825668027
0.2586019270855742
0.2603836335031598
0.35647902297305006
0.9596979913212341
0.871699804089584
0.2741004822176757
0.2840261211623086
0.28405117952376824
0.28115519461142147
0.28942421348567254
0.33252811131346544
0.30803792237147315
0.3017993379828625
0.30060598507451936
0.30976686906678325
0.30796899928092036
0.30622340443815094
0.3022453029485178
0.2928265099532646
0.2847082173157938
0.281521743758717
0.27539111659245846
0.2689401445662325
0.2670227480921934
0.26397670983777816
0.26485142268484346
0.22850006644531573
0.23990636797636983
0.19889473002119668
0.201074617985072
0.19544905133112436
0.19421523772493765
0.19524657322650646
0.19243376465787082
0.18482445729206853
0.18498499412306577
0.1853429224657768
0.18574106436826382
0.16328920337381533
0.17723451039993676
0.17737763823911298
0.17802026358673828
0.18472754025884014
0.1721951114526363
0.17238283469903443
0.17166042766586245
0.19483608134355648
0.182382389093256
0.19437047642821173
0.19102231308381212
0.18668863455101017
0.1844850422579568
0.1833369234834308
0.18124318906330794
0.17830465992045613
0.17729846962392565
0.17639806374345857
0.17557855917355406
0.1770622880676896
0.17748642134963913
0.1773708153263108
0.1771448807138122
0.18637128974909264
0.1869412745155135
0.1871533884022014
0.18739310794624683
0.19973019666528602
0.24836087322525272
0.28298523488636357
0.28167809364955015
0.2969804001171182
0.24506572592251397
0.2408925079412667
0.2791406768671815
0.2402406741744975
0.27467125895839045
0.25774949295842325
0.2354110205531419
0.2830536251797372
0.23778711788556475
0.2344789452264874
0.29262314336660034
0.18710278754242446
0.19970460604789447
0.19998053849494912
0.2036534020337027
0.24160263991199324
0.22738795462033282
0.24091398221849802
0.2944154873673946
0.30398516322874763
0.2890971791715082
0.2816758814559012
0.2795850820448743
0.27603768028486114
0.2720497433873243
0.2739654838782749
0.275885387096347
0.2731150648439748
0.27307694253912396
0.2718656803987335
0.271303972979402
0.28378852981717584
0.286259617089089
0.29223280534893586
0.2826305418530911
0.2997669078498312
0.2982864074839214
0.3005982737607936
0.29501799434284176
0.3008492272152158
0.2975192054588563
0.2986461084342738
0.2924178464102349
0.27793025002207317
0.2739500984851333
0.2740295392557028
0.27019171366604766
0.25773081668554115
0.25655501730456143
0.2558022695462927
0.2551670402429473
0.2242352211218531
0.23387586230336427
0.2252658318919867
0.20214590636725016
0.19379689531363495
0.19089749024685015
0.18899071824459557
0.1873180092292426
0.1790355797682687
0.1784199257080373
0.17800102857611505
0.17764985530133628
0.16432634376728406
0.1781893689088341
0.17872358334503813
0.17895329681296654
0.1812930223481954
0.16992803508793303
0.17069933412814892
0.1706648728116117
0.1937864220217187
0.17983737657571564
0.19173996065427598
0.18837396003651485
0.18504238056177336
0.18393930398285194
0.1841303543078676
0.18298602591878188
0.16676981108174868
0.16580668106269394
0.16499227884813522
0.16427031494152386
0.1790063985932354
0.17944967853823696
0.1788677879381643
0.17833142063229176
0.18991858522435293
0.23871197285849519
0.19464583538543398
0.19127204863140201
0.21003568528046287
0.21017890000685505
0.21069732472501654
0.21679831876249459
0.20018400353486807
0.19280250527371018
0.19421773285912214
0.19295554236279033
0.19110472853451999
0.19018290944957836
0.19017103359257648
0.18932712330901422
0.1891988478344879
0.18827167429103112
0.19095463915070898
0.1911837652286979
0.1751828401832022
0.1829364744993813
0.18268873058572616
0.18256932915039537
0.19316991685787252
0.17877654794794434
0.1814768677378349
0.1839232695029886
0.2106490696470144
0.19786863820373488
0.21107500391369638
0.21094499540986375
0.21021930264506963
0.20999849432804676
0.209894690305796
0.20996235323010407
0.2374772403277934
0.23966718026459272
0.24166962270249623
0.24294512545676175
0.25674807431546204
0.25693098666376196
0.2670036033664284
0.30922100751254145
0.3281165988599012
0.29764559789770156
0.29191885887170393
0.2908928271657322
0.2985292967402381
0.29687680404392286
0.2947727529430854
0.29432862778042085
0.2816104633355173
0.2801837440574346
0.2823325058433463
0.27968733797678014
0.2685658813904934
0.26565510275452275
0.26365395922704277
0.2652987112907603
0.22803150447416584
0.23790664050193655
0.22538075080562883
0.22926760482068118
0.20775885664649907
0.209448775528381
0.20686556043677365
0.20596269055835664
0.18301933228085893
0.181300238799303
0.1802603003644641
0.18040610434133508
0.16415668311885137
0.1783586780470202
0.1787072257554273
0.17896790778934404
0.18232258534112125
0.1759472527115132
0.17844585169811775
0.1762137788687407
0.1961630099342972
0.18433412891865006
0.1954873464233076
0.191472150033344
0.18814286568510444
0.18710173325473917
0.1862734831979552
0.1863296184502151
0.18329312538591552
0.18206084906159625
0.18085496510701551
0.1796895636996959
0.1808382336020572
0.18034755834930777
0.16995951792033376
0.17056787159515727
0.1917608203208118
0.19254503601906378
0.19277850279388303
0.19296849319501497
0.18924370341067
0.18823870881045543
0.18838905413234078
0.18781218667422056
0.19016498154096115
0.19083753917678403
0.2142654943642737
0.21714064628375002
0.21481526388174857
0.21487249476003473
0.21776180003490858
0.21931555742369555
0.22008336101209827
0.21752666554962083
0.30986046744847817
0.8193537231342132
0.19422468774638568
0.2021243777645345
0.19910567391754258
0.20401354388375637
0.2276355279902638
0.21263674320365336
0.21471965101354326
0.2164868542108477
0.24389140862170197
0.2354643423119763
0.25289320887016037
0.24751463834491647
0.24372474447566148
0.24456011660690796
0.24358698307986754
0.22093732862409177
0.21499230559320281
0.21685791829780218
0.21981149078732837
0.24295949042151668
0.25609722119983186
0.2571870240229833
0.2593845492484578
0.2583510364729567
0.28293293900607897
0.28401534083568425
0.2826402589406084
0.28070663018052194
0.29288625495512544
0.31211038907220184
0.28891411708069087
0.29546800994675576
0.32402333310482534
0.32298960470856714
0.2867952807909408
0.2796941511852086
0.26596888941222796
0.2614824093003662
0.25779348073848835
0.25454890564003574
0.19484951029887979
0.19867309850171594
0.1878221231284306
0.18951985271953814
0.18616330430160555
0.18911828410149478
0.18870198046384462
0.18963859988349702
0.18215764154341965
0.1819866133978455
0.18161261873718443
0.18130713425987147
0.16422883070802258
0.1782603470048553
0.17841170186252975
0.1784680395938558
0.18578004921831395
0.17413897696440175
0.17454018164681992
0.17450790300462116
0.19482799662836603
0.18265860809899379
0.19396147867680502
0.1902329239281882
0.1877302847976015
0.1859810219603311
0.1842831128206896
0.18227544772295173
0.17822749586298467
0.17581540586559485
0.17326760211138229
0.17124352547202024
0.1731004594000353
0.17345215235580744
0.17369455735216283
0.17385758354047495
0.1835180894119989
0.18436739392371174
0.1847010342309817
0.18580480298805252
0.1905806549671449
0.1913433436028554
0.19222785764811878
0.1931768985278067
0.21222942111146656
0.21373088404364385
0.27343677683479234
0.22137370759075953
0.21544741310519291
0.2772549758016278
0.22187790836950752
0.21761749012528836
0.27962859587691286
0.2222985995731785
0.23059750232444656
0.2437118160324274
0.17797978250524357
0.18496284294921747
0.18294907176829414
0.1893038971020559
0.2147580777142629
0.1918181491238365
0.19507798956229797
0.19558647998727852
0.22159255761666993
0.20999405907319776
0.21868130015202017
0.21466451321010638
0.21783254739369484
0.2242310903508468
0.22192473149096914
0.21759670784619248
0.2142404197846687
0.21335811831269172
0.21188706931507909
0.21050683340973927
0.21657107963234845
0.21616617786388273
0.21439635614748528
0.21257463246429134
0.2205140373328588
0.21954201669564477
0.21860429189851296
0.21777129069310683
0.2211112770771209
0.2201113599292721
0.2173542326652231
0.26671518202403605
0.25703386244292686
0.2568681882549329
0.25631312281255625
0.2556433329504757
0.2481426746719088
0.2478552124892226
0.24799988620974217
0.24821824783593582
0.22067195017911712
0.2277163805834433
0.1857495100311701
0.18664055710126923
0.1826632396903428
0.1819334695770255
0.1833166755385788
0.18143388909689864
0.17294636063379074
0.17545728154980372
0.17251981299178842
0.17108661415237036
0.16576213017658267
0.1789604141134806
0.17950178135739567
0.17944109739895256
0.18081088196395448
0.16943223448512054
0.17120102606587734
0.17117211931491513
0.1937021288826939
0.17738571260411076
0.1890962234352743
0.18604500084363668
0.18335331404909577
0.18273627914884438
0.18269765194287368
0.1822237009146518
0.17901713999877694
0.1773786567213604
0.17555107829255956
0.17347670371011745
0.1743894017897092
0.17376467851417102
0.17399016869055936
0.17312292421169026
0.182324847902538
0.18303301129388475
0.18352895058142177
0.18404648890336572
0.18915853879971262
0.19059936394262822
0.20793251485574424
0.2096014124960806
0.21273977258399138
0.21338417775963128
0.21413557249614287
0.21488121644271094
0.21321649150754018
0.2599397435140903
0.22115696644993196
0.21880000471581357
0.28320394676958005
0.22661100167202103
0.20210433898630642
0.20101590346428302
0.1774887608048354
0.18955280776222785
0.182490623930121
0.18703326903940035
0.21156417008199163
0.19550535276702613
0.19621379088188595
0.19724499969061562
0.2231470380794988
0.2117691274514952
0.2273956037403037
0.2276629165752855
0.219639024404559
0.2165543460582032
0.21328424741645555
0.20988313604212397
0.20686072988814463
0.20630096736793474
0.2058736257930255
0.20560768051832584
0.21281094861433492
0.21212532914661913
0.21183520641918782
0.2115774302458254
0.22107930276602994
0.22163088732090316
0.22220089853109454
0.22320942979632108
0.23770415530289238
0.2695647165110658
0.2853083625127344
0.2802069698208127
0.26863364243152577
0.2681790308631415
0.26789998759054234
0.2684802908438103
0.25781060092229635
0.2550942350631026
0.2526311358197357
0.250244160812408
0.22203929265643926
0.23042780693104997
0.2199439467658466
0.22371259515102881
0.18947606370694944
0.19114174465666597
0.18834899689140674
0.1861984145337089
0.177508653811966
0.17688604065878902
0.17648218004570493
0.17614584365198746
0.16414977395614874
0.17861539581053032
0.17898894197981127
0.17891251129974986
0.18186186105127664
0.17040458998051197
0.17099049631006147
0.17118378337407547
0.19261559773571058
0.17800807802647378
0.1894480816183079
0.18613881703417773
0.18290270659267066
0.18031569775170045
0.17809945567423835
0.17593218837371036
0.17285541063632
0.1717101712219182
0.1706045067824056
0.17030187612196643
0.1709877127073814
0.17004853541423295
0.16901421899304064
0.1679630047472959
0.17986312418549244
0.18291489428730007
0.1852672467943746
0.18821842515773096
0.1928643984001534
0.19337418076065493
0.19363377948279448
0.1937039784620771
0.21308892655917916
0.21482820129575786
0.21725562095207887
0.2187872939201118
0.21581672988842648
0.21523248478682214
0.21456199271641502
0.1934331565504595
0.19044675621338536
0.1909761984305753
0.1927860015832342
0.19351980598344393
0.17838471133092532
0.25852004973341525
0.25602093988623487
0.26609255876740623
0.28450302782023085
0.22957602970928043
0.2263360107059641
0.22621548788435566
0.2609352602651567
0.24511626119667382
0.2555148774972367
0.2537353483780036
0.2509025668976907
0.25075040764864265
0.25096413756008157
0.25146994030888487
0.25422500023359335
0.25479034700951125
0.25795798503486234
0.24857230133119435
0.25915565724171596
0.25841031959692784
0.22433560276643486
0.22196840804912565
0.22743094928088395
0.27585636447105927
0.2784339952935458
0.22760626325005334
0.23010684230074255
0.23447327594100564
0.22605301991361101
0.22300026269571346
0.21952437658920881
0.2136922549828527
0.21188913021327674
0.2091738148949097
0.20720045855869804
0.2023322476697093
0.1985458213400909
0.19539403982584033
0.18720473298632984
0.18418182146732429
0.2227199191740721
0.20708490306721083
0.19732583504409773
0.19563969221616
0.24296708404710424
0.1878294993545509
0.1747261900015779
0.1734965023588259
0.17331199339400635
0.17337751023133255
0.1655340856771126
0.18010570969655426
0.1807059262557879
0.1814330357679261
0.17576548332711164
0.16169551242016791
0.1616061034835367
0.1620047248040558
0.1904427028828911
0.17280118772172134
0.18466008986820479
0.18235282010274767
0.1792121147049738
0.17819234868181275
0.17728342108156234
0.1764408224040005
0.17312980612626377
0.17232442757238098
0.17025607426558137
0.16818933194522925
0.16862268549342432
0.16739013680460776
0.16604374919792078
0.16466168537727652
0.1852225771009352
0.230020121137954
0.24389417663747434
0.24144847115718623
0.2222254242591496
0.2205489740456541
0.29533393345629216
0.2959156071214122
0.2815229490951387
0.2558881514751355
0.27904801086012426
0.2842145970566512
0.24261388638748188
0.23368865826132645
0.2307154419277723
0.2268720590829322
0.22387488434271155
0.2240117972674589
0.22651901116041753
0.24715274177063903
0.20142881090043657
0.25620443572371976
0.2540190712721415
0.21414024788938088
0.2708276482757523
0.24898960016690716
0.2247650706106641
0.22350089126926942
0.25544658989648333
0.24347847544500018
0.25443906545720485
0.2515825259457942
0.2526370680574514
0.24843501288128556
0.2479490313210212
0.2518953460671589
0.2514749994261188
0.24983630200876258
0.25162069697700623
0.2511577420256309
0.2601994041804094
0.25904223951969774
0.25775890890465436
0.25556408340294734
0.27693679500724744
0.28242861189966795
0.278483989830889
0.2781785011439503
0.28708874023259856
0.2866113558543972
0.2889922318334908
0.28542476638006026
0.2749656749830872
0.2735573076855651
0.26604701272545483
0.2616357358687482
0.2521608916733428
0.25197567764273016
0.25479147094384047
0.2529423559363307
0.22162142417094946
0.22798647016214565
0.21531102588038922
0.2173541278325131
0.19830991486147853
0.20022540983223974
0.20133814709320938
0.20340706936820457
0.17913947656446544
0.18113310523899367
0.17923743254047966
0.17926318611145883
0.16458886334809866
0.17871427653526054
0.17892684454796012
0.17887930793912188
0.18258728763909737
0.17133205536295523
0.1719194875676932
0.17190093172111953
0.19285106058458887
0.17904402533978628
0.19079561448390103
0.18719521727837765
0.18374750880851964
0.18252300504192054
0.1923640278651158
0.23589003365762343
0.21888247014509662
0.1762805248478752
0.16866001269015646
0.16316367384095595
0.16679776463952095
0.16595328175766166
0.16522693149826875
0.16462292750067983
0.18705133175181154
0.18974224309616716
0.19137953134476812
0.19303302448321955
0.21264315362145042
0.21430673362441163
0.2852244125952446
0.2225973167940483
0.22442154760269312
0.22592194454141185
0.22092746045016814
0.22078866515352777
0.2190758160996123
0.22277731221802258
0.21994965370519398
0.22015606711483962
0.21922868093850922
0.22020463543698957
0.2213770685364303
0.2227300513853391
0.19498660872093784
0.2090520964244945
0.20837927614855462
0.21422931193614791
0.23790010401762834
0.21718560251298447
0.21585734004342153
0.22083239830538987
0.24432574989047157
0.23495033396516501
0.2534110466945782
0.24626018764309623
0.24389239967933157
0.24484127621900686
0.256417746538726
0.2907349597446178
0.26247469898587106
0.2612062867998815
0.25936448419772956
0.2700405359434089
0.31151345910453954
0.28397980392970723
0.27689113625323464
0.275800990609807
0.2967684256542695
0.29442618624083955
0.29255840788165316
0.29249085752580517
0.29867025493383126
0.296688291928732
0.29649441913274194
0.29249352220607905
0.27902721538645137
0.2759179976949406
0.272704556918167
0.27272265740227936
0.26092746917811394
0.25643806868742514
0.25407261143347654
0.2576250383765558
0.2246429440438046
0.25794309346350147
0.22130747632597797
0.22239179188241398
0.20288879875662774
0.20328601656776038
0.20396647642775032
0.20465370600221688
0.18449662972583886
0.18230352683580497
0.1803915827598325
0.17923566932414503
0.16439724543321974
0.17846414769144794
0.17864669538309616
0.17873275960420715
0.18317229274816735
0.1703323701276597
0.16931984665247266
0.16776440812828078
0.19056421012913
0.1742792108755938
0.18467734502713765
0.18041175062293427
0.17688631953804426
0.17452248579260463
0.1724836888343803
0.17057032569266564
0.1687610700518728
0.16892542635130095
0.1691599636796824
0.16997179250574546
0.17116059933304303
0.17053940477549004
0.1697897652058585
0.1690147783114182
0.17912439019275453
0.18062269869218933
0.181731346994041
0.18366562952918755
0.20027535107412422
0.23541562124593587
0.2193293632014826
0.2181524454130365
0.22018627957751422
0.22039114326524012
0.22166404451434213
0.2225417838792366
0.22067083763091935
0.22148197409439255
0.2224504000563252
0.22344882152939524
0.22155797605607291
0.22207670533527735
0.2237402094161086
0.2244829169340226
0.19801168069878403
0.2133566831194436
0.21514396960700846
0.21911712130701116
0.2376171313683153
0.2214195849034754
0.22277484456615396
0.22562343825834777
0.25230291718999637
0.24550976487790882
0.254928503846427
0.25423436305287866
0.2546865848202434
0.25471580502274943
0.2561836670007649
0.2578983342742648
0.262134893866444
0.26274869946632234
0.2641821752797725
0.263834512762308
0.2773433753031564
0.2775410685358033
0.2770812021906112
0.2763204781215901
0.29719609019013166
0.2971592696430163
0.30673060626017595
0.333116382812318
0.34011180671690383
0.3401399944854937
0.34029197169905107
0.32780398334260125
0.31080290536342836
0.3057733777322014
0.30237021453904855
0.2939133044204154
0.2842167972943404
0.27783206449828773
0.2749396781812831
0.27346724031010083
0.23455917730745934
0.2459518664944969
0.23440067324777092
0.23707615229365103
0.21864433094326072
0.21727366206385104
0.21631288690807046
0.2173428629253332
0.19401738261770293
0.1946897019738137
0.19270816765299345
0.19196399652683283
0.159333989186844
0.17245372240376083
0.1727676746620466
0.17304163741689643
0.18087136699121484
0.16907614168720092
0.16947630658118934
0.16930846171729802
0.1873114048361487
0.18890191039020165
0.19872233664152353
0.19518330271493797
0.19134698171565137
0.18988462199295103
0.18865457528865595
0.18760017006387525
0.1703984691582646
0.16825293915169723
0.16630951771478733
0.16846526187764724
0.18392851358681023
0.18010277092313148
0.17817851676986868
0.17561458654182627
0.18499077001133085
0.18616383775894352
0.1872193074435328
0.1883637505566362
0.1941473161562564
0.1956352520705916
0.19762695153587165
0.2008882564998917
0.2022306981410471
0.20320374054966284
0.20785417029886769
0.21522175386780093
0.20798261574994747
0.20817748325757018
0.20929081489481663
0.21074163808889565
0.21080079326969947
0.21371257902995905
0.21593455528764777
0.21869706545639095
0.19168383727741276
0.2117145394327301
0.21221644062919595
0.21525991632708036
0.2221741958738315
0.2063635111650824
0.21903265060261556
0.2640847910449563
0.3046540888705099
0.2851545231044376
0.27275964866156627
0.27088788396208424
0.2689604271684908
0.2691221164168409
0.2704875128174398
0.27268711906869547
0.27710521315158604
0.2784451343610666
0.278948912953013
0.2801945102069319
0.29121455781463573
0.2880967650818639
0.2842593420094561
0.2800882287394259
0.3005298414294459
0.30349702438544535
0.30096574878505045
0.30000439719060973
0.30998019792479725
0.31368078234486174
0.30706383070857457
0.30644452286446244
0.2917022584170887
0.2884568871761962
0.28815819608353077
0.28194806668723976
0.27264151015829463
0.271086833057081
0.2682966061487309
0.26732840539766645
0.23199561246201794
0.24768438455116804
0.2356141821452328
0.23926072370719484
0.2200836089670819
0.22005274887266232
0.22012377333194455
0.2200937492674961
0.19846542655951493
0.1978252993654971
0.1960753735733879
0.1949007136108073
0.1733602673335
0.18484332311886853
0.183900242599204
0.18330203679325216
0.1980464993837305
0.1859717776448995
0.1853971702395353
0.1847020823850416
0.20511332214052755
0.19327566540358052
0.20354181916970826
0.1979088671145144
0.194105030782284
0.19281761023268484
0.19181089094049106
0.19098854159311834
0.1826430446684518
0.18057530486022363
0.1794132741872607
0.17813007897269734
0.1787503051992101
0.18309395496720296
0.1829126035445289
0.18240084918550747
0.19153795717970215
0.19248352216048403
0.1942475396507376
0.19509382935432354
0.23254390722900423
0.2025532705001923
0.21541652908739736
0.21508679535590775
0.24283007035616755
0.21976709211495632
0.2576841968361832
0.2210794642320136
0.21502197948675114
0.26175732698267656
0.22000287390016512
0.21724503290622016
0.22703917145970823
0.1985054593073471
0.1971527013916761
0.19806503225677338
0.17708283630119162
0.18602740801489331
0.18362194564121415
0.18874298909332088
0.20700390770663724
0.19319354818216894
0.19628494116628986
0.20269915659745472
0.23343592032600932
0.22382883430153885
0.24015527083629662
0.2336335137798033
0.23377017858242596
0.23665236826607475
0.24056710795422456
0.2453498822497025
0.24512054815816903
0.24621287273506637
0.27555681129763615
0.2782753615831314
0.29243970366252603
0.2927406587988968
0.29230605378440794
0.29227281544203493
0.31245501476827886
0.31183290002817804
0.31079933789769254
0.30952185705919566
0.31498671052091926
0.3116184528945557
0.3078991530231654
0.3041807373013237
0.29152418572941424
0.2971698075666894
0.2919750241043569
0.287360790518212
0.27555981869426704
0.27374105614090244
0.2700878204594441
0.26468317087635557
0.22960631389774225
0.23941405944047522
0.22837053331284032
0.23095973565222694
0.21114822150028814
0.21127706475513344
0.30267805006496995
0.904619194430975
0.8848596510388805
0.7931604300681417
0.19391226759917682
0.1903229990763993
0.1679927491364257
0.17689539156986162
0.1774129885652487
0.1775181921723852
0.1861963786203468
0.17480047213248054
0.17538156996410637
0.17563601003847337
0.19800148154035704
0.18662285945745785
0.19632904407536225
0.19240936754173638
0.1889348830654743
0.18871051115549722
0.18752025275567527
0.18672873345857297
0.18407561287214574
0.18323997863462968
0.18243816111270983
0.18165727970542617
0.1831495419098266
0.1824635060167956
0.1817115254568073
0.18096574947288857
0.18981015330445006
0.19036616392842085
0.1908055607501373
0.1912961085718395
0.19746037412596942
0.19811682108824527
0.19878686743649954
0.19927376445672737
0.2004454231170354
0.19966415316726732
0.1991922048545748
0.19952071210623418
0.19477807563232072
0.19561080839019487
0.19686301401506254
0.1982513161555973
0.19419928884817972
0.1921391589435101
0.1897568363814829
0.18806585688154268
0.1733513974681708
0.1835505525701098
0.18341677493291608
0.18285660885611715
0.19516967806384977
0.18220223091569915
0.18652781113871694
0.1897416475240909
0.21157662700661184
0.2023340963852368
0.21385266697526853
0.21156468281582325
0.21363849036973942
0.21605875492375146
0.21938948283837315
0.22170260679065262
0.2206890407109473
0.22145833992511949
0.25022177457156364
0.25237497558373717
0.2667747008827723
0.2683718069564934
0.26808265249863134
0.2680720357202776
0.2892885178684813
0.28941489203969745
0.2890372004581
0.2884323208473415
0.29617244184379216
0.2949348410656766
0.3838806158926582
0.8892752039787869
0.2804623464635374
0.277752302226535
0.27487806714876867
0.271335519675844
0.2637845306747242
0.26717006073550015
0.26351435025507886
0.26317845536714307
0.2293499619489614
0.24468346640237898
0.23210493691356607
0.22967684376052258
0.21389076352542655
0.21265431807572743
0.21548070928054705
0.2155229128142672
0.19318665068742466
0.19025871058048757
0.18870482809029882
0.1867641753903303
0.16359557243036216
0.17736423834112927
0.17767533159255058
0.1785725855620031
0.18196552146043388
0.169584823172996
0.16939599913425657
0.16880885258452352
0.19626806497337765
0.18620019404497495
0.19248775643909788
0.1866059888083853
0.18276304839375318
0.18203158928506827
0.18103439558406262
0.1801311451948834
0.17634021802566177
0.17422098526297616
0.17209545227054687
0.1699905427281417
0.17095729048004688
0.17140478887619576
0.17067033783342012
0.1701431125480445
0.17822909640932488
0.17775692083467065
0.17697848262203272
0.17615102413966338
0.18298183153807307
0.18524545363312162
0.18754164741213541
0.18970335788452464
0.21013030724961165
0.21294487671088072
0.2154541913390662
0.21790322402547574
0.218604032793126
0.22072287442026417
0.2231202116667228
0.22552619667041474
0.22513471091931653
0.22699362754933222
0.2288589253972302
0.23145665310644026
0.18582839826347164
0.20289346823628288
0.20475707490294906
0.23153960854299485
0.24882010090133236
0.2313392798595789
0.2345998286368029
0.2387346299769569
0.3599748676282766
0.8687460542411841
0.2746199005887106
0.268699715875486
0.2663481648519804
0.2669456641800692
0.268537980989735
0.26857003440416705
0.2702281381681803
0.26836762902666345
0.2766364057754161
0.30418623030083014
0.3152168549828687
0.31522867462278825
0.30209699211545277
0.2905610214947238
0.3156502256123141
0.3120230561348602
0.31159351163751275
0.30989859761331656
0.31591006438756186
0.31478262465296397
0.31336237173639675
0.3082129006852973
0.29271906822806715
0.288215887879949
0.2832848956585963
0.2780134044244248
0.26705420651783335
0.2642211363235996
0.26333750211163276
0.26103631815049194
0.22982495670831468
0.24084814885755695
0.22657306593052084
0.23125192461172112
0.21195485317937054
0.2089985254980076
0.20879707688744314
0.20589000640554522
0.18391573309249012
0.18259413905789834
0.18399703881935586
0.18185923041547528
0.1592939139153026
0.18490639139493872
0.1735545568915151
0.17432412849220966
0.17040346555054972
0.15844581595679855
0.16933077588981643
0.1695363228196111
0.19164787879739656
0.17784974543970425
0.18818005170394939
0.18364339408410837
0.17971313698061905
0.1780790725483925
0.17666646908496225
0.17714724028784345
0.17351947758107286
0.17620061678132867
0.17403272947012652
0.17217232039420868
0.17368583044167812
0.17386588471673797
0.17399586298645367
0.17411887037430207
0.1834500448816595
0.18432140306694472
0.18561925770783125
0.1864381076584882
0.19046820150791424
0.190118385897379
0.18968766749143917
0.18920185502958445
0.19114425818823785
0.1912996762913474
0.1925125210029325
0.19260492358716844
0.18721183421991675
0.18734531485412412
0.188028450533846
0.18893258314781539
0.18735666696195238
0.18875783320101125
0.18949382922336752
0.19032023731445713
0.17303225107399714
0.18374459673050994
0.1836460887726735
0.18309838905839557
0.1953863088938823
0.18187634476466208
0.18381776586581636
0.18538091623333203
0.20782106745579668
0.197880360382115
0.20916817385607325
0.20671646793074272
0.20741616395756396
0.20802765101766765
0.20874139865088123
0.20965859017273256
0.20686266763892505
0.21114536226111302
0.21068914322808133
0.21017604768173428
0.21929902069598975
0.22040080336974505
0.22103359421474375
0.22140889048517057
0.2303587938219458
0.23036455376351467
0.23013490562806382
0.23034550405890386
0.2343795875462952
0.23313733610493084
0.2313863713004109
0.22951316840073133
0.2631924688100643
0.2617791221505428
0.25946811478005094
0.2576418764413426
0.2486581289276523
0.2488656854094055
0.24917894556140774
0.24950229139087715
0.22139854627142672
0.19884709717029903
0.18568111320142874
0.1873727239596834
0.1829177610682437
0.18295970808129583
0.18306181560552814
0.18654946274292078
0.18485634638630316
0.18036222692760517
0.181296889926292
0.17860986749825222
0.164962306604124
0.17874799883495837
0.17875296367034957
0.17919674678906874
0.17941498552693022
0.16609251883960993
0.16602344955560688
0.16533002715331935
0.1906387197792416
0.1715355029919267
0.184007980210287
0.1804164407251946
0.17611698088165006
0.1737953472827018
0.17146806144578974
0.16912402720251993
0.16930978966697374
0.17208059758028899
0.173910190499434
0.17554830877220484
0.17712243121650129
0.17686045791198948
0.17645165654509481
0.17602285528624517
0.18736700302781842
0.1888967009329383
0.19922330376084102
0.23279568409930385
0.21738418662482745
0.21542606771516176
0.21565971863495179
0.21637618065812772
0.22040456593271116
0.1989874168490598
0.19867680612863375
0.19929872315823421
0.19851464264897406
0.19862130760373817
0.19909823381679662
0.19977141565331907
0.19920245949301624
0.19958197418264753
0.20212379724768542
0.2015966887535539
0.17838767509045536
0.18813229513376334
0.18856758398360138
0.1958480333113017
0.2140857411858081
0.22238241474236958
0.2264357216998022
0.22955537686413344
0.2576300496570255
0.2594826943104211
0.2620207135489098
0.2637383089983099
0.260413319441332
0.25882561366317175
0.2570831050969619
0.2553729759519469
0.258459208097952
0.258627813143331
0.258425687011659
0.2591244199970067
0.27254013565555396
0.2724041586218987
0.2747050631263746
0.27365577192464713
0.2912366615230035
0.289589123152694
0.2882163256902618
0.2899974482874544
0.29440807265910673
0.29066375724811877
0.29019755684615356
0.2873524788955633
0.27038496365350095
0.2669395337828031
0.2645433577545067
0.26277041682433167
0.2506384351611821
0.2488757346680271
0.24908054070089564
0.2469074531249519
0.221238093461486
0.2262016411838823
0.21803504632568046
0.22138939893491333
0.20137788074975085
0.2008707190128508
0.20055650014104218
0.20024973784820513
0.18133498059078518
0.17980202728323724
0.17709838569295433
0.18002955004751703
0.16436851860409796
0.17894675829085468
0.17933150623097138
0.17942130408236576
0.18038956544972182
0.16753741341535236
0.16731072817608453
0.1664011897041007
0.18984878401413133
0.17321910953277828
0.18470402238799025
0.18068935123001828
0.17771115674454716
0.17705256041138606
0.17661833625868004
0.17634574825958632
0.17424164077920531
0.17400367241949521
0.17489062724117252
0.17449696562376246
0.1759586123381064
0.17576437608132217
0.17548240854312108
0.17519208717394005
0.19527998629529222
0.23970235940654847
0.2425413984722113
0.20335406568570316
0.21738933363142074
0.2170146592572865
0.21744636995361327
0.21829101633336775
0.22182167488893362
0.2245258940445978
0.22572712656567787
0.22710128081109174
0.226376772450296
0.22820685085480513
0.23035069656734844
0.23308330220130236
0.23335944854138024
0.2373272421001097
0.2411421912809504
0.2400121069016559
0.2051990892341107
0.22474340602462384
0.22901992659400452
0.23437173963663616
0.25240846676531903
0.24119187724054983
0.24077242289134884
0.24418100534198045
0.2760495839977703
0.28214530889867606
0.28597634445673714
0.28394574320291927
0.28501162755513854
0.288553278017851
0.29425776441495527
0.30007448476638265
0.30189362786696156
0.3042634064998312
0.3062769606777264
0.3012939293768724
0.3156059110462368
0.3130914668602783
0.3109182529280784
0.30938579136465355
0.2821037317207752
0.2807765922754796
0.2794880226871729
0.27354447966060447
0.27066947785220175
0.2621151388388729
0.25728691358208666
0.2534888000771681
0.2381796700979354
0.23267053865175372
0.22797326929221085
0.22309527898635165
0.21560471058441136
0.21076592030160798
0.20588842382960856
0.20175500198284987
0.2553148070284341
0.3153199122518514
0.2484949199891507
0.22463676172661382
0.22034257936918264
0.18988206499757612
0.18601829230057562
0.18394214773493894
0.17596297478378423
0.17566215521378198
0.17559527073943093
0.17560843520184571
0.16445547500338076
0.17836818724046918
0.17852087487336651
0.1785996031333712
0.18293516782576835
0.17082829315189146
0.17268695762107414
0.17141667606720923
0.19288909244993813
0.1800141516191812
0.1906124841145089
0.18654884162735325
0.1823253624503826
0.1803145673776794
0.17849761210434087
0.17771767031196656
0.17498183926503674
0.17434507647082723
0.17378676664251066
0.1732792657693806
0.17454479816834373
0.1742112707898957
0.17441021923940542
0.1740856365160705
0.1829697914256726
0.18329058778528862
0.1834965121783974
0.18364560210027503
0.1900664757675731
0.19237263161462584
0.2122000048222359
0.2625580472082668
0.2256592125292752
0.22436756699210325
0.2877737988191007
0.23645568514295218
0.20847234273501444
0.20594710919138495
0.20499279303658172
0.22491957799674545
0.22480461487280334
0.2274312710544471
0.22884924957573213
0.23062909671049453
0.20921742102132468
0.2802811046584306
0.27259974162159417
0.24304422663194789
0.2597524619316061
0.23831872106377536
0.24373723270066255
0.24172416709107034
0.36658410432779703
0.9604383079825572
0.9714554274136717
0.8810532959009034
0.2836607790072928
0.28279922054810985
0.28017812233522954
0.28363992923818326
0.2825684306415514
0.2803290377106015
0.27837915076747094
0.27674230960568896
0.28995174284728703
0.29075090204661047
0.3145821383702206
0.2686224914418021
0.3335263817786805
0.3172465530329442
0.3090507790533424
0.3098657241141134
0.3172491607437611
0.3182327466395464
0.31505953076669063
0.3116763376686925
0.29745232185987075
0.29893960607701137
0.2986901011495091
0.2927425266212977
0.28146461785555615
0.2792069261080578
0.2769393541615953
0.2746075500413808
0.23567380461011894
0.24972304582899327
0.23883308458496127
0.2418752740013229
0.22337028961210473
0.22416357140352935
0.21001335536605162
0.21308664213939407
0.20326189777626047
0.2003876069985766
0.20001539488220044
0.19922258242082108
0.1812259502629959
0.19274441155439995
0.19159233258766042
0.19071413794550734
0.20283600956707395
0.18988717882752223
0.1905166751303507
0.1897915702227148
0.21130216931299703
0.198967437836582
0.2076598076932561
0.2027380792636656
0.19872322922943303
0.19769492079930184
0.19645687456052774
0.19532174185246443
0.19278301748138743
0.19214272902018242
0.1916025687016522
0.19114385747207305
0.19210755581089609
0.19238607597134263
0.19149902503123153
0.19081993785333293
0.19882847032107195
0.19843314499016657
0.1978461970483936
0.19723232512655722
0.2034410273652976
0.20520971436623625
0.2072168875358668
0.2095390040036285
0.2301042358354277
0.23328146999465166
0.23557182819308486
0.23746420022768439
0.2374407732041548
0.23914187588165525
0.22115010588209907
0.22226599523079568
0.22247924836927144
0.22534706295347295
0.22813608175140504
0.231037918702771
0.20729351167538806
0.23289450558202415
0.2328830618952733
0.241903767658662
0.23839488495472894
0.219273214816105
0.2252795894529327
0.22534555536178077
0.25642416942459834
0.2523942086393445
0.253468434310701
0.25297346077622423
0.2522781999424885
0.25172288460073994
0.2514683601637836
0.25141023440344995
0.24990653844965707
0.24985318835433465
0.2502471084343313
0.25194245801772763
0.25718105287300397
0.25539820390555895
0.25325008031696616
0.2514076119999099
0.2589192696131437
0.2575249599220752
0.2565925152486947
0.25476613830845096
0.25542911627508386
0.25122780446043663
0.247115766589189
0.2486250851686818
0.24212946499102825
0.239627300725729
0.27907964756171066
0.2780946000778041
0.26987058388065843
0.27007810456170306
0.2702457402349528
0.2703845506129625
0.23350177011387513
0.24662915763540375
0.23538052244427568
0.2070655095377958
0.20164138813219012
0.20131064245651736
0.2011853740372849
0.20110555197474614
0.192921956463411
0.1945820892502759
0.1952996842026464
0.194810134984632
0.17219387505197983
0.1809698864698074
0.17971823217121358
0.1785780811270748
0.1952841606193218
0.18223783616117686
0.18178844412329553
0.1807922632271278
0.20479203678664945
0.1953153526610675
0.20770748415655807
0.20502412219721589
0.2008266832106993
0.19870995069143974
0.19671194043685428
0.19479635813349813
0.1919884043942749
0.19162617519236333
0.19102371376037713
0.1903467602084924
0.19178790017395403
0.191682918188962
0.19151332509992353
0.19135241789117288
0.20019125625936043
0.2014005819934839
0.20150621417946762
0.20188598276642364
0.20144842245527422
0.20139852991793958
0.20190596304593025
0.20276390444687645
0.20692723194909363
0.20910019156768728
0.21079408938034422
0.21230975156908155
0.21165159680032494
0.23158385622127972
0.21311043795074006
0.21251364334729247
0.2129538353958746
0.21528769650245688
0.2173527614047991
0.21929018989110494
0.19184674151450684
0.21100236052720478
0.21133789066723285
0.21397473067327735
0.22239471884236706
0.20542535319310548
0.23102974285024513
0.23347623869538778
0.2649555459341798
0.26535419180393943
0.2668411857826782
0.23939098269801673
0.23822881934546336
0.23839167370034314
0.23966494776211741
0.24191122133413448
0.23993450068555322
0.23986853232608474
0.24021039576063452
0.27018620691815043
0.2839432623316505
0.28353805254418146
0.2850997156201216
0.28386935715352385
0.3004312379679629
0.29865197550878125
0.29751321910428447
0.29710060566745594
0.30313508022843
0.29992269146223066
0.2960231495356111
0.29174366474845936
0.27879300851605343
0.27634538966182687
0.2805439943551554
0.27616673517510676
0.26643241086310027
0.26628622686918046
0.2689393182089531
0.267867992385224
0.23283927037564023
0.24824092900478778
0.23850194547671097
0.23743250289684759
0.21732609236670308
0.21675958215818567
0.21804878682251722
0.21778418909530417
0.19509796715763386
0.19718106047278716
0.1958237507532396
0.19225891649864865
0.17240198539530716
0.18145913311484668
0.18179265527562335
0.18186532653177281
0.1971128347895876
0.18465878139225636
0.18473540295225033
0.18447331649228588
0.20835110048109592
0.19379330983076953
0.20231116230007917
0.19682213708033183
0.19262633233944484
0.19088875894728022
0.18943043568432086
0.188858477994034
0.18649994332694814
0.18603205933772687
0.18560172145911658
0.18519087336368684
0.18601737414320982
0.18519142279417306
0.18426469442592006
0.18435866929536643
0.19263558099343933
0.19263757375420415
0.19238111519456896
0.19207380732911136
0.19662103355832705
0.19687786184766598
0.22481852287787019
0.29453555745940435
0.24291318411251056
0.21702708393650152
0.23895038900179644
0.28355225891831665
0.2881202677937784
0.28587310271177396
0.25200631460651624
0.2487942911778978
0.2436161790970702
0.24065207443956999
0.2381618995202986
0.2359187978646044
0.20033521605628624
0.21434132084334842
0.22426513669192075
0.2639589423008326
0.2512089648899555
0.2328749762454943
0.2345140468294135
0.23653822977852398
0.27410474926676637
0.2631015842177864
0.2704133305290308
0.26573458648807174
0.26194087938041255
0.23673277444253324
0.23813540793563956
0.2388129400867723
0.23432639614342696
0.22975069278435975
0.2272490007283554
0.2256779864868735
0.2329979642883398
0.23081103056948718
0.22857393585120783
0.22696494556268215
0.2366832579967523
0.23747589055799145
0.23734587617786568
0.23599760846901918
0.24103364706937197
0.2314873938827381
0.22661068909820714
0.22241571165309473
0.21550091085235967
0.26030395451315913
0.26080015283387015
0.26005786713601303
0.2517369747624318
0.2519570006361682
0.25214038036666503
0.2522903201545888
0.22424287589313582
0.23398473959713162
0.2947065848368582
0.2529749810504642
0.21220769929502636
0.2080550198346088
0.2558234704920796
0.2107412082666227
0.1860865312900218
0.2522406164153885
0.1947680304630935
0.18842083617738167
0.2342442619112796
0.1778160759173441
0.1721919751620305
0.25332550539734666
0.1849895868925086
0.17603382426372682
0.17345090869151694
0.17152978976341954
0.19561418259089375
0.18392107070078306
0.19805616833033166
0.19525671721456908
0.19138975374535103
0.18964080230187166
0.18806210662538822
0.1866314537821707
0.1848158446818186
0.18553104671325893
0.18596183305629096
0.18632729883083496
0.18741761154860961
0.1866867521998388
0.18582896392812365
0.18493347499983745
0.1978401479208914
0.27623297807657426
0.20889452284303248
0.2043388271942052
0.2220716032484478
0.22249500769464028
0.22257048720263964
0.22255139284467948
0.2242128645457835
0.22368833687958986
0.2240684810994679
0.2234732327176301
0.22147584294908695
0.2224550914269106
0.22368319670176107
0.22498868001972316
0.2265033978314488
0.23152797746481996
0.22531152961469034
0.2250210169616758
0.1949227816029414
0.20284887297419976
0.20007521900876177
0.2040376411298736
0.23396430054951886
0.2197048208325638
0.22237102839127024
0.2223683175896683
0.2498706153826269
0.24088376252529
0.2528579931519103
0.25453158134740456
0.25127379700993296
0.2484875353689578
0.25940077211621193
0.29332532714595666
0.2651558102032704
0.2616272241201597
0.262275934342031
0.26362982013125513
0.2770821523089699
0.2771362400669074
0.27625663770964504
0.27815899070426114
0.29678073327728466
0.2955260473361908
0.29432978770699586
0.29303384856023434
0.2999198190857131
0.2983858100892893
0.2951721400748221
0.2921288996059071
0.28072827682895735
0.2815330812523173
0.28127392997478623
0.27910067262763455
0.27119935373287807
0.2705322229749085
0.26883426747562944
0.267866424494895
0.23254153728387983
0.24483367909561005
0.23353957703192488
0.2375640838880954
0.2190346775334468
0.21991792756100942
0.20583724640743561
0.2070821758739944
0.19721820071085236
0.19701435986546806
0.1965060337226195
0.19611445992094853
0.1797985451617639
0.19196452092315353
0.19138681346270545
0.19107596443901412
0.20103673936496425
0.18904283816833042
0.18885020508184894
0.1885781376089394
0.2098595752712441
0.19882062706782053
0.2093327880214707
0.20561010002645644
0.20249029443923589
0.20127748097306186
0.20016287549616402
0.1991860550821273
0.19630601284369867
0.19527256829744086
0.19431602211441368
0.19342992210882495
0.19542548865544984
0.19477871239287106
0.20513269570847026
0.24916970481394518
0.2611581572178099
0.22267884189417175
0.21762708775509357
0.21631196025274232
0.23361199949392403
0.2332936047466141
0.23279243623992432
0.23231471966728925
0.2338676876059
0.23339145887698365
0.23309052554501267
0.23378229584578927
0.23224030396834497
0.23371003307207214
0.2353038650752037
0.23694491759738764
0.21405912460294918
0.21229516457351358
0.21197127019619932
0.21487810685066497
0.1823957162956289
0.22232550069899354
0.22207506805652422
0.23024152920015642
0.24752828887830253
0.23647628030523501
0.23634251217979832
0.23504114115588112
0.26747489005103753
0.2616734795130248
0.3673889705967241
0.8746379703066691
0.2749587390823495
0.27450622497196525
0.2747728348887316
0.2755302940842227
0.27864767587321215
0.2791300646710689
0.2784094961151518
0.278275167480802
0.29075077954141343
0.2892809405142579
0.2874455867959915
0.2859705623549368
0.30659305438334156
0.3059985666053939
0.30490992993740806
0.30545451993634626
0.3111374970640583
0.31905226429507894
0.34001133129695255
0.3401944665243741
0.3100157817142447
0.2990932111876544
0.29721433914244555
0.2936891775904215
0.28368999928809746
0.27986467233975415
0.2781728776954297
0.27689050071224597
0.20776386586362167
0.2085704765398056
0.20595650773010932
0.20841480227958428
0.20382603588453474
0.20357589418174615
0.2033371931925754
0.20308822060735113
0.19715968615353047
0.19443620345769133
0.19507287631164671
0.19255632301155762
0.17630895307561648
0.18840156140205172
0.1877225635028608
0.18728965367142944
0.19758944541343149
0.18486253008283354
0.18494418565759077
0.18472403570199902
0.20883593398608336
0.19761419441295544
0.20847547640538197
0.20493375681153084
0.20157469287698526
0.2005236764949474
0.19967989088566773
0.19944246509268568
0.1962378534402465
0.1943951400832548
0.1925033084244838
0.1905892193000287
0.19131003152732293
0.19048304361149965
0.18961398212818137
0.18962398656046972
0.1982743182928381
0.1984320887746933
0.19838899363115986
0.1984074726443757
0.20346163488076738
0.20441102892994886
0.22274761223899361
0.27858009405606454
0.23322445113130244
0.2313462828125767
0.23338511826151587
0.23488965620776314
0.23331145440254564
0.23450000632725215
0.23577166045731873
0.2372742872450267
0.2369976588746429
0.2391275848729555
0.24209002041597266
0.24429015441573085
0.2138222818484058
0.2368678292237574
0.23800172733142738
0.24127511276103253
0.25312255057181576
0.2373327087425469
0.24023636372750298
0.2435153280575979
0.2746871588675065
0.2683734537203667
0.2760372932829395
0.2747284920304546
0.28349461143488575
0.302389813257695
0.30283557934989597
0.3031987892633983
0.306320735175704
0.30416746482904133
0.30359874514041996
0.3014607617768817
0.3102571628256027
0.30955948298686603
0.30564635027053466
0.3035690327130979
0.32116655840886965
0.3189661089734213
0.31809484484462147
0.3152272489413781
0.31990198367962974
0.3187291721643763
0.3154039746178113
0.3114173739540258
0.2974906981936601
0.29551352799434244
0.2905321809077464
0.2872869363223256
0.278333490895421
0.2749950667223758
0.2747508441750808
0.2720063684682256
0.23226971786978387
0.31346591837250987
0.24708572362468748
0.20739503271173468
0.24357134090090313
0.2034790800294561
0.19935906468975453
0.19802725491571707
0.1893151993793468
0.18822534157437054
0.1873334382142517
0.18650182646690275
0.16633623622307628
0.1780421738378453
0.1781014423247298
0.17755612858516007
0.1922640892736452
0.17945080421057075
0.17895647907581627
0.17812507777489311
0.20167983622471322
0.19046637392573668
0.20213754922007263
0.19822185516690294
0.19422522214394292
0.19247204123235548
0.19092642619143665
0.18953058301966272
0.18702413533685563
0.18714266681820338
0.18646377384402318
0.1858503647698153
0.18719416237027417
0.18693132028509496
0.1866042503286855
0.18629021752196873
0.19561388020412163
0.19688876744179087
0.1971154549105748
0.1976119134039897
0.2032117013799758
0.20446555661676452
0.2052979313690449
0.20581871083200878
0.2085034366605238
0.20834961591826726
0.20875325330825556
0.20927276942205492
0.21980615670183096
0.26376283838543335
0.2868635917012228
0.28492370243231124
0.2479747484881278
0.2421874527710549
0.24310693698743682
0.24368639978105341
0.2089188698047438
0.2286954502833965
0.23003892837852252
0.2333870427772176
0.2527829639069751
0.23849644055147576
0.24146688834907196
0.24447247918476225
0.2771432170189872
0.2807609406044032
0.2798202634387428
0.2801579853740422
0.2786559608735191
0.3032294469884187
0.2564230988391388
0.25792555351527685
0.250831626787385
0.2485904763927701
0.24466733183952377
0.23832997454158597
0.2435900455473197
0.23934680551338178
0.27182794908765
0.27466294117022594
0.2933680802257595
0.2970621307744875
0.29908517733141166
0.29760134386064374
0.2504072184600527
0.24427533051208214
0.24000890992788848
0.23630015556021
0.2749687779642423
0.27436840987686784
0.272985139636508
0.27128992500067517
0.3544219937803077
0.9552674500885874
0.9609634917411143
0.8723577889079224
0.23379227090905985
0.23213877593754972
0.23285665564517843
0.2348267768208673
0.21302361852053173
0.21173467221298423
0.2109961993027926
0.21036202279596128
0.1879117451738782
0.1864564228268867
0.18584904900656152
0.1853932100156607
0.16357165913337743
0.17775189138955752
0.17799595300285373
0.1782078241125277
0.18747771033938096
0.1756532949764655
0.1761466707173927
0.17595803646020988
0.19570802597406733
0.1839333305389335
0.19886881469354775
0.19524454971468652
0.18495587980266823
0.18126591316579133
0.1781354716414271
0.17516388862635107
0.17332095076277473
0.17370968673653875
0.17424214230952909
0.17475805293809335
0.17617464103712877
0.17575152577659625
0.17520936169369883
0.17466648812600474
0.1827516988047617
0.1824847239606804
0.1817575202655672
0.181249615133887
0.20549238089297034
0.21017299339997367
0.21430379323345566
0.19587393480790083
0.1988889981015603
0.20060933221066346
0.20255364389391986
0.2044749236104294
0.204926505892273
0.20595688525227415
0.20717405570483194
0.20879521063085937
0.20750767713080523
0.2089376148329897
0.20995386744374597
0.21807730763547536
0.19624245007612995
0.21373489246520253
0.21465627577283541
0.21045889802806356
0.21868739766155562
0.20132573277923618
0.20230120650420075
0.20295907734177615
0.23007728792861692
0.22200922221800204
0.2349468534569573
0.234713786973521
0.2350584214187511
0.24059027560923155
0.24187940496820493
0.2429212081273575
0.24044421529357102
0.23991996283071154
0.23975290688921758
0.23989734142814645
0.24626724568762234
0.2452605834060841
0.24328981510326078
0.24109533091171126
0.24918355660008937
0.24841346825514699
0.24750133594207768
0.24687380950177423
0.24796232756768777
0.2441632519248735
0.2397412181220199
0.23506638884552894
0.2272892041879328
0.22388749758749774
0.22087361793129903
0.21751182118522658
0.21252508857332011
0.2099269382420294
0.20748449449413103
0.20509691856906134
0.18898470156379588
0.19015138765241466
0.17856316613947187
0.18163430307902564
0.17706429163365692
0.17665154682273185
0.1761523977701673
0.17557023295796798
0.168500198730545
0.1691660991826787
0.17012369468583133
0.17102675357838593
0.16581429107702894
0.18001838401041337
0.18033369861179996
0.18056934440176892
0.17862219000739032
0.16452153479994636
0.1648722510789427
0.16431999307660444
0.18992398612519842
0.17103328414738223
0.18264609137133406
0.1792784457325559
0.17618345464840537
0.175775781710128
0.1751540858173439
0.1746886602750168
0.17223692515992797
0.1716154913872419
0.17101873289839437
0.1704783849264526
0.1727424327478404
0.17327723403303538
0.17387398031241774
0.17398312045740852
0.18371893270756082
0.18455635262765052
0.18497498244600444
0.18526303725070117
0.19069165737547464
0.19136946953506223
0.19205807214152315
0.1926016764511428
0.19522339914536005
0.1961643302664034
0.19713471403221858
0.19837601331022364
0.21387735748826228
0.23190849648531806
0.21980946819641675
0.27717729380653183
0.23137393752049057
0.2219433622912901
0.24691508009063295
0.20458786447002342
0.17685322320278143
0.18369336869664057
0.18160608455154426
0.18174051210452868
0.20327957536471306
0.18895890185611922
0.1913027955141349
0.19374180507881628
0.21904469214574068
0.20759103639271137
0.2205044775684562
0.22249337992525758
0.2176371006862213
0.21636006288572715
0.23900221872522687
0.23973746779665447
0.24317836698309162
0.24339648322009633
0.24352758130210572
0.24373477714158032
0.2569386646086094
0.2566735753730673
0.25509150438177025
0.2535523066452754
0.2742973867278853
0.27360990036598803
0.2732434275833113
0.2731508131709182
0.28194378265759695
0.28269098553214095
0.2792854531914297
0.27717356354918954
0.2660685386229659
0.2769514334412279
0.3133647674107293
0.26864758550032897
0.26081098679882536
0.26119584673031654
0.2541939926257939
0.2561114350274451
0.22510265300232205
0.2313089825228806
0.22029479495568335
0.22401333625057354
0.20548495427117922
0.2064641533102454
0.2109919780106011
0.2127820448109818
0.18957618217136865
0.18693042053578615
0.18646028044481644
0.18622024672746532
0.15906489478850583
0.1733469354241996
0.1782641363736098
0.17857150682565515
0.18646009152641851
0.17563746057931104
0.17631821163167533
0.17614926647634388
0.19581829878074627
0.18481073563447142
0.2034127761930486
0.196072189704925
0.19045261043397788
0.18937480208556717
0.1886365804538502
0.18793418988556013
0.18488172448211065
0.18363156494296562
0.18239204027702863
0.1811780788470711
0.1829538418287939
0.18294067339502487
0.18247817829351992
0.18205215374571
0.19054546117875262
0.19029794815491247
0.1897204975576308
0.18936079691505067
0.19489552463820206
0.19627485856840435
0.19725881206082369
0.19807944935950883
0.20059210964782156
0.20113530568233054
0.20181622274132174
0.20301008006335464
0.20283403416561788
0.2031344871827734
0.20355078551308103
0.20399277579907327
0.20163032161007038
0.20178628895029194
0.20246069976674333
0.20310785977528956
0.17971810539652844
0.1885827937211826
0.18811963324950742
0.1941342616823018
0.23168399983982807
0.21789531672269308
0.22134701466751244
0.2239414933649193
0.24767449828082078
0.2386209619026052
0.2509978490052276
0.24954239815638035
0.24879796357822034
0.22666349511857786
0.22772612179033472
0.23032330119521582
0.22810008157951828
0.22783794652889802
0.22777947647277957
0.25700205684910393
0.272077731745555
0.27762827844492033
0.27195185433120445
0.27252802845113555
0.2920413070113518
0.2912844991722925
0.29047233485186325
0.28948347459540613
0.2965567563662015
0.29476391165062943
0.29222137133128007
0.2898529070056842
0.27706631423288236
0.2746202619610928
0.2754920982738166
0.27335292714917886
0.2608857879817534
0.26158439884744683
0.26015477150983346
0.2594365109476904
0.22671123077889765
0.2398121807015221
0.22898872125193348
0.22844788910464556
0.20838848312699482
0.20824948702412563
0.21304254505442496
0.2152447327865509
0.18792644145119444
0.18595610708463292
0.19068966112965502
0.22218343534567056
0.1652641086557703
0.17772124878337184
0.17795073528362082
0.17802063980670982
0.18565596656105554
0.17308877282208307
0.17264017038648202
0.1717225444970238
0.19349829567629898
0.1838777181533852
0.19546903641451316
0.1929896362106818
0.19026782806313966
0.18927659371900543
0.1885131491665704
0.1879035628996218
0.18472837543953166
0.18383023364692863
0.18225734705626592
0.18120548650556836
0.18303715361962775
0.1833016184182093
0.18350138792037926
0.1836929291621038
0.19296906623253918
0.19329247960965723
0.19341699695079048
0.1938000750926856
0.19828549446863863
0.1985073556119608
0.19872455450933338
0.19892402679252252
0.21759818701472658
0.21795783687663042
0.2186235817802024
0.21893730408616696
0.21794560188209422
0.21973805669088203
0.22165795939429903
0.2239116968695639
0.22242841922777334
0.22347783971545818
0.224630867519216
0.22556007101933012
0.1945161076589041
0.2052732557415858
0.20661730883406781
0.21169636677240045
0.23927297131087202
0.22600126715393395
0.2368136165822291
0.2791347704014189
0.3003990568141158
0.27416811001079544
0.2651922027050492
0.265652768216602
0.26121623510950814
0.2593759254613735
0.2581598661165698
0.2573740823234416
0.2622223183749633
0.26085629804301874
0.26135447852267907
0.2622533144043842
0.27579951107618256
0.24108006983808342
0.2407195372240869
0.24101753615539243
0.29289448315448485
0.24608046892714897
0.250068260214727
0.24756783028618182
0.25154328051005
0.24806489939041998
0.24870946685010287
0.24515358023338815
0.23750186419641314
0.23552792466273434
0.23929282346281572
0.24177543437048585
0.23031462540076383
0.22820881640566001
0.22693021553819462
0.22575391343066936
0.20118215810947732
0.21138262169470945
0.19977800140160815
0.2022988449920264
0.19824212757593876
0.19874912167518788
0.1989109158483148
0.19903142854652955
0.19139465133311384
0.19116205316261634
0.19147608304410887
0.19126064130853707
0.17287500173518142
0.18522848102176248
0.18480175046592173
0.1846252310873547
0.19808840094746152
0.18578029983018227
0.186581763019244
0.18641167229551997
0.20568430548342004
0.1957220896057082
0.20694131322725476
0.2040593771424397
0.20035197918770106
0.19917339972223913
0.19768091282631634
0.19652134659966675
0.1940348711562329
0.19330872968213436
0.19264311866307032
0.19203460517415294
0.19314542992547487
0.1932054282333517
0.19240894877327488
0.19213202632328902
0.200804138908457
0.20082579416874607
0.20056347701526628
0.2002446675161097
0.20476873165099602
0.20450540639981338
0.20451448255173846
0.20451716214949744
0.20633471897264477
0.20639955970168453
0.3161289646582186
0.8259688264140475
0.22730005268107326
0.22669360782865894
0.2265713639484907
0.22700425367931962
0.22607601981530345
0.22722989626769388
0.22820484902531168
0.22931837423838025
0.20224839157373126
0.2190136372948803
0.2170220163380164
0.21986892398326754
0.2390798554801886
0.2238597666920916
0.2263123135759205
0.22835704534680412
0.25741827488658664
0.24981614529508167
0.26224939131701674
0.2621847053326588
0.2614134135994818
0.26348572735878284
0.2652276620663467
0.2679317549595936
0.27235539266532427
0.27333358869861757
0.27471481542278053
0.27769032537207905
0.28738895535455816
0.28492126382191224
0.28173544650167154
0.280286812996552
0.30209576083032824
0.3003516877207041
0.30373369956916596
0.30198207975649644
0.3077621145675202
0.30532729742430564
0.30274257768563745
0.300363131785491
0.28791829112223755
0.2853509483825608
0.2831100359401592
0.28193920743830303
0.27171523509075546
0.27313105167070256
0.2824192841450658
0.32160021599151734
0.29054060352687716
0.2641634871017807
0.2538314455835054
0.25418188274103554
0.23248875935062233
0.22973646044585203
0.22895606299145893
0.23006430072064
0.20931614966579026
0.2057138540423207
0.20287968317348815
0.20188810509411367
0.18479709365379512
0.19689828213114927
0.19635063799287122
0.1960955624538997
0.2066091333734071
0.19361250538911334
0.19320667409295575
0.19264954783116894
0.2160550918836101
0.20492746291769162
0.21653509409633542
0.21172039228865183
0.20775765289703066
0.2061213152282532
0.20466401179348498
0.20335135332028603
0.20029321639807696
0.19907633486519333
0.19792067442533595
0.1972709409359658
0.198195497363636
0.19754777546736502
0.19675257882254157
0.19596441430308506
0.20394784257940352
0.203567583943981
0.20323771755719264
0.20275215785883519
0.20711722513226283
0.20714699069064793
0.20723264609632527
0.20743742600303477
0.22622532186736882
0.22756956935303152
0.22898274253212786
0.22994421774974905
0.22777885271167028
0.22814944027456463
0.22864125386293555
0.22918968671313752
0.2278670284074768
0.2292392227340291
0.23046359906643216
0.2316512376422151
0.18456079790542515
0.19995263339360864
0.1997641182239496
0.20473068645533316
0.24110736773149183
0.22767243558509165
0.2341521244490832
0.23388058411136248
0.2637799556877309
0.25836917371785945
0.27011550834820075
0.2691727142780142
0.265429170119868
0.26374960120004515
0.264172858231519
0.2651453119163966
0.2685372008265359
0.2685308201413004
0.26842083383477633
0.26835387657690907
0.2813913600059224
0.2816578019593439
0.2810390108675154
0.28051148470414167
0.30072913595613554
0.30290552872091203
0.3053492716371269
0.2979872822947935
0.30496633924767547
0.30312309351117
0.3009975398060625
0.30042240193138986
0.37910385951316133
0.8868943673262378
0.246616473238639
0.2348862676886228
0.22782702063394708
0.22597243971459963
0.2264909990452335
0.22609813069826737
0.19951723838594046
0.21280619771181453
0.23661013852227925
0.23667980306474268
0.21958013643281585
0.2184346011838372
0.21876963721946263
0.21919385687562745
0.19826689450570828
0.1978123009793428
0.19804552836254785
0.19788690446269058
0.18100864183664336
0.1921388475358024
0.1906236106402119
0.1893696637886001
0.200042080643998
0.18645997900485947
0.18548648661580525
0.18391265556541742
0.20548864452773566
0.1944524347457231
0.20425802115266456
0.20059704987328802
0.19699988103433652
0.19639464915097263
0.1951661905236985
0.19441944412535495
0.19175612068731399
0.19095122787441218
0.1902149629405167
0.18953601624707112
0.1907673477645406
0.19043539379401273
0.18975213311625966
0.18906879731208856
0.19769857587596465
0.1980154401944784
0.1980586676975292
0.1980643441096764
0.20308141526566548
0.20291822404046322
0.2031765282843946
0.20332359838825947
0.20563943771369267
0.20628737508345105
0.20694579004818198
0.20794266004731052
0.20768066079492672
0.2078888873542607
0.2082748575580611
0.20877879738639743
0.22289423554001964
0.22575848232355117
0.22822004199755858
0.23125024489333862
0.2024263441076419
0.2208690949003092
0.22228468208058938
0.22632838362851815
0.24501324813966557
0.22995632379450273
0.24273970268869216
0.2865992478313054
0.3038195613710886
0.3041702124069659
0.29270081431253575
0.2895473119153877
0.28582957761666067
0.28442787342064524
0.2834909727655563
0.2833774833494835
0.2856265389855257
0.28752246418290217
0.28868394157573296
0.28402898773825297
0.2936355544485187
0.290962324791722
0.28732940408420327
0.28384715567226415
0.30301815978671975
0.30119324594263824
0.3025208598215521
0.3012313278823004
0.30515279395619643
0.30600728779971154
0.3032870961955986
0.302225998740889
0.29181117510488824
0.286303844024309
0.2820984636869226
0.2825142793692051
0.23451659012451487
0.23083925562736632
0.22830121835941072
0.227830069490411
0.19969683155277423
0.20828310889455137
0.19596942896651395
0.1984139423666799
0.19783345138194555
0.19520590804727123
0.19604756769921938
0.20117448517652112
0.19173380098595788
0.19281091429992941
0.1872948885135535
0.1858357134820441
0.16335582462598852
0.17756454278876535
0.1777258544901419
0.177977246285063
0.18819627987777798
0.17719671767962425
0.17809157614842835
0.17837262736122678
0.19702562215776656
0.18673090793229127
0.19714186194515276
0.19322585209933907
0.19103933958320807
0.19017752395531062
0.2423636099717856
0.2764037782337238
0.19636202325888907
0.1601840752218882
0.23931466427741982
0.1799097992209069
0.1790639320791034
0.2533840347883671
0.18329691906151507
0.18224103262498537
0.18886023499003296
0.18853418280456563
0.18827783638845624
0.18814302148807624
0.1927249734747629
0.19311756378006084
0.19445379224730386
0.19460166221531494
0.19720941158163222
0.19806835034431733
0.20427404762081958
0.20465888280832187
0.21103124812227644
0.20327775530008227
0.20316076125204865
0.20474314462726736
0.2048908717126444
0.20760297519257093
0.20970999751636357
0.21204665287591795
0.1861859325640677
0.20272842358057266
0.2050455573155993
0.2063922022819892
0.21975800198553336
0.2026539666285022
0.20305692799757344
0.20458597037626297
0.2316503071190599
0.23306670637137025
0.23536989031280572
0.23607476932967883
0.23699834451288615
0.2379869412327394
0.239196827111722
0.24129312328597774
0.23866114919030917
0.26614960597935483
0.3018576681915713
0.26927996189122183
0.2798952173032885
0.31104353489540676
0.28522491094847013
0.280346304549605
0.3263997749133123
0.3048087127380926
0.33155431098371685
0.3179850028826264
0.30665167045754876
0.29941543029142886
0.33997365414033504
0.312624045468503
0.3693822995036931
0.8773653891993307
0.2790798043887928
0.23230013529576057
0.2309593464053728
0.22477220279780763
0.22861117054764535
0.22320143543811985
0.1995412350816661
0.20869110070453162
0.1965545702422047
0.19637498796991198
0.19064266231494106
0.18975570995016627
0.18890200524207065
0.18801669246153124
0.18122244407249471
0.18128316879576883
0.18151553022884384
0.18176758225004072
0.16428958180281805
0.17838917918179648
0.1786015832560775
0.1787183305479619
0.18675186709283925
0.1751752223270785
0.1757271023279666
0.17578362818802526
0.19512567222593652
0.18458085260373017
0.19640998555405
0.193949667455623
0.19093305534834037
0.18996733029503513
0.18914250154155454
0.18843507942796908
0.1851209436792518
0.18344851770360857
0.18163620356521537
0.18057603347296855
0.18178613014689296
0.18165374793562267
0.1814583110138628
0.18126068991665661
0.18972650484399714
0.18946795679516892
0.18935572352592894
0.1886089716006533
0.19295120104671107
0.19296741736814663
0.1929737958293434
0.19301612313021155
0.21232960019640765
0.28892320057914533
0.24290390055935757
0.22165347692714013
0.19820448141937555
0.19789029475668135
0.19910649717494858
0.20090309216527918
0.2007778867750365
0.2032969501460824
0.20537529810327992
0.20867180657206008
0.18286853892494315
0.19587628510055582
0.198064454197305
0.2067010153756984
0.21982182154982113
0.2040222014571101
0.2097397074118519
0.20343926088354208
0.22824332159396446
0.22945277968441194
0.23154106874031113
0.23154475241399755
0.23312257294930924
0.23525706126524595
0.23814151597742741
0.2419613147367662
0.24059483357431047
0.24018909383316528
0.23985944608866527
0.23961214350841195
0.24557895881315978
0.24937261255667215
0.24870186141348405
0.2480587030165164
0.2575944687807098
0.2569661214780315
0.25616551182771613
0.2551388643696465
0.2552542770478372
0.24996426527793728
0.24426292477123787
0.23843001949786974
0.23259720805564504
0.2315174926091448
0.23085568885196195
0.23008544926312824
0.22507297251948208
0.22241814175310112
0.21976980640547786
0.21805790974339156
0.19661028920057588
0.1953502374332734
0.19486040803493607
0.19914048458152958
0.19401341425483137
0.19283074594309202
0.19200819365468522
0.1904748014024131
0.18281883804106666
0.18267064281635526
0.18267442917797608
0.18270413221936696
0.16309102394270028
0.17714549603161336
0.17771126960244094
0.17808748813071823
0.19303318512192405
0.18080209299959052
0.18059412654036092
0.18000802518560205
0.19828836667662303
0.18812709344750067
0.19983726691177725
0.19614653617568714
0.193086479250707
0.19224661286299952
0.1915490130362568
0.19094244391489898
0.18858065430207663
0.18879436518035514
0.18828011887999743
0.18788018203081905
0.18897462273163168
0.18847282739647672
0.18788214105965315
0.18728840768468039
0.1958226318033268
0.19692750989965677
0.1963354676370063
0.19603517253725627
0.20137458302248754
0.20244009082391878
0.20316140875130193
0.2202390232007331
0.22391953229379793
0.22420607858577513
0.2244333757222285
0.20251719143745375
0.20101273222242974
0.20111311473605253
0.20160923562256763
0.20250214733570865
0.2004814056472063
0.20000970359756337
0.20003201185667624
0.20016672997042972
0.18561441128622921
0.2427376412422894
0.2727657033298262
0.2871624080788249
0.30795191724186793
0.29532116000644393
0.29983776147429625
0.29843953955034774
0.29479770157103297
0.29170750151618574
0.2898278167981055
0.28637111405051446
0.28314283409267066
0.28229822524978654
0.28202095822725637
0.28234372188262785
0.2838050297334038
0.28368830790883437
0.28173998963209057
0.2799813239809075
0.2910894771194883
0.2887946129671965
0.28604404147019413
0.2869132678530087
0.3065574011570244
0.30354447783296123
0.302161137101086
0.3015384142768096
0.3095814775445908
0.30499603993563706
0.3012505286476787
0.2990720164005316
0.28635625920300123
0.28482413931159795
0.28652521885188004
0.2823574740321293
0.2766294279029124
0.271925296479717
0.2702567797932039
0.27048751894250556
0.23421143197352176
0.24585913874142742
0.2333945664750138
0.23563387577689673
0.21659041841240806
0.21854693608904732
0.22077006790644058
0.22060359996871942
0.1971851081712988
0.19620094181015313
0.19566916488950667
0.19496205777850653
0.178446303278035
0.19158346436942209
0.18165134693333576
0.18251468504142407
0.19929178468982855
0.18561167175104015
0.1859865328055824
0.1861913111685009
0.20786104648018075
0.19674894409328714
0.20739395213075854
0.20359950605821434
0.1997121538680804
0.19811325049115974
0.19673937004097306
0.1955356323504936
0.19280430371210636
0.1919573061740664
0.19215924356660063
0.19121205340271075
0.1922986504232364
0.1918186503096768
0.19127485789032345
0.19074340153903585
0.19940542181288778
0.20020638654725265
0.20001632804486086
0.19972846265076524
0.20435045106001964
0.20475012669983098
0.20526093230558073
0.20579132785185816
0.2242603694417005
0.22608813809611977
0.22641325838840623
0.22697078794295072
0.2055678624628547
0.20545845121943784
0.20627400338671367
0.20744132425550402
0.20643408677259467
0.2072825287583285
0.20780508519190063
0.20824585133167803
0.18224497337277568
0.19553913000266582
0.2176486009251184
0.22220288225587534
0.24088543807484095
0.2227201824132829
0.22344355640042826
0.22421069025360274
0.2517152590970196
0.24379628390653144
0.2564495242527024
0.2547775385594052
0.2537166714460421
0.2551092630931624
0.25706983515065035
0.25957908252845874
0.2633868511288636
0.264437863765431
0.2678846048285604
0.26719463110351516
0.2790763199224796
0.27899632873391184
0.27843770110526267
0.27822721217734253
0.29940729678584704
0.2994463018722137
0.300666016752128
0.3008530894379394
0.30716096282664107
0.306961480648716
0.30557931362840496
0.30198540165563265
0.290350071142942
0.28978089887614394
0.2898590245209934
0.28333477794099204
0.2801047290981403
0.27722557204300874
0.27309302753006415
0.2721821626741538
0.23582125170939672
0.24119411746094738
0.2403692010330533
0.2487403953729468
0.21087515656856395
0.21202876156425898
0.21103037483209586
0.21379334767101796
0.19984557638303482
0.19849704642034507
0.1978808476459931
0.19739357023950738
0.17903021704158412
0.19181151632055343
0.19283600637763437
0.19317847606067287
0.2043778683321885
0.1916704086854613
0.19335872728884684
0.19162223478324814
0.21286888633693796
0.20190013338825658
0.21133093748960757
0.20752640974163078
0.20344928588075445
0.20160489757339614
0.19992539279672636
0.19890468665215033
0.19573319992226992
0.1943420901209589
0.19299603150112818
0.19170198621075113
0.19271446404466655
0.19225432144049556
0.1917312576851265
0.1920797209988678
0.20045726488887952
0.20072123443206605
0.20072483796706048
0.20074989311171101
0.20521029659067958
0.20562951040861124
0.2067695364130067
0.20757042500924738
0.21113672399165914
0.2133646256435455
0.2150417738301352
0.21617820207907856
0.2159381842906926
0.21626534710499268
0.2182553828674735
0.21977237807963726
0.21907555415953767
0.22120756721601653
0.22293409086797275
0.22465516472454905
0.19799902080601467
0.2228477850756037
0.22435094059380553
0.22787134002690912
0.23309800907295153
0.21677569429815294
0.21877010587411067
0.22092718884231768
0.2733531865318378
0.2771333119168595
0.28018620759974683
0.2813478632850192
0.28034006847396487
0.28155619761966133
0.28311058746664697
0.2846547685637086
0.2883597802158459
0.28903987793825753
0.28954762308907583
0.2973774293452635
0.3173938003735534
0.3171935860752935
0.3085004466324987
0.3042730958238314
0.32192156694178115
0.3206932214817828
0.31711801316384663
0.315771367184222
0.32125834378813006
0.3188588417116641
0.315963986098047
0.3150350878678195
0.30177372395965757
0.29626409962160927
0.29282401427611254
0.2920103349459249
0.2849337022435592
0.28093035266555955
0.28135375570128235
0.2813566889371895
0.24006730894211692
0.21690791149752645
0.21414980018100344
0.2153490067000561
0.2120074280003756
0.2102014032358752
0.2113556120899343
0.21041184880660907
0.2024558377177444
0.2022301613914296
0.20215404037561124
0.20209840942904478
0.18764627620953744
0.20146890907563275
0.20182422743847597
0.2025011645071815
0.2101371493612398
0.19747596977335624
0.19776795178615117
0.19782984884779284
0.22212692813820795
0.2102297278570441
0.21963022271082963
0.2158638379016544
0.2121473757346595
0.21079161717858477
0.22033545766785861
0.25288758746394746
0.20307875097988623
0.19738071746546892
0.19459206783935945
0.1925840349846288
0.1966411209002063
0.19591572888095038
0.19510655474550417
0.1943345357154026
0.21586456150684047
0.2158209965759749
0.2154418004610792
0.21490026504320994
0.23279557977280613
0.232969313613712
0.21112239678599556
0.2132841787718373
0.2176823610168481
0.21467395101984763
0.21245338248794443
0.2101755704618263
0.22862267418345683
0.22973972162301032
0.23374206534686423
0.23864963919278875
0.23101526654653212
0.2311689632742843
0.23187022044205813
0.2326563198717756
0.2032545354341372
0.22157020911684555
0.2209213950434042
0.22506004795832535
0.2438440002194199
0.22899218777071778
0.23153528850726296
0.23382158753612248
0.26583540479511175
0.25598607650735655
0.24030101114223226
0.2383826778455425
0.24044459287696493
0.23746465292946664
0.23612524743822425
0.23564207891203412
0.24478372042119984
0.27720316806342915
0.27819670017152964
0.2765872398807661
0.2890516921655128
0.287373986444452
0.2874165128831004
0.2842933334515891
0.30446751083539175
0.30364556095372264
0.3028032498128273
0.300563224085142
0.30665363768981585
0.30349164753178115
0.3001333894219443
0.2969643182581587
0.2840458829682455
0.28192267750142963
0.2825750026325842
0.28025542711960216
0.2717739465730616
0.26777608070666836
0.2668839632763112
0.270339048736414
0.2300564330512069
0.24128770072984843
0.22992079887733333
0.23316750253088464
0.21470896814622573
0.21566398278401494
0.21680693919298705
0.22112371509091355
0.19774779790976263
0.1942387032786099
0.1929950609528392
0.1921414644340281
0.1778440265894013
0.18736006518654655
0.1824175489797867
0.17953375060824478
0.19566948586950567
0.1835848747330187
0.18272886842635427
0.18176767490784146
0.20523301421625956
0.19387909638089793
0.20424691517421054
0.20067164228065018
0.19666773105019456
0.19418276669268933
0.19174944310447736
0.18941831862014427
0.18685988060243938
0.18630839790531595
0.1967690013395408
0.2306072280493018
0.18783686382289227
0.1833987661178615
0.19121146001773123
0.18988030925935606
0.1975326597773005
0.19673584659520488
0.1956640798653421
0.1952252810101295
0.21600817428783267
0.21689893182889705
0.2173262324517539
0.21764105784803023
0.2206655976097842
0.28824089879622916
0.22915043493105133
0.22632891813982847
0.22765633699738846
0.22864895315265105
0.227575728069218
0.22894397291273852
0.22740896853578826
0.22825717796198167
0.2301386484822171
0.23077557407414903
0.20282439296177254
0.22284160171783415
0.22016059903532742
0.22826001283283648
0.24506374014148047
0.2940412806156908
0.2419613495790465
0.24308201464183685
0.275127278856112
0.27494281584027147
0.27382541719600323
0.27221695702834686
0.24686937109902307
0.24600309880505788
0.2454622316377831
0.24057935339041028
0.2371203151383484
0.2366704549661639
0.2365306138220857
0.23551942829906605
0.24065112144497916
0.23872498798070113
0.23710734175737272
0.23653672261994227
0.24717129839386653
0.2491374999376718
0.2427560677377785
0.23804752998798206
0.23914210349405218
0.23584433191855228
0.23269277507259742
0.22966880379696192
0.2218668505676182
0.2181896792527594
0.21495631298904727
0.21151143881264803
0.20792248550382542
0.24789704930906875
0.25026895680148126
0.25145056480395983
0.22296586872560786
0.23254922614767592
0.22286267883605776
0.2266662843933485
0.20910512638805265
0.21086515943567255
0.21269426218179727
0.21435357461603186
0.1926505914521281
0.19142781852084756
0.19134024592762902
0.1902537237809417
0.16629104341773474
0.17880445125142358
0.17658205067286795
0.17677616714037958
0.1888712884804398
0.175915007517585
0.17478706435292782
0.17369380479696428
0.19450603959957236
0.18239894381029373
0.193095728279181
0.18960139455045913
0.18534599448290168
0.18336535687745123
0.1815748588405875
0.1799052287886387
0.17731046809286946
0.17664324802723297
0.1760829235652422
0.17668547696390952
0.17748784425472208
0.17697017128327602
0.17638230259235288
0.175807987152554
0.18506454663172753
0.1856560360890665
0.18675707020804713
0.18697961296969764
0.1929788841040804
0.1948884173167152
0.19660354216784515
0.1982132510121799
0.20093783270519938
0.20176132191824156
0.20366056639481117
0.20407176549293457
0.20420139668739315
0.20513697445661136
0.20633339623552735
0.20757121008385576
0.2059137125799824
0.20756726073754497
0.21897715345942959
0.2531893945106747
0.20631789941733683
0.22444528085695795
0.2249065039265499
0.20503553904710262
0.21579476349494486
0.199808778183578
0.2003413094383529
0.20110707867813188
0.22562248286924705
0.21518838187977835
0.22579571992066966
0.22255545074373592
0.22229929425598197
0.22172134500160184
0.22210260765064835
0.2246845857745796
0.22752786186644422
0.22549646082657623
0.2258228143805511
0.22148992706529771
0.22752226502517575
0.26423285955602466
0.26548070698846654
0.2658832184615832
0.28729208907013193
0.2868014525855985
0.28568934362737997
0.28417938240287977
0.29228836685278803
0.29019982959732643
0.28766109184665367
0.2850706958634836
0.2745675298226531
0.27435020686060907
0.2739108893496494
0.2737095070634428
0.26590714088901035
0.26523458081630813
0.2695897937793412
0.2714440472407181
0.23056732500533453
0.2458207789634638
0.20822322551136394
0.20734048420650475
0.19720488041895007
0.19545805765851376
0.19783375710983406
0.20622802869301934
0.187470324500014
0.18583171128857984
0.18510869696510898
0.18451053021474625
0.1636103102991093
0.1777963472837507
0.17792800659235805
0.17813721864144777
0.18693734740029314
0.17571711570380555
0.1757424420253485
0.17530625448278744
0.19332721309484371
0.18171612252570518
0.19281257666343912
0.18906253662575395
0.18598675130785533
0.18618139799580352
0.185250230867842
0.18475121507670839
0.18214226243860882
0.18128334407425198
0.18042001605944671
0.17954905111681135
0.18110935727198316
0.18030567003985487
0.17944901932851642
0.17857291278273604
0.18728273493478875
0.18749017314678992
0.19797748575217353
0.23088346810804117
0.2202789719424594
0.2180785209533128
0.21834231955146333
0.21933547234416917
0.2240287218013036
0.22705744175355208
0.2300056225017685
0.23320534204542884
0.23236048275625662
0.23405570594652747
0.2933458596635164
0.24374664099072074
0.23952107018686605
0.29387592209617164
0.29400432356849343
0.25367221929171113
0.20999548645130356
0.266919496273368
0.23499267927301468
0.27651480666374517
0.256835215265764
0.23710627036250426
0.2948625692373848
0.24784264831018696
0.293370785022295
0.2896335651626513
0.27476947141339053
0.272004286760134
0.3015253894158784
0.2710993069798117
0.2674430933484944
0.2917330500732032
0.27505321505993025
0.27141045474077147
0.26984832424485294
0.2674993123675545
0.27905014298010056
0.27758190841160807
0.2768056874174384
0.2754717459829033
0.29788200222495
0.2954920667379959
0.29353087716926823
0.29128517305070367
0.3004714373784598
0.2996178213596792
0.30176810943584237
0.2990347913495449
0.28133242868113634
0.2779013111849673
0.27523827844103566
0.27344149184060806
0.2664270834584504
0.2652370926189751
0.26489858560446033
0.264652637283587
0.1996972737512711
0.20919097004566845
0.19369629587941883
0.1951265809879663
0.19053079506378967
0.19043834637607726
0.190402544413788
0.1937214678485197
0.1850076962723222
0.18232612317282773
0.18162421527791703
0.18114741525645484
0.16386639774269118
0.17812975702814782
0.1782784757227565
0.17830752050424586
0.18574268459682236
0.17458320184838566
0.1753425365256436
0.17539299743983228
0.19465876093480525
0.18377386161956244
0.19559974127163374
0.19259691879717009
0.18874588555502553
0.18699753393428284
0.1864001195603619
0.1845985075129663
0.18193730130731303
0.18118593640008546
0.18052642891337578
0.17993696384830424
0.18106560562808652
0.1812791962282597
0.1806601791777612
0.18004597912104045
0.18873751975839878
0.18884086673147887
0.1887444727552133
0.18863555991114553
0.19365044183702312
0.19553517061734396
0.1959482939049711
0.1967427612735509
0.20029988407468854
0.2023113352279441
0.20441263807400015
0.20624378949690023
0.2078135394072498
0.20937611526945415
0.21112324123978665
0.21322613687153438
0.21314665882869152
0.21585678822421622
0.22826291706344398
0.2638810560769547
0.21029247449003416
0.22931272583296447
0.23010402731110063
0.2334091275421542
0.25251822532589446
0.23689330176424175
0.23911031850598008
0.23879617270117354
0.27058905732957833
0.273943914629426
0.2753710248313383
0.27498312839692396
0.2732243994128518
0.27354570198271944
0.27523844816473814
0.285089845903669
0.30535226219768447
0.30541025060167826
0.2973851617171103
0.2911586583107053
0.3001023151171309
0.2950902485134686
0.29086697126264743
0.2900805955504435
0.30821190303125545
0.3057533299284234
0.30206952247898705
0.2985702573956592
0.3156692473566402
0.3116545453512057
0.3071449037844523
0.30329289680796984
0.292982199939662
0.29012519759733507
0.2832251734932308
0.2795058572675674
0.27130975717646066
0.2718364774017129
0.2749959823455207
0.2769709874792743
0.23647707151420275
0.24933023106613333
0.23870574078441661
0.24598781761231223
0.20840012983132056
0.2057702794023235
0.20236232320163852
0.20080453260155787
0.19330298476789534
0.19231649087701308
0.1917728660835407
0.1913222148263261
0.16490409621057614
0.17672061225661087
0.1772918350347543
0.17755448363209117
0.19176410191515775
0.18124882392382435
0.1829199636551851
0.18402457129809718
0.2056372012981205
0.19510711679622655
0.20602506656244648
0.20329638696044203
0.19916264552245794
0.19735052149040785
0.19573302269495443
0.19427150284581624
0.19150716072508417
0.1906590349786536
0.19006853586716274
0.1902258510194807
0.1909942188360178
0.19035586910874194
0.18964621741484705
0.18894841209545507
0.1977598265564189
0.1978977926535412
0.19844736896378173
0.19828936881329642
0.20221074309363116
0.20196124465292678
0.20134286376984611
0.20055865160070188
0.2212180129087613
0.22387012629258612
0.22616975346496943
0.2278832908574436
0.22629684764015032
0.22724403501275553
0.2072807122031596
0.20721075502564865
0.21670365999129396
0.26295086304902604
0.2846989871624646
0.2528107395906831
0.21342435264402415
0.23522546705484365
0.23632006427674015
0.24219944553640793
0.25772196860724506
0.24517575730507232
0.2480245361859593
0.2474146300680118
0.27671568190285883
0.2770324775281184
0.2775760759995281
0.2763550641987527
0.27450613950175845
0.2744849803278068
0.27675739808978056
0.25125033969458593
0.24642289412833013
0.24614162934759817
0.24331258874276038
0.24099714500612315
0.24915179831245518
0.2812805450203135
0.3156813277020896
0.28051561804534764
0.30363769324997414
0.3257730837316326
0.30642580404552294
0.33392018440206844
0.3142731348650211
0.3130274664022093
0.3403680303847681
0.30421135743528444
0.31593088965092525
0.29663268701729384
0.2882084099305949
0.3237967199916537
0.28419694369122583
0.2768106496589089
0.2754627589513746
0.2739408090453776
0.23509971008569785
0.25242912231318343
0.24262543651951254
0.24315596912119009
0.22444159683813508
0.22658881625739624
0.22339375112333848
0.22318285120681453
0.2009026634638435
0.20005248851761875
0.19900300412319585
0.19815679318520976
0.16752430637794297
0.177291257034691
0.17483887796062214
0.17318047522246474
0.22052333347109926
0.17689738947332467
0.17409123358277134
0.21666632073529057
0.2080522463394302
0.22135810856502894
0.20943409627682477
0.20378597206334922
0.1995355682669876
0.19790340666858003
0.1965577420393701
0.19538694378235472
0.19250197343173883
0.19252887963892765
0.18911001368898847
0.18724688138948928
0.18852909968584822
0.18834841997485954
0.18892761720676543
0.18868312453490854
0.19739205874947213
0.19746204650385157
0.19718853851928125
0.19714078100655072
0.20165224477844074
0.20209778668048767
0.20310181393715498
0.20285408085272272
0.2236207229080315
0.22593630728071448
0.22791080511059955
0.22967824796636588
0.22813491605927347
0.229929963200851
0.23107988024814785
0.23247668583355513
0.23115628592063037
0.23223621801454097
0.23327789657064274
0.2343052455696598
0.20579341650273905
0.22473661619166352
0.22537490088102047
0.2285466940384513
0.24630499017294394
0.22731960481626465
0.2284506342202292
0.22966769799911918
0.26310094601486844
0.25336599126688425
0.26492480661935147
0.26321541268792154
0.2602789116883753
0.2624356707289154
0.2625923794516479
0.2615975147482656
0.2631367671822139
0.26116659882468374
0.2550131594534906
0.25251947262258534
0.26370933122496754
0.26508133662942707
0.2622601552621444
0.25757505824039173
0.27876499251063924
0.2787060365395209
0.2788828967658417
0.2789207682336934
0.2371669141857144
0.23186493396043162
0.2271035108990249
0.22827374250214139
0.22381397253996674
0.2209390621120269
0.2685531282935489
0.272339204240664
0.26823440992080305
0.2613701801554833
0.26055131336110443
0.25691312572426483
0.22579093800191807
0.2356139706623223
0.22503900590281412
0.22890177234824027
0.20846081111571305
0.20779610782719624
0.20735391056094182
0.2074989229202317
0.18431181812693062
0.18305082883956286
0.18246803755183577
0.18210909937176786
0.16383660761140223
0.1778541671108581
0.1780102700502549
0.1779426809211533
0.18887978439822523
0.17820474043525922
0.18299479077092407
0.18111091940552615
0.19936778488005613
0.18668864145258313
0.1958028252472246
0.19041141898001568
0.186918404134689
0.1857815812665832
0.1848009933897954
0.18470799516554381
0.18168105077436128
0.18061747140615833
0.17962238503155084
0.17869670368596668
0.17099126507240908
0.17097024754385853
0.1713672251560465
0.17137235941616813
0.19279075023698947
0.19335621270152525
0.19330340873103663
0.19312269846988178
0.21208001461815565
0.2129828437355373
0.214441316808675
0.21472900866265143
0.21769615295367375
0.2185457490027162
0.2193818616512415
0.22012592312792806
0.2900742669621581
0.24290741436290253
0.2298564202187153
0.2243458985795111
0.2250422683182716
0.22261924247127152
0.2223779408790812
0.22232509952932827
0.28451944010762076
0.8004194707012704
0.20769029281925444
0.21106522865323213
0.23351029983896945
0.21536083671120448
0.2139111542862255
0.21295871521581125
0.24005181071482967
0.23318102694949885
0.2451785498723351
0.24432424174331674
0.24252422087923875
0.242147826771583
0.2428388945418266
0.24407547496795554
0.24779119230835
0.24960703594981792
0.24834395669638748
0.24670624661990687
0.25926881212286834
0.26505931826538826
0.2626467400795533
0.259631327304827
0.2788535397105277
0.27835624815988996
0.2770202312559895
0.2751994372687326
0.28353390244953064
0.281073635855934
0.2784386311131412
0.27917034213211006
0.26707164498360964
0.2606833331141334
0.25754073174012815
0.25477614729081577
0.24687660424539384
0.24716141965867736
0.24732676358613753
0.24747474884939227
0.18958949103839356
0.18843806378406355
0.18004692966211755
0.18147057596639965
0.1788497000695046
0.17671810846592548
0.17636829141513471
0.17831508494404832
0.16954866917742217
0.16920208962461214
0.16906187057698763
0.16896821753389168
0.16615580567602167
0.18014192954988817
0.18017369631913766
0.180086867825324
0.17819441474050157
0.16385895776868015
0.16396435058811837
0.16345387303721162
0.19023827921709022
0.16879473059151964
0.18033823274406768
0.17774626830009532
0.17344292154455
0.17113981637315312
0.16883310397565246
0.16654285553837764
0.16946790270598733
0.16953544124737477
0.16931924632303255
0.17002473351746533
0.17100735758208202
0.17055214169766073
0.16998089892921708
0.16937553438777567
0.17831920382262134
0.17860500817259098
0.1792245142882673
0.17927499273426906
0.1853355543775263
0.18728838375971263
0.18371157590962203
0.18482015042394587
0.21042208384649297
0.19499082852304675
0.19655145842104124
0.19686765013702492
0.19736427467235124
0.19863754161504021
0.2002085070705539
0.2017557403339965
0.20087084067467328
0.2032030041465465
0.20416509708995864
0.20432636913925023
0.18215319042152414
0.1908231664768248
0.19100684383404354
0.1988719011064146
0.2186734345116002
0.19867635287034063
0.20221577572140317
0.20768452384373107
0.2342616393614911
0.2361959745746825
0.23923803881904085
0.23988499992873358
0.2383855801368986
0.23599229923769052
0.23315717929630533
0.22892522137328278
0.22045075261780891
0.21508224880902402
0.21348911369413232
0.2119463895633675
0.21787385590561878
0.2155259301595443
0.22269985532370012
0.22135699154559552
0.23123712157718224
0.23183557127846902
0.23146078420657462
0.2311902164389314
0.23444422625593703
0.23258293747900696
0.2794035249960112
0.27932021750566843
0.26916406181217906
0.268843713122054
0.2686978925541211
0.2695407320487528
0.26111181107941267
0.2612330190959494
0.2612436542522135
0.26120517258670733
0.22765948892251497
0.23745842278080664
0.2253889036291291
0.279129506878415
0.21113217290425748
0.19320907160150386
0.18994708338255617
0.19002034635973047
0.18418155728458438
0.18505330321165503
0.1833918432001734
0.18248624795040405
0.16345710476286526
0.17648878376535077
0.17665780794151206
0.1767784798682049
0.19025184639311904
0.1808491990625056
0.18453527058918848
0.1783973637010897
0.19690573175259757
0.18393865234740325
0.19437260234067924
0.1900252106842735
0.18635390014522682
0.18499016312491823
0.1838353801082515
0.18282737450306322
0.18046091190146174
0.17923133547613807
0.17805086209243226
0.17691182236084277
0.17798946535637902
0.17745213031907892
0.1768324550528177
0.17620162026388228
0.18543436595226084
0.18456717367452868
0.183616504546928
0.1827943452535084
0.1897890533497865
0.19278222448449536
0.19578733127156575
0.19956720227652977
0.20339195578607377
0.20555027933954173
0.2080096644564783
0.2103966118653011
0.22736585731311837
0.26824419033255253
0.2149485906855607
0.21301782623621718
0.21179883025668916
0.21418278162596022
0.21542707016612983
0.2167267158938299
0.18873693630026683
0.2062487464472152
0.20706844513835024
0.21006371177970734
0.339392339777624
0.8326483956024006
0.2387841713539108
0.23941902394473596
0.271227106049127
0.27296810429939344
0.27548127403415906
0.27523094121154046
0.27531672726636053
0.2776994781822169
0.2813217809237752
0.283754846549333
0.28759774795499926
0.25956914332077213
0.2586148175489802
0.26139488841556346
0.268502743468198
0.2594547013759787
0.25571249398727913
0.25753181453212354
0.26791795122244716
0.26267780272732466
0.2584436313858562
0.26077012149513484
0.26016556644868677
0.2520316555467729
0.24313436589705031
0.23575963580444892
0.2278612197272535
0.2251812059109468
0.2335804343558183
0.3119099294987873
0.27506139752293884
0.2717550455979749
0.2708358739546009
0.2704263714815702
0.23257937908116888
0.24482732093089912
0.23345905484430107
0.23576918534446187
0.20103143385778252
0.19977149836095892
0.19939189448199615
0.19922719237530498
0.19112196932382364
0.19039519942007896
0.1914499058653222
0.1901510268712325
0.16570102103560203
0.17838398988878706
0.17879819139225722
0.17748163838353567
0.18932884970406214
0.17723734251746753
0.1777118526748282
0.1777912301755537
0.1978400736576691
0.18717703260824967
0.19723934426566786
0.1934693927323537
0.19048694340219022
0.1883441165888546
0.18671457363044974
0.18523355575846498
0.18282581985068064
0.18234918327283725
0.18196446148426046
0.1824043071824906
0.18285620945382713
0.18171829164311995
0.1804549046252201
0.1791695107826759
0.18749434764772366
0.18738760810993346
0.18714942755674122
0.1876533820505817
0.1925249710368733
0.1936221016183004
0.19490633627944073
0.19643549279599087
0.21893620235198166
0.2233221000108515
0.22817359029498524
0.23146205247935006
0.23114719309240012
0.23318966949880438
0.21380110848988232
0.2144227686277706
0.21469355159515374
0.21815016272678464
0.21973309718923634
0.2209959670657269
0.19041510908951098
0.20976159408619582
0.21220572376290311
0.21592689359467482
0.2265920519061721
0.21002089109805266
0.2170682654918036
0.21668845181730578
0.2474832455016648
0.2395991455379619
0.25231357220188805
0.25395550638025005
0.2531635413549615
0.2525604468547679
0.25207360459588984
0.25087016830866427
0.24810469712647992
0.24833576184956124
0.24946916689280135
0.24899864850761097
0.25175174638776726
0.2836666205323527
0.3159086409554847
0.2838237060968984
0.29855942434886046
0.3276066592104769
0.30458219987936597
0.2999416133118728
0.34064977640734095
0.3082867873124454
0.2978232957725491
0.27350636915802945
0.23704526771002332
0.27167490046560133
0.23487691268402247
0.22059579786860825
0.22021847944781367
0.215287534463267
0.2066999936893628
0.20607121048799348
0.1929712947653141
0.2305993727406024
0.26111699435375196
0.20650832005944272
0.18664836446857622
0.2144047863805128
0.1840936991560773
0.17961605020333557
0.17132411722368573
0.17114165972324055
0.17125792538868467
0.17145634058425716
0.16489938590258982
0.17903374113917708
0.17928713411843566
0.17946227580718616
0.1792668063404845
0.16754688180110694
0.16985751334802637
0.17200550471352227
0.19337216828004505
0.18160187870725902
0.19328285889568286
0.19018863213574058
0.1877336225480594
0.18722731603997472
0.18661461269431184
0.18672420200000586
0.18397527074654324
0.18317008629665338
0.18242303592605996
0.1817368437651281
0.1829082552922211
0.18247537319751622
0.1824820821147972
0.1821158250604702
0.2013583871692114
0.2347595678635227
0.2036612452397342
0.20037145052868724
0.21902762150191227
0.2213576471371903
0.3154430457133622
0.8264089879090712
0.23360321536576006
0.23505400558314957
0.23655877029312458
0.23812098114757005
0.215332464389808
0.21479109622027392
0.2159656212187397
0.21668223367437675
0.21685838889903628
0.21985290176513664
0.22294283969493697
0.22130780003384615
0.2153892020636202
0.23462554570265828
0.24036089308488837
0.23917706638921551
0.2553014626110632
0.24297378690246738
0.24675261792554493
0.25051418792558605
0.28284251029757235
0.2851267135308961
0.2872009089674345
0.28835575614999576
0.2855817789012276
0.2847948733417211
0.28498279941644566
0.28354008359211574
0.2868810769522017
0.28773377688205315
0.2909968217498935
0.29292101594687536
0.2693685277521386
0.2629371493602159
0.2582107346537191
0.2545339384466589
0.3032398067043349
0.3342702870709369
0.2591194878191749
0.24699068920994988
0.2506148016297352
0.24408082613582294
0.2428502958523861
0.2363778061882648
0.22804722723173593
0.22619821478139987
0.2215338274345398
0.2192143713355183
0.22131326580499075
0.2625553510177528
0.2638027785366435
0.26674028470674255
0.228018077558412
0.23638057260867504
0.22327218636375712
0.22447836693841988
0.20527244767072816
0.20622728960348508
0.20750814938754855
0.2093727561246384
0.1869306917243181
0.18493738548625563
0.18337462701373636
0.18192743866193545
0.1634464777406495
0.17770637180102222
0.17795503931195278
0.1781397988914578
0.18180050265841427
0.1695656850422061
0.16958871888811589
0.1692947991729441
0.19360319549717306
0.18199955982002797
0.19408954435726725
0.19223230360284932
0.18831508711811124
0.1869039490131973
0.18570266390481427
0.1846699331829656
0.18286619046963776
0.18296304084142878
0.1838666061228969
0.1839469700118612
0.18495728524944566
0.18426409307179833
0.1834664210155829
0.18266488674148854
0.19051476663787267
0.18979191842380083
0.18966511843784756
0.18830188187692062
0.1935908407692147
0.194953611644254
0.19655806072775772
0.19851846804153758
0.22034388657200138
0.29501076458205605
0.23502307941003206
0.23171813808374184
0.26786211169551893
0.23589010821798648
0.23374913827190114
0.28351280259429
0.2415055960210354
0.2403849218608837
0.2772595697397076
0.2473526902762499
0.2108780784836801
0.2615450101498786
0.27717055319517203
0.24769829584415293
0.26048406935550644
0.24431692281587472
0.2503363536853848
0.24430235170971956
0.2773212167518622
0.2705466437615797
0.2792852871118195
0.2785375542831611
0.27647244482581845
0.27685743483685477
0.27770542427747497
0.2816962746781161
0.2804197774759622
0.2785237409561539
0.27640908969264916
0.2734938686051103
0.28388113890323036
0.2830115369612544
0.2796488473203783
0.2807729564112064
0.30175027902272383
0.29706990828147944
0.2950881172220288
0.2925472246246799
0.29784395558798477
0.296960845391332
0.2946674330911438
0.2867648606196562
0.2773762457704827
0.2737332116449173
0.2719874825008291
0.2756118597848063
0.2620223878902941
0.2613556086412287
0.2580415242098817
0.2567081714640234
0.19352147856123195
0.19656740462601666
0.18343011336583145
0.182819591175662
0.17848228850938683
0.17952078211759218
0.1777451898043663
0.17741701162838105
0.1695264940412102
0.16934295137461525
0.16941994337657484
0.16903084921602243
0.16518939488009496
0.1792783589041536
0.17952085755396793
0.1796860465449001
0.17680582779025078
0.16369045167601096
0.16463864690328606
0.16546879243381846
0.18881161040965952
0.1736567156083443
0.18448098863857362
0.18108639181326228
0.1779111544865318
0.1778897726455626
0.17683955212091143
0.17615909264853483
0.17401876172064762
0.1737695347137929
0.17360589378225127
0.1735115105440798
0.17625194457191207
0.1767768288541296
0.17716897901858816
0.17749278907554694
0.18617207836339997
0.18632280605233514
0.18611556680174463
0.18596835215174654
0.19090771012958427
0.19018135443820297
0.18983010510773143
0.18959415943462257
0.19339246040163147
0.1956463343821803
0.19845351839146738
0.20204204658200442
0.20378705228823255
0.20630980933260912
0.20330884177123876
0.2049784075956947
0.20431764111986692
0.20637132447726336
0.22363197924468897
0.2267043946980021
0.20408310296164006
0.22517644018558808
0.21478616826174818
0.2166936384313961
0.23326095618460044
0.21718572286813165
0.2193514586348936
0.2209259532082246
0.24943498672611591
0.24391047556063752
0.2559984380370471
0.2549601084055818
0.252046419622022
0.25144559342769623
0.2549727614983301
0.25056091395688923
0.25406230388464573
0.25474528699318305
0.24834277116619455
0.24572359159509966
0.2638113873403276
0.2626872365395424
0.26801983045773403
0.2613806245947103
0.285334828367618
0.2861414258080203
0.28355297408408553
0.2828495162637733
0.2885749680782273
0.2862821244227048
0.2871108225810606
0.28878453652716457
0.2718592006244658
0.2703890621319017
0.2697274489867497
0.272554876852159
0.2576522058873294
0.2556940567424412
0.2485649011996745
0.24140375679726842
0.21659763980992763
0.2248063038298775
0.21937441319742737
0.22079050309198142
0.20219722552481686
0.20260809529252286
0.2036453354666031
0.2047420244100807
0.1837119804713042
0.18002053506009494
0.1772538273191007
0.17479501675445638
0.1641233869838347
0.17816944605256912
0.1783960559491801
0.1785538254126485
0.17985234452043503
0.1679331045663951
0.16759478778170675
0.16695254944149485
0.19261033202548805
0.17988708255268085
0.1925950972342976
0.19041012994532022
0.18989033596450278
0.19199678796188052
0.19243085092899712
0.19269382601117313
0.1899008506720408
0.1885012548018181
0.18664657914141122
0.18432757587402238
0.1863185234265133
0.18625925934080192
0.18616002514023028
0.18609020200704396
0.19770691522816702
0.23312602209001465
0.2002375400877076
0.23713807613134238
0.2323014237500487
0.21651967239865694
0.2555114838104288
0.21837054643862963
0.2392611607757667
0.22670770614617883
0.22949503871529883
0.2323203647579187
0.20932313702540387
0.2298471933107796
0.2423562752471826
0.27757453196573606
0.24581473287537497
0.2465036415091978
0.24932976635972465
0.24885704941453196
0.21411098625724612
0.23798642400149206
0.23723519528274928
0.2429228163405016
0.25397337712413043
0.23887281811465916
0.24501071567406604
0.24253764064751077
0.27785833334693544
0.2769215223640398
0.2732755148740307
0.27121818986982854
0.2693073064396524
0.26953264407162
0.2792561447461466
0.3015263360529917
0.30462619787369305
0.2886253224222324
0.28456053932831954
0.2820041550224266
0.2895810212507851
0.28693434725496386
0.28261253779673035
0.27909319029131013
0.29949785935890477
0.2987579244128794
0.29710752595230316
0.2966696505548352
0.3027825057998614
0.3000063652765179
0.2971471048119506
0.2977050234299737
0.2823887116478331
0.2793721509205078
0.27671015479692146
0.2741597661556568
0.27621414515329495
0.3174338086065882
0.3141951650961032
0.2769312629523612
0.23341787733483743
0.23851630480412775
0.24005780844430458
0.24317570775504987
0.2225103502137207
0.2217413934762708
0.20519846984991996
0.2032235139598966
0.19502280575509895
0.1936577319815064
0.19268793375449225
0.1918608457473788
0.1658962272707254
0.17652652501994565
0.17676405575125956
0.1774271843237021
0.19077430392520192
0.17875736384506752
0.17938433707789483
0.1795119215887382
0.20150045813113276
0.19048002108000647
0.20070775614104128
0.1966590282508051
0.19242913229376507
0.19041622546542838
0.18855763569831788
0.18679511821235253
0.1846073461656358
0.18311821427894562
0.1819631494028249
0.18088968683218207
0.18190634042181839
0.18136413969335807
0.18077005551660671
0.1808284852636457
0.18965188148241646
0.18984714101066089
0.18964584115456914
0.18949254164233037
0.19420947616856513
0.1946188112136215
0.19521473871832026
0.19694992517614812
0.19900208877466719
0.19981034981462617
0.20010392056031362
0.2002416093990393
0.20025268267475158
0.2010978470097197
0.2188174432949761
0.2521608307796654
0.20152862152463788
0.19895208846827916
0.2193012150281668
0.22098623505967432
0.19350970032550727
0.20221270927001841
0.20014118384505764
0.20472195277774982
0.23712595829749358
0.22437518264643236
0.22513098765942946
0.22851937069226766
0.25794735889079773
0.2635999649253865
0.2695745298187612
0.26973354873152317
0.26831277448479957
0.27058514932056876
0.2703495374572543
0.27140616517339516
0.2728899842871535
0.2709467655975297
0.2829131933059177
0.30459446806406937
0.315405776123897
0.31515091973912507
0.31499693389323347
0.3150742491975799
0.3338389633679863
0.3339945618899894
0.3341182404988759
0.31887703343399293
0.3185710390480034
0.31491831804369286
0.3068829994624358
0.3056285423908702
0.28832913602477483
0.27902735373366827
0.282825892529341
0.27691031795192506
0.26904995818619526
0.2700448270599336
0.27152536830041407
0.26612872252000114
0.23209451623669589
0.24340860337986214
0.23126498231556997
0.2556551446444193
0.21386525403508702
0.24952194312658257
0.21135564852553548
0.20560585284650215
0.1832918324020189
0.18255970352298617
0.18257172107237826
0.18280793953783744
0.15962385928257797
0.17272454160753561
0.17311544879838794
0.1732525251484596
0.17968922571004223
0.16597036308042534
0.17364666329995593
0.17316949476126461
0.19537402822105884
0.18423034676401764
0.1956249756964596
0.19253110063946188
0.18577689032975694
0.18051030962114872
0.1758942456070728
0.1700955050301852
0.16870244571149173
0.16591030757228376
0.16025531612913402
0.15743187524661664
0.15871546439907633
0.15963013131436063
0.16088755772350605
0.1625333964887023
0.17256419938111053
0.17399071694332507
0.1750572774900443
0.17616307089907926
0.17870492252752126
0.17677067905152272
0.17558212481698565
0.17344659039605767
0.17727616653361225
0.17992750013494616
0.23901192686021008
0.2836954279775884
0.24088629099670342
0.19419594111807123
0.26101965381856007
0.22684117050355745
0.23038958152349948
0.2152037803803653
0.20159640349020866
0.20027500439974344
0.17738438564457473
0.18564649011007472
0.1819609753077733
0.18424510890861498
0.20016465525781954
0.18415314955987447
0.18675169582909523
0.19141455767986354
0.21808953055649452
0.2072826084992442
0.21946689968880245
0.2166929969879133
0.21604802260891123
0.21571134846580872
0.2519983110931361
0.2877999929786483
0.25915042264902594
0.2560948886071632
0.2559521546601631
0.2560439927240669
0.26610623188894306
0.2632236353790362
0.2603731791704188
0.25733585639461404
0.2786508568322635
0.27858580403567923
0.2890012392811743
0.31945399726774854
0.29652507748337087
0.2895360510668486
0.28610138129404145
0.28295799884112344
0.273769344993731
0.2726568193654784
0.27025555917237915
0.26749825207074546
0.25617221939819845
0.25557361743061396
0.25745427819777383
0.25682533676787556
0.22384868346704537
0.236663720715514
0.22857274488792648
0.22584116346780758
0.20540863915199598
0.20911558481933626
0.20762364461867897
0.20787057196295808
0.18774116545153963
0.1855455490710807
0.18498032358780833
0.1845320738437876
0.1632052473187661
0.17741465838523165
0.1777306399002746
0.17805358805861238
0.1853429645803984
0.17299675281611648
0.1719133544707647
0.1703651041922867
0.19386941872601296
0.18144412335961516
0.19404758613624717
0.19159126307268437
0.1883977532418987
0.18838678015816496
0.18716728360269858
0.1863689612626793
0.18334854648292517
0.18211493091781775
0.18092432736988553
0.17977685951570951
0.18167815839982743
0.18116993935853223
0.18061591157991616
0.18004264900637004
0.18303837850594318
0.18216869293092244
0.18132528753278065
0.18067131351129523
0.21021405262458606
0.21317076774778954
0.21582575927630143
0.21842477351865375
0.22254942982257814
0.29438647227453674
0.29615976022753
0.23821985475134402
0.22976520247756507
0.2737342139429962
0.23551626151581267
0.23491061668290994
0.2710706868872089
0.2423141842670579
0.24205704192558533
0.2854631239473318
0.21402305947470177
0.23929370587973728
0.30431938911642076
0.24988020333079305
0.23157780681810994
0.21307304302310018
0.21441048699016352
0.21986456395821483
0.2462687219553987
0.24482045712661302
0.24370740283879552
0.24053741895394556
0.2400865815284906
0.2415433946535154
0.25171142099536603
0.28056722820326124
0.2808039960973427
0.2756852456629583
0.278380160694382
0.27931573093745016
0.2859319805360797
0.2837506064154883
0.2823809079930713
0.28115062769309473
0.3019339656773191
0.30106101222489956
0.29930588315706597
0.29750769953447875
0.3039152362793864
0.30098242190545965
0.29758312255222374
0.2941759175452863
0.28182826399564115
0.2800875003935033
0.2784790646353325
0.2794958103532438
0.27141005426819137
0.2705457628051969
0.2742692617611827
0.26552292927340887
0.22912537183265452
0.23146333064764338
0.2305694626749029
0.23640897161211097
0.2147641742233948
0.2142749621255698
0.214179730385195
0.215777180518603
0.19405410832906397
0.1911889448781889
0.19094505274448056
0.19112810929213767
0.17246357202770227
0.18371626705451993
0.18231107598180896
0.1811632323481936
0.1967613037780972
0.18439805241784574
0.18624442788390486
0.18505926718774357
0.2055185168404747
0.19334033117588847
0.20260583034178095
0.19752030335642137
0.19309532017694744
0.191021671727337
0.190080992356902
0.18822367734981577
0.17270421795918836
0.17187310435007128
0.17120562404263204
0.17061485763540063
0.17614912251243223
0.1769881626911123
0.17696524006940448
0.17668304529834336
0.19796340974879195
0.19819464932253147
0.1975122907877205
0.18731022751516294
0.20243826070002446
0.23783748824562234
0.2274965873286284
0.2266195688485039
0.23031469419544082
0.23044005779378
0.2292436922429456
0.22838862222981401
0.2263851990555123
0.22721454155082446
0.22857959097554253
0.2263229279723474
0.22648251838462036
0.22711540852335757
0.2277435827758035
0.2288593562252255
0.20217759654923745
0.21504743209801264
0.21508487475372934
0.2214311700194935
0.23724622169820128
0.22059772681389292
0.22187847867758875
0.2247775825530346
0.2513525378192517
0.24510132656922368
0.25740682606311166
0.25630306393754626
0.2572590631620535
0.2511060561848123
0.2492908324395546
0.24779731892628684
0.2500130944340736
0.2499223351641314
0.24976500018308773
0.24917079300026077
0.26125343303783444
0.26046282639177276
0.26006079825990575
0.25966638923005914
0.28250059377985376
0.2777418252169371
0.27860664190577766
0.28592697860042915
0.28989013962372934
0.28292655561833535
0.2805103532785538
0.2776228226279107
0.2689388051054858
0.2666196551760037
0.2687435819410134
0.2678037349763213
0.2584848427136
0.25746888171683313
0.25633293821970043
0.25576155673677664
0.22611166760309281
0.23598030981621307
0.22698888752538127
0.23233872722922067
0.2127371824744754
0.2134962916563474
0.21384125150749742
0.21421446985358517
0.19690333390224293
0.22202683002321144
0.19256895403084492
0.18741025539960826
0.164303360664029
0.17661634990811692
0.17680081434673112
0.17686173808071992
0.19032943320987367
0.1805255764823541
0.18082744206378873
0.18143381621734095
0.20070747113395826
0.18883641896936093
0.19845743960627663
0.19384260968228187
0.19061390457213043
0.1890321399271027
0.18767199505440668
0.18645042499102615
0.1832517758298283
0.18187936357121487
0.18056653266335718
0.17930705981906528
0.18194886006348002
0.18174570365525902
0.18175001422795792
0.1817256591806783
0.19033497228850854
0.19029405316902384
0.18984796512280128
0.19015798193607025
0.21207131546349042
0.21335832277078676
0.2142744676212898
0.21508677376965504
0.19502334151554193
0.19428154900142952
0.2173750060411327
0.22011717877819792
0.21776065389062674
0.21811632636024456
0.2186047825533797
0.2191161334465683
0.21918976965722442
0.22158905184286673
0.2252072644745818
0.2281870056413376
0.2026106813193102
0.22718742877060563
0.21811769415324045
0.22251229896696348
0.24459416906472892
0.23046784802162176
0.23292129873901932
0.23485240994150158
0.262896272770979
0.26200720205506584
0.26083122239705425
0.25698309200229463
0.2529880386217273
0.25056164015203175
0.25046564246613134
0.2562236020235795
0.2650481588744115
0.294225454340949
0.2598593993958312
0.25358448805738365
0.2603309766645337
0.256252924831283
0.2537390541339109
0.25161780797758343
0.27291380680325633
0.2732551754555988
0.27519273121240445
0.272142885851851
0.2799446617510266
0.27925169928804333
0.2775187397575068
0.27386838044437667
0.26066563070153476
0.2604595470390396
0.2630263460712836
0.26263764471397694
0.25517209673702757
0.263130134333699
0.2619973953655197
0.2536776773781421
0.22306689443566116
0.23093142188000815
0.22339706922697652
0.2276530774843112
0.20491632129884002
0.20733609451334012
0.2066411124448686
0.207310079494399
0.1859388564765353
0.18509568123663156
0.18309822668160902
0.18294462886247181
0.16402940521509332
0.17817713648343655
0.1784564667950687
0.17864289980429365
0.18559798245844053
0.17425075701816156
0.17563949458277747
0.175473442381947
0.19339599303652824
0.18098162806915272
0.19054302836662715
0.18575771847808076
0.1821829128601672
0.18093760144536808
0.1803807281800668
0.17968232543591126
0.17709678773428358
0.17619043301167442
0.17521132581232754
0.174169269989293
0.17520674369150124
0.17472944539396779
0.1658597011048414
0.16530307022761978
0.1858818143392623
0.18586747092760703
0.18527017218325248
0.1847124564995464
0.20383443940632465
0.20569602745512755
0.20734929898040116
0.20918316719244887
0.21396284977448496
0.21726094906924795
0.2205557819252925
0.22393688058965047
0.22489355038499642
0.22874541782527003
0.2348761296029625
0.23460349025270819
0.2349081415578069
0.23785168397431797
0.23993980511459884
0.2409490308994498
0.20338174857027908
0.22020875529984185
0.22527108768930976
0.2268709556921225
0.24858612206647537
0.23479577536643223
0.23727330499982316
0.2399937717954491
0.2753389455994798
0.2799115617773623
0.28707780176878445
0.2887320414753167
0.28422613558479315
0.2851032234366248
0.2874132343559035
0.2863675214834923
0.288658989009219
0.28766243546972003
0.2853899526926896
0.2820494838491581
0.2927898733981638
0.29207210159770713
0.2889034273329932
0.2863754841598074
0.30477246043496936
0.303388031016311
0.31154843267392635
0.3327080800867886
0.31128620525922535
0.2989404224607321
0.29658466174275916
0.29482874842064016
0.279205664721219
0.2770496409077972
0.2773891986092131
0.274779765040548
0.2657444287311322
0.26530019736712207
0.2648712410029924
0.2644815191018597
0.23520783893031852
0.24322061684630697
0.23354316888611007
0.2376375196205857
0.21750616913656012
0.2177932750194844
0.21712366933793617
0.21663346005102627
0.24638318223802183
0.19851985660092303
0.20931191823409784
0.2096497734693863
0.17221741443659297
0.18256730527277126
0.1815923077731596
0.18107274960141512
0.19889290855914185
0.1861017908157096
0.19273165307664333
0.18613674470314992
0.20613890996611103
0.19495220241331018
0.20407346808600224
0.19998899720974778
0.19517967691257754
0.19251475506821525
0.18997973258599551
0.18827872636282159
0.18542527134834735
0.1846737462788578
0.18404812161753215
0.18351047737022438
0.18428641075194013
0.18353098866236373
0.18310274935548956
0.18258985833685404
0.19046900941408776
0.190122654699268
0.18947815182650876
0.1889590203992305
0.19482883358614428
0.19650099914950891
0.19924384984657847
0.20143934502602276
0.20652241229915014
0.21026755832829638
0.21397004377814852
0.21753073037931062
0.21878987897478744
0.22052858264275543
0.22156596746761809
0.222487718662302
0.22247736527035653
0.22557748295922167
0.22814868079180578
0.22978055914785472
0.20170170659738673
0.22639902685843427
0.22845711489626563
0.23281404696436847
0.2390775754948006
0.22376300974895477
0.22697340077484382
0.23043990538738574
0.26290686835522115
0.26569787799826733
0.26772247933476784
0.27111099787211357
0.29551718160049595
0.3024756341851189
0.30829916675136154
0.313251183951986
0.3147018443720695
0.3128754565245846
0.3100608694182867
0.30693505719648234
0.31958743649664595
0.32066405331062997
0.3216954848674753
0.3227146578323182
0.34104268830292706
0.3391714393428855
0.33669006874123386
0.3338627039641163
0.33705501317689046
0.33075665051610476
0.32579779961135624
0.3176236099375466
0.30568517757278924
0.3068491569297476
0.3075254963957618
0.30107310120698194
0.2942277890031338
0.2922159154131158
0.2922381868078425
0.29593470073583716
0.2491280383917647
0.255038473099054
0.25467236032365975
0.2598027413414702
0.22377865756732696
0.22044253684267368
0.21818188457182577
0.21649170158441713
0.2083879245973109
0.20768292657999715
0.20719125600696145
0.20737241972349166
0.1971099689322437
0.20833887812818994
0.20947314470614423
0.20826978714341807
0.213922651794358
0.1977660529052793
0.19483483904525573
0.1928617059860065
0.21195233589418153
0.20169838048783
0.20918222283179777
0.2037709667632131
0.19940710409834386
0.1974902292424646
0.1967636842601131
0.1951098301823377
0.19338322991121779
0.1935373660157366
0.19368071916387108
0.19377245609112329
0.19394974614730862
0.1930400423092518
0.19138888963847955
0.1895892473101948
0.19764060214266785
0.19774998536155217
0.19761238388933616
0.19761716297944298
0.21949765919980638
0.28660765781064956
0.23410476193505622
0.22614911738581933
0.2955971161030781
0.2674491687445052
0.24304865021989058
0.24605630488992186
0.24524297913218243
0.24683924946653388
0.24827740856271033
0.24986446260649625
0.25061064759993035
0.25462567248695195
0.25786314901825347
0.2603236870158075
0.23553580749593897
0.263148913684967
0.2630236394202193
0.2668459513905016
0.2735004020563341
0.25972805745548827
0.2572068506450729
0.2592234155194999
0.2886374997306979
0.2896882110500053
0.2905577051998188
0.2904887189406272
0.28725290979484586
0.28614733183557806
0.28473903500824554
0.2855057313911592
0.2853627362286759
0.2839544854967426
0.28196631571664116
0.27768885842286545
0.2861733580687321
0.2842142935774305
0.28179504792509436
0.28112086111434254
0.29837221254900725
0.29682758783353297
0.302307503843918
0.33195392411840097
0.34040917420799094
0.31808001406774233
0.3053322054534021
0.30468818731899694
0.2866420659974049
0.2829889118997232
0.2797656678345156
0.27667133986637815
0.26675160878209725
0.2670069952241202
0.26616152233031004
0.2644024732316782
0.22831141693948087
0.2390584457796799
0.2309402175511931
0.23416658941569848
0.19880306157336144
0.19782940571743426
0.19809041561488824
0.1980282850939807
0.18959662864517576
0.18856638879667703
0.18770299918899366
0.18691438262950186
0.16410576903331064
0.17830899774720874
0.17950143805709795
0.1804936203083356
0.17810208206214623
0.16447810867974863
0.1655959391363865
0.1659424641215322
0.19083961440081307
0.17637447842413412
0.18737314250670248
0.18384578776567895
0.1802916993770754
0.17891626419432596
0.1786084782094729
0.17723094525305935
0.17451700371262413
0.17369198673269728
0.17296331903319143
0.17230789951802375
0.1739067203640762
0.1745355626888297
0.17450267054043828
0.17440886486736565
0.1850471781553542
0.18705631674423012
0.18857525499360234
0.1898462056589
0.19435537781344794
0.195276215958386
0.20555344705622497
0.26596441084121686
0.2931907143825971
0.2351020956766745
0.22657014978856782
0.22761169408032367
0.22506131380221736
0.2796342751054689
0.2959676566307293
0.25526301836993504
0.2107550731879049
0.2840750659634026
0.23650245981817142
0.2274123244311905
0.24378692150669853
0.3120843774034517
0.2162056709036289
0.21223533487414514
0.27766321668500055
0.22882828995889096
0.2016125463898687
0.19932224642331908
0.22501562152731736
0.21421879213735046
0.22491758875906498
0.22361620292306922
0.22043833858868186
0.2196784800369253
0.2191034986081422
0.22060556876065143
0.21589635254605438
0.21660379211361774
0.21813715959981708
0.22207044272822085
0.22325128135276895
0.2596265472607497
0.2551156831093827
0.25374499660182986
0.2742437716909695
0.2728602364330517
0.2709469652132463
0.2687426299120065
0.27549159505865295
0.27326548931068945
0.2703177240688979
0.2674352333145298
0.2560449196531093
0.2552032154301036
0.254438356767798
0.253715463268517
0.25033180919380205
0.25154390308463376
0.25241998104349134
0.3035910809882813
0.22943947613425195
0.2322785232245748
0.21935388239563644
0.2218190207352715
0.19151642781010997
0.18793771852475377
0.18969815274298346
0.18921570322386294
0.1811360562324954
0.18071068052288297
0.18045233520726803
0.18025681456415055
0.16445361585485954
0.17820602021003368
0.17844748999443288
0.17856178201479223
0.18390033923777874
0.17239225890535476
0.17287422458080995
0.17299419172189318
0.1937617625967474
0.17983892227156745
0.1909909130854771
0.18749703464539144
0.18369831592434557
0.18205907659783085
0.18056132879254566
0.17916222998302783
0.17708547289637427
0.17544741545136144
0.17417517192233772
0.17295586008615568
0.1738734137193209
0.17316874281832353
0.1723636493292679
0.172282049466541
0.19187737641991
0.2255386418860652
0.19475177272392707
0.18267041440173554
0.18536920238889387
0.18487233422881688
0.18508807067128166
0.18676610994234452
0.18964090430503094
0.19157836702049788
0.19364828457460434
0.1957041157865134
0.1970004145287869
0.1990569752054275
0.2231563019758489
0.2269574772245293
0.22761929560878952
0.27267464316274165
0.2380413271952684
0.2386128467626102
0.2086965979719754
0.2295421698677744
0.2078764662738797
0.2103468104333655
0.22765786425043102
0.21194470142898994
0.208717643914469
0.20979602571732078
0.24827433664372467
0.28204118537563566
0.3024102695571526
0.2838055781574424
0.27605777952713934
0.2744976271757235
0.27332347406303775
0.2733963970009866
0.2515903256153933
0.2511247378787126
0.2501785662170934
0.24966824289380404
0.28472015203839124
0.28367430254926485
0.28177923998436766
0.2794680404559166
0.2982375162108298
0.29667634175303
0.29226366290627775
0.2911668173406269
0.2941980926639001
0.2964904517653441
0.2951636457310636
0.28686173621858796
0.22520082567401764
0.22109380926391115
0.21721146235218478
0.21576417001864368
0.2112894252623466
0.25093510036737254
0.2525087274424094
0.2528928944188094
0.22395175587972227
0.23296804942003943
0.22279484826535217
0.2264678805425019
0.1917272730660476
0.19116537158765576
0.19083185957414686
0.19071850615980826
0.18196623485611974
0.18050457315655416
0.17915008823168324
0.17780991308581245
0.16523659792994355
0.17898847124317296
0.1798836317654937
0.180225824174251
0.17992888623995956
0.16758156860852194
0.1714576092661836
0.16835818328507177
0.18897777984850989
0.17199312359156332
0.18067053397840732
0.17525813696935802
0.17296974263931755
0.17312854497666313
0.1735007370967577
0.17398593129895115
0.17113605944352867
0.16911316938092136
0.16697029807437735
0.1647303040348228
0.16621582293972076
0.16616510244201244
0.16595905780415737
0.16563860574999925
0.1856873245141583
0.22740150473178583
0.24090770701721984
0.23789089612746162
0.21779209949027561
0.21287197890503706
0.21145024675190285
0.21186683742098852
0.21724159967752976
0.31348573572140104
0.825324982588431
0.23277191390635033
0.2293579627307321
0.2296786525028621
0.2319850385466682
0.23419968591557871
0.23469527195266332
0.24174213917934406
0.2460509964751552
0.24534599952416114
0.21441131550109283
0.24255602420477046
0.23634516846879697
0.2366850111811185
0.255246392121225
0.2397147207533443
0.24338685187159162
0.24377471923922456
0.2771084828802225
0.27675480656595036
0.28040042129043286
0.28182605260895
0.2796957513475519
0.28058425375339685
0.2826630516840961
0.2808680985423694
0.2818279148726788
0.2797368687997483
0.27640568455016956
0.2722861939279522
0.28034505495189266
0.27246041451977376
0.26990897322619234
0.26739363126696347
0.28861342058822087
0.28472712121297206
0.28138855581531474
0.2786033868805
0.295327905002579
0.2896356632918342
0.28632241248792645
0.28375828180195906
0.2783744927969087
0.2739493076727903
0.27771237108624847
0.2794558919637011
0.2680075005746827
0.2650936739213892
0.26401141772525055
0.2636486118942185
0.2309035411880632
0.23980623795183606
0.1997016629882569
0.2030482704955267
0.19385721189912372
0.19332683419605728
0.19323867319295326
0.19321416691969107
0.1852291173228694
0.18462680046306568
0.18417101424114804
0.1843919625585881
0.16370044958981655
0.17778667009426952
0.17793959609848495
0.1780576075897718
0.18655462507268694
0.17394627116754693
0.17340906430655834
0.17314232931536452
0.19221004789682974
0.17808708210935958
0.18795139750889234
0.18326399958214853
0.1795507048820145
0.17814151639057102
0.17750034912095589
0.17656676579279296
0.17407423303553415
0.17345292175047608
0.17289255012143095
0.17238622548792049
0.17348964023272095
0.1729661547172117
0.17323248522317602
0.17239864659457896
0.18235401173379637
0.18386932325164437
0.18507146056960486
0.18973114122626114
0.2091190949658495
0.21082120740306157
0.21188143012205032
0.26292063086029793
0.29708679996870874
0.23116347194298634
0.2119928216131638
0.2767246107894935
0.22351536845090833
0.23026211394785706
0.2319780450549704
0.22222068650146362
0.19987767725651778
0.20035473734059822
0.20181047967374915
0.20346173160093262
0.17811475436302143
0.21052037888609995
0.21471568198900526
0.21584812791208832
0.24191446806142095
0.22430269584788975
0.22586797319656632
0.22792311615579477
0.25535670499423263
0.24806634608113307
0.262141928011353
0.2617124129694234
0.2550412105348219
0.25413438752719486
0.25432226614402265
0.2544925662995581
0.2565166198282326
0.25393056696438476
0.2510527145765997
0.24790846048137385
0.25966989032661164
0.26037405086272775
0.25843472940376777
0.26043376915823585
0.23260042552078927
0.2317039177727618
0.22392283173508948
0.2255806462085629
0.22385787739632246
0.21848776763715755
0.21492179569514905
0.21158531499527367
0.20570085732774984
0.20947823467413537
0.20794599308868908
0.20699089294669248
0.20224659130145364
0.20071247812837875
0.20220409477423584
0.20061062344716174
0.1887344119046301
0.18864669039963858
0.17664399361115127
0.18004228525204125
0.17985914503209777
0.17968940464217265
0.17912386070805875
0.17838391060549474
0.16992237647997516
0.16884614616281957
0.168342247062327
0.16747339180191587
0.16685893454431883
0.18087746458846005
0.18089403313488248
0.18077583588318363
0.17676365065555388
0.16251364677534666
0.16250721435368878
0.16239243314495108
0.1892079489676885
0.1676873065295197
0.17896947341808053
0.1759433097839022
0.17228661582605112
0.17069559466381398
0.170211814147592
0.16844700707361374
0.16566378957768915
0.1647456006236863
0.16388335721220754
0.16306979594693488
0.16467514202106456
0.16542276402893155
0.16532891337783054
0.16526055205160056
0.1739583070424219
0.17396547253913935
0.1736138437884224
0.17315989034400311
0.17949958689209256
0.18262067601208545
0.20164008356809593
0.20446402274349282
0.20749983439055833
0.2080937073627505
0.20867683243897328
0.20918882478295028
0.20779047148980656
0.2083068413804818
0.2092091342011187
0.21027704052907586
0.21126998673885697
0.21473349859815524
0.2183697855831207
0.22191221584068047
0.1945843356032268
0.20364309867819144
0.202475332733124
0.20680822606816013
0.2368067036942111
0.22549743270352074
0.22705027234363237
0.23204370607918406
0.23033794058106064
0.23044736218664708
0.23504905063053957
0.23689597993466296
0.23054555447965663
0.22956995368819755
0.22900359911780638
0.25663099527287125
0.218685834831376
0.21239214619762756
0.20798389637220438
0.21195014363400067
0.2516865287436306
0.2568191805023178
0.26208958073562005
0.24843332408712687
0.2751009138155337
0.2739569367845048
0.2722637072887357
0.2702825562639056
0.2770627127153056
0.2734512467235413
0.2696945316219999
0.2655805146019751
0.25550029153610193
0.2559805682324513
0.256518844801819
0.25707322174121516
0.2505054861741381
0.25091825428788095
0.25145239720233853
0.2518898633278941
0.22313759229059252
0.23166199793509668
0.2207052849813664
0.22498650425431507
0.20508201831694645
0.20676925272481023
0.205435601799921
0.20556519489337374
0.18380739816672334
0.1834705576614226
0.1829115773526658
0.18420395347000432
0.16068269005932193
0.17516209740383532
0.17977431322070125
0.1801556080865722
0.17959962799292753
0.1666490313540405
0.1668110644373142
0.16635323748389197
0.1898545120276763
0.17251367123505223
0.1835074464726866
0.18068058015553962
0.1762818104055251
0.1742978253968565
0.17245973659430408
0.17072395816341832
0.17359041268599698
0.16879355335838211
0.16747822283341882
0.16690358819770676
0.16799881549797308
0.16814768548987782
0.16193108880556875
0.1606738407777695
0.1751540100381475
0.17580513711864945
0.17601533185547702
0.17581235325765476
0.1810500567924491
0.18294904947793966
0.18354523636131564
0.1844747038241359
0.18645079959134947
0.1867406674168614
0.18691600671902517
0.18697418696653356
0.18813215526742394
0.18940027754344793
0.19120329128130276
0.19308590436529147
0.20905041367095747
0.21257301813303764
0.21547620087573904
0.21812712591020617
0.19342476045679602
0.20737251508072405
0.19795319360681637
0.20001970397020727
0.2278624109509764
0.21250342664785898
0.21403908619260623
0.215877830178598
0.24285154156563413
0.23465882495992707
0.2478045423425218
0.24714175510233594
0.24487110139653748
0.24818963662729138
0.24549971639606033
0.24600115509845594
0.24711634469051197
0.24696971755226915
0.24751857046803954
0.25025048076038137
0.2573269088054938
0.2538888039472978
0.25559409813873174
0.25063315672300174
0.26779888992820955
0.264136285875372
0.2665627453562437
0.26539898620973845
0.2753778299137186
0.2715535535017783
0.27429746816218015
0.2715102816611263
0.21164593494461667
0.20832482327119473
0.2063068021769526
0.25387446654116
0.24752470469630145
0.25176641445321185
0.25064810946902105
0.253177611308441
0.2257912610983273
0.2310651479351842
0.21930608408267954
0.22250665813271892
0.2030549358802831
0.20436007742175735
0.20509243240113367
0.1903460800342233
0.1816034684728408
0.18069503717295674
0.1800168017552196
0.17943609372758315
0.16454554469121258
0.17860230062964133
0.1789865557332105
0.17924461788056384
0.1811672988471742
0.169921282789267
0.1706041772054758
0.17084487053024433
0.19267173466955725
0.17650331132401476
0.1875725851222999
0.1838163183363145
0.18184938185292857
0.1820752822255016
0.18235315757130632
0.18258488076674154
0.1811112364741939
0.18022457918096796
0.1794848443948194
0.17868808403145164
0.17974313636727068
0.17917670373141364
0.17852556850132348
0.17847374230320495
0.1872686556059161
0.18739665128425953
0.18716683967377773
0.18684406611966248
0.1916168592194647
0.1920693421093189
0.20991587148172625
0.21230837740003305
0.21523699320183395
0.21619036098724995
0.21723487614675577
0.21831935394564864
0.21568499006175226
0.21566416661507107
0.21639746422750464
0.2165987932249892
0.2151251112099805
0.2160070127500735
0.2170293165648638
0.21814174217351193
0.17636912493308732
0.1835506811731839
0.18184301776823705
0.20593942121043457
0.2282617834330341
0.21369388179261276
0.21656536250634992
0.2194805366175012
0.252582445751309
0.24445167872392223
0.2588785906745244
0.25593257676897585
0.22868687012653208
0.2522566109639445
0.2542884728960612
0.25560397684121033
0.2601998625204508
0.26159407947552876
0.2634372697474849
0.2641623640032757
0.27178865240825767
0.26860445053576654
0.2671837872688649
0.2656059602303757
0.28681005448992253
0.284810416461959
0.28413872514909283
0.2801458199413622
0.2892096010586128
0.28675427843658347
0.28656076992518653
0.28331987543766884
0.272778920012379
0.2727163740507984
0.2735749388832088
0.27336192388500224
0.2652038614641414
0.2653507144676198
0.2670181478260922
0.26707770448486845
0.23331614620293173
0.24435300150543432
0.23513417288890429
0.3299317875398436
0.9094270799721895
0.8236803219383201
0.22786295329593936
0.22508431559920128
0.20008672618604356
0.19927226081146385
0.1984579225346111
0.19784555811734572
0.1727785395586195
0.17946750955224003
0.1807755355168147
0.17859041491064384
0.19757042642049202
0.18617522468558026
0.18738868968524464
0.18822517814048548
0.2077600832928182
0.19635543695802093
0.20618039144959116
0.2016427042426204
0.19760001933610097
0.19590680518930859
0.19445454876253002
0.19317006143149704
0.19045101933620057
0.1899879173894613
0.1896394274214143
0.18891782141017363
0.18975110189429578
0.18902547554118995
0.18822914178495995
0.18743731650511908
0.19555308455009904
0.19601017812799104
0.19517580788487018
0.19433024072943314
0.21720160300790306
0.2579919740734522
0.22562142561520518
0.2529758691704526
0.2358196927532792
0.22845375949865693
0.2295139869240641
0.2304975273976437
0.22896904469129567
0.23018548711782363
0.23175943110060188
0.23366491485779572
0.2334066925055477
0.23629430891408448
0.23855286705954365
0.24338124191105126
0.21314658456392263
0.23811022980147642
0.24090447525013645
0.24656781923847276
0.25278717704279435
0.23878581420676284
0.23689909858982183
0.23773737384637922
0.2418662623324494
0.2286502352107983
0.2377660529927054
0.237927554285706
0.23464885092536092
0.23603647350332307
0.23847760277996058
0.23767481215141995
0.2378245768813458
0.23733852770061362
0.23628542818309534
0.23518555498308757
0.24282627310709942
0.24403335757151434
0.24075754254217732
0.23902473377761743
0.24614116540503578
0.2439593735881995
0.24158401009550234
0.23980965527860248
0.24213126071482163
0.23984963557365868
0.2379350141058594
0.23605996927403694
0.23034447398528723
0.2289836025637622
0.2754422838617348
0.27799284278771685
0.27004568760204106
0.2701832163940405
0.26997356227263725
0.26955259451580255
0.2643236834865123
0.2522880622782726
0.23962653370330347
0.24245567146799238
0.2228975688431693
0.25844783650906944
0.2110768206908696
0.20783554303010937
0.19914900783181774
0.20001797403362012
0.1981096535427145
0.19779097400295517
0.1715677211859069
0.18793246093578
0.18551298769509958
0.18619310196150704
0.20524960151774185
0.1925801215546608
0.1931141644964181
0.19341486559208515
0.21456721573296614
0.2029159165679856
0.2120486084899007
0.20841464395948553
0.20461986339901997
0.20309299847858342
0.20178385960721143
0.2006229828578475
0.197876081583177
0.19695077175798245
0.196065561028904
0.1960795638911971
0.19690049762495038
0.19638694620988453
0.19580804374489932
0.19523565517366342
0.2034979860195316
0.20339367787345408
0.20354666523981518
0.20311778568029598
0.20712939987676462
0.20679279095141542
0.2067156138825705
0.2068699456757226
0.22709437719338824
0.2669739481961949
0.2359707432520326
0.23565158106755527
0.2937920265348504
0.2449387379539269
0.2412066316315318
0.2953771665225116
0.260397231638334
0.2539823666708315
0.2858604055181157
0.2596562201233029
0.2252209050433222
0.2763683446998758
0.2544851977892631
0.25729319743407486
0.32243062054341526
0.2772884357761335
0.25937304437332115
0.23254054206783342
0.2622630623717801
0.2668643707292914
0.2632231110754814
0.2623391660991727
0.2594344424756078
0.2566711656255324
0.25275626966646664
0.24786260013027117
0.24970047895804448
0.2502001503101055
0.255946265977865
0.2862996201187415
0.3176327708711879
0.31719942659494227
0.30607835266211
0.30020373819383733
0.31821327843600405
0.3146734188028415
0.3110951823223032
0.307775376289096
0.31479957584346824
0.3115887633568628
0.3088793789805312
0.3063096153838787
0.29433541404798874
0.2926315454450059
0.2909395014855102
0.2916049901733042
0.2822929300039533
0.28605362936767303
0.2812989061277037
0.27840680769070314
0.2398863930617108
0.2470705718318312
0.25058621868469444
0.2525784252437646
0.27396970689644123
0.23575666853034952
0.23631501561679016
0.2408217181453994
0.21147977016697658
0.2104209319697693
0.2064404902708453
0.20509604350602725
0.18826918601523376
0.1990773716862975
0.19707740271336396
0.1952799581307963
0.19377783203243687
0.18126551747296585
0.1843232435466924
0.18398897081427246
0.20449644408026996
0.1920372042601843
0.2010689090493623
0.19651421085585377
0.1932780338585808
0.19213722380526319
0.19215298004565373
0.1911191456331621
0.18850348533491879
0.18737865875607437
0.1862671112263562
0.1851505434129205
0.18582621028481605
0.18554709456626262
0.1845572511383274
0.18353689708731005
0.19228139634933733
0.19319577572621796
0.1937924772906828
0.19427693628544432
0.19779398886344846
0.19842459816191563
0.19786350447768947
0.19758049211479695
0.1993136046167287
0.19970222383126238
0.21056350739035434
0.2436961555836921
0.24871819457140923
0.24661297888957334
0.24659914335161676
0.24713937713247558
0.24571474576868357
0.24647602704202753
0.24742306844066111
0.24844806412248566
0.22018259876440796
0.24148298672198645
0.24171311774615353
0.24714056727068062
0.26210022538611966
0.2473121703380799
0.20569039281210785
0.2063525381608492
0.2859587419359037
0.290821680044185
0.2899263329140341
0.2860506048571838
0.2841142074287032
0.3130016340601965
0.28824186391359835
0.28674554167271793
0.31863851941269283
0.29594008747900546
0.29711774648886047
0.30280743010572425
0.30850476044056396
0.3037331136179271
0.3000892098382596
0.29751825497549117
0.3133904603840429
0.3125600678246711
0.3075860430758516
0.30513977412147375
0.3186357934713437
0.3216544900281608
0.3190030878397816
0.32025107743925973
0.32180146841227414
0.34360228562843237
0.3437948371680023
0.34400006373539427
0.3349290720688562
0.3344089566445943
0.325970166554317
0.3219531790028676
0.27487949345404833
0.28777370800892804
0.21359424059714519
0.21295697521237617
0.3417496980496775
0.9438629716572192
0.8561035077565169
0.2573410338247424
0.23120599760496285
0.23017787622548863
0.22764302333302205
0.2259929941151919
0.2083132977937369
0.22003723426992863
0.21753685853056434
0.2156536075234682
0.21548167722700126
0.23061077997620766
0.19469814335715202
0.19213494525166927
0.2162689784223395
0.20281501399311086
0.21076798116209722
0.20546647082982916
0.20173748544139325
0.20024598545774067
0.19907969096354497
0.19904991484299167
0.19581990382727749
0.19435794408135848
0.19297984544308486
0.19169183900779618
0.1925823534043786
0.19196301225979168
0.19194156099877385
0.1913172960425181
0.19845228780003374
0.19755955191109248
0.1962301633201703
0.1947129953145239
0.23825721108465983
0.28755195594438226
0.24291719268327022
0.2403592694502211
0.30093964928839906
0.24728332600115616
0.24603243695226484
0.24648302371571731
0.24528156428368825
0.24707963860379867
0.24910214791258378
0.25118498271623735
0.251412701648078
0.25492713546656376
0.25700038646243517
0.25894803794353854
0.23209087519294308
0.25689091852225654
0.2626711859468956
0.2676538388119781
0.27702514761130687
0.2637570246800179
0.2644792330885741
0.26727096975484027
0.2978233435247288
0.2971690975596661
0.295470771370927
0.29315097183847205
0.28987028543745824
0.28980275338064165
0.2898496178753339
0.29139172250067796
0.29473645760179545
0.2959136797375881
0.24237201717581427
0.24258242166301783
0.24445320589035818
0.24243009526792236
0.24197275990521938
0.24072618506702642
0.24482552523614776
0.2424793220668369
0.23989239852445887
0.24431533384485474
0.24349461518592577
0.23768983365222215
0.23774365299460798
0.321082792837057
0.30881363863188477
0.3081815924841861
0.30762566321456253
0.3074518157553761
0.29811947099758096
0.2983688319707833
0.2987436424062468
0.2992546843308842
0.25693440429473363
0.26431995592590074
0.2640136619397773
0.2681508854945746
0.2456966854413957
0.2452742559671076
0.24572670556161677
0.24704609762778673
0.22282509454295427
0.22171350284029684
0.2212249046915276
0.22090058847880165
0.20767213126777453
0.21944590963849428
0.20318024113617572
0.20181006510238686
0.20524786581193025
0.19166408572778634
0.19129833562061727
0.19079181429672892
0.21606394251226133
0.2127798941960885
0.2121122815458365
0.20748534119591464
0.20347030759942566
0.20158018447600912
0.19999899861180984
0.19924330972793244
0.1966467040356705
0.1956009259839076
0.1946323272129744
0.19373992215778607
0.19472588433419794
0.19417572326468097
0.19356485758172434
0.1938973023619482
0.2013722951001808
0.20127982136861808
0.20089450414238666
0.2004538106752869
0.20378501797337925
0.20337614936883466
0.20363513564381958
0.20331504416754137
0.20512522457372007
0.20572726127754684
0.24702248142056224
0.24921939040476487
0.24707485875747967
0.24768715831043528
0.25009075831788885
0.2516894952580301
0.2516219052759486
0.25398377339359296
0.2551949416319899
0.25561073659875305
0.22685579232564734
0.25192572902827126
0.25425974750164987
0.26162927633943367
0.27091390079451155
0.2554946536052392
0.26079429575069973
0.2591739282675497
0.2913252320514086
0.28519482669194446
0.2948946323563767
0.2980579500771118
0.2972846752602073
0.3153714994018591
0.2878356668827478
0.2578800167278149
0.2604220704860559
0.25907237053789023
0.25789733614803995
0.25821005411904263
0.2646583124129832
0.2571497014752161
0.250911825775934
0.2459517961861438
0.2525817281642371
0.24870490780719634
0.24403238383422352
0.244551128440833
0.24384431652596505
0.24071899783625372
0.23857806737251044
0.23664848121863066
0.30356846567025775
0.3051246993215672
0.30516879870055297
0.3046446598485426
0.2952222476087385
0.2954128619538275
0.295497094166471
0.2954886012915461
0.25327292146563
0.2590608929127196
0.2577516932615541
0.26102180233177696
0.23882023394660346
0.23883370168358345
0.23915883797534274
0.24275111064506522
0.22329421089355042
0.2182098094286341
0.21762712975335657
0.2176423014067015
0.18174210668502297
0.19174516090204055
0.18911599913565896
0.18747156646290658
0.19862182431495676
0.18547676082435727
0.18511699928574868
0.184503024442632
0.20921214016461726
0.19678458018491257
0.2059540351883593
0.20248944958703385
0.1981494289808797
0.1961710942352841
0.1944789815716624
0.19299104919076765
0.19100418927643734
0.1906744530486476
0.19111417137942183
0.19094533017358367
0.1917499717373572
0.1908738033483745
0.1898893806668581
0.18889796092835048
0.19615987309894367
0.195468099271325
0.19541590473589845
0.19397311366846667
0.19758117212332604
0.19749507422524473
0.19748190896491802
0.1974659889779386
0.23989493567942527
0.2425612376361512
0.243893845397301
0.24504102950143583
0.2427028914481206
0.24324325783291184
0.2546552584026926
0.29806056428714944
0.29620434168219123
0.26332176797273704
0.2583789177110607
0.257696122311285
0.22244335426769385
0.24366275112219057
0.24381779248695573
0.2490461511363046
0.27502796533269197
0.2920132068099988
0.2619444430841239
0.263379221691291
0.2919112857665419
0.292358607429105
0.2930707508066848
0.29222171059743624
0.2925451122828778
0.28958902161418576
0.2873758523568337
0.2844902895093992
0.2866626188178002
0.28824567485392316
0.28698153058997133
0.2859047806868976
0.29778315210314793
0.2963432447557835
0.29743478777938664
0.29286694913653466
0.23774794874761745
0.23225056809082775
0.2264081113807734
0.22167152478961344
0.22188954426346186
0.21822708957768902
0.2149315628761475
0.21180139733987888
0.20578742279871853
0.20441140578936134
0.2072163353552729
0.20575416077715242
0.20051514521213587
0.19879174030791924
0.20192048175126542
0.20049678170879318
0.18067977692579487
0.1857972229146467
0.17385130848762856
0.17628780665397134
0.17328916831834582
0.17402395043705865
0.17468347166986037
0.17600507405666582
0.16892865450077066
0.16840839955160217
0.1679706862602221
0.1675448695267595
0.15352288197113578
0.16761347516966302
0.16787557809356532
0.1679014006697778
0.170355660969335
0.15846576698514872
0.17161709296816552
0.2059474356167582
0.19092946001754144
0.17756119572172743
0.23051912717204867
0.18948034666477837
0.17989004537780043
0.24034189679754606
0.18189183326335834
0.17636270061759188
0.20956326172089354
0.1735653954129746
0.20751256605337218
0.19099206743593475
0.1715549702705508
0.23403328243419824
0.17660819729782085
0.17047363570658725
0.17748780061587635
0.18094421264060034
0.1818703819419475
0.1778299733231355
0.22178356350162684
0.3149255491908767
0.9181700825483081
0.8304224959853552
0.19003920432499977
0.18926764236567045
0.23705209246134362
0.2424854128219677
0.2429548471553154
0.24608357852349216
0.24851411607943286
0.2491198164515303
0.24956094372540472
0.25326043407546855
0.2555240842728078
0.3547830689017636
0.9093240337651716
0.8453811395563907
0.25289253388599275
0.2490211570502214
0.26962990664619163
0.25466327791824267
0.26066084652204946
0.2641586020275547
0.29675883488267735
0.29732876270693265
0.293677426959812
0.2919504535416995
0.2898811279741429
0.2906706543286242
0.29255373125484124
0.2920691099052665
0.29555141627123505
0.294643301955586
0.2951645245223818
0.289948165940102
0.30006513501868876
0.29901322996603297
0.29606243578924923
0.29329455176300945
0.3118123864169473
0.3087609444651203
0.30538633532292175
0.3052458934371129
0.3112267833175761
0.305751902115803
0.30172302837530846
0.3059291740699055
0.29463906355366504
0.29375086113744964
0.2927183667207418
0.2916993739660947
0.281948996721585
0.28348785548423894
0.2826602158268286
0.2823181457731469
0.24269970699004706
0.25716759874896244
0.2565502222487108
0.2869075362039679
0.23241338750520946
0.22771722519590343
0.1892651597992795
0.18616462268963913
0.1780915607319906
0.1769142331945077
0.17608503553447621
0.17543416967842576
0.15423978859323098
0.1663868377942002
0.16661704533946323
0.1664405166941576
0.17636835584912575
0.164046805155996
0.16369795610994076
0.16340705114358867
0.1869426433185731
0.1771977597692429
0.18730624772521226
0.18392805689304884
0.181119719733679
0.18029677271311992
0.17967000251354148
0.17917479050744473
0.1760475248059996
0.1753251092963471
0.17334381396847476
0.17167709844498294
0.17392160356873418
0.17475004198164648
0.17552047138668464
0.1762616917244264
0.18550043461563084
0.18601182898225443
0.20970457742490722
0.27298721727408454
0.23633913478769536
0.2317159370744105
0.26261382402549466
0.20174746444472094
0.18640970863906353
0.1850494074411007
0.1856160637170915
0.18609027408692272
0.1839251900228406
0.18211525439194684
0.18115840783482923
0.18034131377605478
0.18359848517419802
0.1925574143428712
0.19974383883605007
0.20174342275194612
0.17316678670102043
0.1886294775310212
0.19121614976455154
0.1961320428375991
0.20907529207629028
0.1937321020268275
0.1961929087608257
0.19865080114078512
0.22949864724196337
0.22209296713022122
0.2333670295307193
0.23357600878867338
0.2344460325327343
0.2356825597510652
0.23637787636298432
0.23658851587372864
0.23419452751104464
0.23253890952714834
0.22963299332858375
0.2805414601855306
0.29493384600584965
0.29500027784271043
0.2943136016647493
0.2931292268226676
0.31522994364648055
0.3129841004541021
0.31015900763469034
0.30730138542600044
0.3135848686284651
0.3102633924003973
0.22328273663389536
0.21735022722378342
0.28962161228096645
0.2932512499613893
0.2970129442757828
0.2986572739061728
0.29032889577828974
0.28891289891943295
0.28777209850842406
0.2855614700799278
0.2444325490610223
0.24635086300498293
0.24554984124592186
0.2495511268989243
0.1918927820734041
0.19074980937849795
0.19077455140949987
0.19099329069360046
0.18720978023110973
0.18422124308932125
0.18353408100716256
0.18485329128825267
0.16607124602276463
0.1774624838197484
0.1769726469603718
0.17596513535792807
0.1879686834948752
0.17564013937906228
0.17614604152159605
0.17642650560813183
0.19750368903052548
0.18577671321609587
0.19595549026463197
0.19120736841145353
0.18758943320551089
0.18603697825077709
0.18472705182043228
0.18357666004953396
0.18410361864098634
0.18686915745855234
0.18912580311363936
0.19138247084195387
0.19271065350121305
0.19223851789830645
0.19159525398443356
0.1909144675482886
0.2201509335963317
0.22022191363036675
0.21865277705743066
0.28393154431359474
0.26740477289892994
0.2435651337706197
0.282661125551119
0.2505084016390383
0.2742639628669368
0.27360633600108736
0.2605638899847014
0.26220034780293217
0.21841348159842836
0.21932107183341631
0.22083792220607215
0.22262462110971537
0.22327887254056655
0.22344838684113763
0.22697684118430023
0.22555350911821653
0.2019936959192921
0.23088018398691326
0.23057067921633304
0.23321714516309217
0.2336274020194501
0.2237159634895768
0.2202126028093257
0.22474945768391094
0.2543961437212127
0.25335027501249197
0.2524338117231848
0.25023548133689055
0.24987662105096614
0.2500470340799402
0.24995354339963183
0.24962165128728184
0.24870795814237243
0.24973069085112806
0.24921602024532366
0.24829450844847234
0.25174902761183754
0.249470172878709
0.2468462304747012
0.2439536003825995
0.24936261927333736
0.321998991342261
0.32104079280516895
0.31890221535747687
0.32355451881958686
0.31861142878368864
0.31385873998884034
0.31017888336354676
0.3001463387740396
0.30090650370012006
0.30178944341370195
0.30257277626912144
0.2930380444889389
0.29298800503479877
0.29284547029856073
0.29334608247631955
0.25299392132282095
0.26678210972682087
0.25726753129237157
0.2600593394567942
0.20291988475784276
0.20189956006927526
0.20119158799913603
0.1991979406541283
0.19313966040929118
0.1941972567501582
0.19493272368167439
0.19573402999388181
0.1934493502153602
0.20984396988626408
0.2073071221957571
0.20686464420734402
0.2040869393536542
0.19056474220617267
0.19080008561606246
0.191090378212861
0.21267080703072025
0.20904044928826904
0.20486257632990285
0.19880646407986677
0.19379430536563516
0.1905822873735682
0.1874420334593555
0.18431359522362806
0.1818890717763416
0.18202306482987282
0.18137892526481497
0.1809760514074963
0.18243082204019404
0.18249124890129712
0.18243885358275008
0.1823286721808345
0.19010845003189475
0.19009797219548366
0.18970437257728792
0.18921172025057062
0.19382276410932459
0.1948731064391969
0.19604242312379583
0.19762174065205415
0.24159357870058631
0.3035382889833105
0.2544078924576722
0.2600590651345627
0.3062409295676172
0.3068531762391231
0.2971813010890082
0.28609128586398996
0.30347482475030935
0.28238540188596906
0.2835391721831241
0.2847121037806137
0.2679573198860246
0.25086574672887363
0.25092145768261
0.29899818419431823
0.2936300566783814
0.2798809264901763
0.2793799795476756
0.28133009429337086
0.30812759765487324
0.31068231252461354
0.31313448091424606
0.31489735419171966
0.31173407590516844
0.31093530888892357
0.3101377277891971
0.3105720721947199
0.31391556566697043
0.3129905387610732
0.31253311879132056
0.314292759975547
0.32381234702424944
0.3225293365760782
0.32115394260862146
0.32021445005000176
0.33941850348130603
0.3392843547971766
0.3357646584019112
0.3332127004493604
0.3383267960840289
0.3324382576846085
0.32384946935621123
0.3211464196737822
0.31494902237577604
0.3103309670333071
0.31151923718102026
0.30720410234058343
0.2969362757815362
0.29834480828288856
0.29671382422178344
0.2960943036555767
0.2533040184974562
0.26634589078091764
0.2558288072841449
0.25870767502939085
0.23613120355618297
0.2353534278187189
0.23491696567920112
0.23450558721219156
0.2115654153530188
0.19217431361228823
0.18829118303649525
0.18657021049808875
0.16454878967638725
0.17370066095489667
0.17272550706128317
0.17113532537316395
0.1856603218036715
0.17260263525150757
0.17207770209225345
0.171190786392584
0.19506703382993495
0.18507071336092204
0.19374325082732916
0.1898199762720648
0.18584384471255808
0.18383868703760073
0.18204477505484393
0.1804080913812034
0.17814302422071188
0.17834218436031005
0.17770691932841387
0.17730486325524578
0.1781644565411499
0.17747037354455636
0.18512757918863917
0.18473343292073324
0.20812023180842082
0.20916932185039616
0.20932823469237732
0.2093160539163989
0.2293342600338785
0.22972892004751735
0.23006109942583272
0.23076928285524356
0.23710095904505177
0.1958205884252922
0.19817943424915127
0.20163962646868808
0.20347852056531254
0.20716996499373067
0.2076380352899551
0.25226556886400336
0.25951784029907093
0.2654286373527846
0.2655537653448024
0.26361992207151314
0.22941679868669113
0.2528193614443583
0.2643568650453642
0.2984589977704871
0.28243796031226237
0.2624479250848894
0.2624497170579157
0.26294478371783764
0.29343965977612657
0.2874434542322131
0.29584703889157454
0.29546354114648
0.29278046217791076
0.2928371227956253
0.29565326354993293
0.29681053100647503
0.3035770805807251
0.30215172220790626
0.3031459668027505
0.29982562806855967
0.3134334349496066
0.30979513385156526
0.30815627915978777
0.3055115422664869
0.3246340855464451
0.322812267703233
0.3173369314858147
0.31294924754654874
0.32146034385371547
0.31998898871374176
0.3196672677218369
0.3164418652680835
0.332977832053003
0.3076782603484452
0.30413228654369
0.3432566859000231
0.2964991823786003
0.2870842795054206
0.3219379695252222
0.29272167520669456
0.31672048777063827
0.3270902592337333
0.27425024398572784
0.24383044850339397
0.2600349552568016
0.23678619489190658
0.2343842652703468
0.3026547927460954
0.21819321802350886
0.21039379258498364
0.20757632671311807
0.20611665069638027
0.17222426560723691
0.18203935644831626
0.1810154852856669
0.18030217568103174
0.19445058160840803
0.1808724059056856
0.18075353335224464
0.18046552462736679
0.19563289805856748
0.18480741715648116
0.19146444565380927
0.1859400621809042
0.18145119585460165
0.17906738651433654
0.17758925227553066
0.17567515857866853
0.17389657325516072
0.1737882132085963
0.17375585165147533
0.17375752048713605
0.17474179935642442
0.17409736143957266
0.17432120969770548
0.1733124628918428
0.20248813951549333
0.20109207771214918
0.19873280450902103
0.19595594288420284
0.21774707538919835
0.22081826173909247
0.188458421684479
0.23152099249029867
0.28069410650279847
0.24833552365668043
0.2469633752432031
0.24857320135722663
0.2471696436205078
0.24954844966445838
0.2514766796412432
0.252204070213642
0.25273366588115725
0.2562115185040996
0.258762051399513
0.26387911120810525
0.2256699517467728
0.23992713910402208
0.24154107917623063
0.245609331850823
0.26669886858898295
0.2513318530717366
0.2532860338675093
0.2560852198189763
0.2875878611233348
0.2861569566014305
0.2880127805042409
0.28888106628939153
0.3788207240150817
0.974093103127728
0.9763658669497437
0.8872734497663068
0.2957519938383887
0.29002140474951715
0.2906995643468221
0.2908071545491144
0.2988910691972251
0.2994688542661844
0.29960306596156433
0.2967642289513533
0.3198588517377753
0.3160872490159038
0.3170420667820665
0.31130331325589716
0.3194108248843734
0.3185725478614551
0.316838530800449
0.313419624217808
0.3002511986859099
0.29762846586547625
0.2998913659617246
0.29683333569057646
0.28630151666882975
0.2856845671051255
0.2850659912967992
0.2859685684541848
0.24817439047910028
0.2592137859393171
0.19249851530351572
0.19313362642755547
0.18918738412258482
0.18900211130095637
0.18848294879122107
0.18471745904380296
0.17722712170454502
0.1763890296516964
0.17881851147682293
0.1784666731817425
0.16032689579584647
0.1676385758859355
0.1665584281327192
0.16694821662351036
0.18364770452342366
0.17138161244079436
0.17086821139505037
0.17020473675508935
0.18988414692865282
0.1792955278534483
0.18961299136126453
0.18602341399449163
0.1816996135604818
0.17916684036164873
0.176748333528259
0.17441714908265388
0.16679503515832766
0.16536623788438487
0.16534348716614092
0.16434111375449006
0.1652500780311393
0.16466463472032408
0.1640035582489724
0.163365345855375
0.17260784700073795
0.17465760025184435
0.17560274467735687
0.17630286075862
0.17982812148554436
0.1795984163561815
0.17952576763478403
0.17970538654362417
0.22681399149206008
0.23049686721524643
0.2315718397194813
0.23241782435663463
0.22980906282378502
0.22980064320078136
0.23062208294705863
0.23161480634432904
0.23247264917259455
0.2349382918176369
0.23952403268368475
0.24440707510458218
0.21357748874146174
0.30319855955022545
0.2421965825612691
0.2444096328853409
0.26089497106536164
0.20109384483202786
0.24760431288218834
0.2511884440592005
0.2784606258165519
0.2799739046750445
0.28312620341553263
0.28417039388867416
0.2810399158756561
0.2844823229495314
0.2828678484822683
0.2842039049779288
0.29098672682672483
0.2910988070622102
0.2872199777536386
0.28584654873386284
0.29812551811470006
0.2967151503749636
0.29443243879116926
0.2912285850729871
0.312751302889172
0.30929684356758824
0.30884258823595057
0.3072312068388701
0.3108461527661601
0.30447325185294094
0.30442684619872207
0.2995541987187717
0.2847720355169435
0.28576058521005293
0.2852077083434619
0.2868320190870001
0.2764607063142625
0.27704279312279867
0.27769193697746625
0.27898036432453016
0.24181242296227148
0.19817524667245118
0.18582040178455286
0.1928381126210274
0.18513059627321393
0.18443069480017887
0.18735975029379212
0.1926332303534848
0.17798943618220767
0.17604171364833426
0.17485487338995273
0.17380684872483532
0.15306569305119033
0.16683802804010725
0.1670317348146332
0.16749734750688766
0.17742762451064434
0.1661301204063669
0.16680983155228704
0.16689300376722144
0.18601677011773937
0.17590138057254331
0.18706071594989998
0.18340877079622617
0.17925441747299956
0.1769031179591152
0.17467035408154657
0.17253211896927603
0.1689852194004847
0.16767091833795242
0.16564576392092104
0.16370259797995632
0.1648487109396275
0.1645607333611545
0.16423860485437272
0.16392567372241837
0.17299438015237711
0.1747639976868192
0.17537180850429918
0.17602075225659847
0.18035510862968412
0.18115268109684743
0.1821631448073788
0.18353950808054892
0.22873789450097995
0.2590968937433785
0.2407708307641575
0.26838770710274745
0.2450366699507195
0.2549861234245287
0.25789441252369355
0.2509204656121077
0.2517598795373839
0.2557677503677718
0.2704364035118657
0.2973747101733124
0.2429330713639617
0.26288609272574576
0.2643224967595161
0.26848075487401546
0.280376766910467
0.2678925187961274
0.27695978242277697
0.278501623248959
0.3040933526947628
0.30607293500148525
0.30710879020879883
0.3077985464543307
0.3980292748291899
0.8977110317867217
0.31081003337942037
0.31110521185480255
0.31475909659408635
0.31448099694361115
0.31688858707113693
0.3151000314536972
0.3256710045102203
0.32365052311164666
0.32162976990181535
0.32026756964622183
0.3398530510345035
0.3383318372523385
0.3364578121235615
0.333995748047385
0.34134570069165376
0.3376677238381257
0.34487675007492424
0.35547410801507306
0.32932128850721615
0.3198124476356806
0.32360050741555496
0.3183652468114254
0.30479054841391057
0.30159782830509607
0.299108386582568
0.2973202183501069
0.2588410123633013
0.29209701433818314
0.26189401389495154
0.29718520962157163
0.24332369327624678
0.24080258714001004
0.23801685238930345
0.23831948621110027
0.21743641410926673
0.19248136654753775
0.19034553876652813
0.1893597923080807
0.17392473680241125
0.18627362329415445
0.18576187705281014
0.185273471619791
0.1954377827422537
0.180856663717365
0.1788522013803146
0.1768503472217367
0.19895454874685872
0.18855369306785433
0.19724285849969786
0.19384284869330426
0.18876953953783554
0.18538730152186964
0.1822937894612342
0.1791019142617467
0.17639004307908207
0.1754575508121763
0.1745665822627726
0.17376158923042834
0.17463238016155358
0.17413986427283823
0.17405571063305034
0.17343306816075124
0.18114405686741777
0.18135826363019633
0.1811626944947755
0.1808789994934759
0.22342496482326465
0.2599373480602157
0.22888213454478712
0.22618674711209655
0.23216844874395712
0.19315813969499088
0.19196021173897
0.19314396149969884
0.19361737938309415
0.1941064235909011
0.19562049647024193
0.19753191237812717
0.19741299407256127
0.19993915862850425
0.2018824653469332
0.20804305919043806
0.187160142981964
0.1993816355098676
0.19688499617114616
0.19839368357126544
0.20774818000279746
0.19069164844863706
0.19177567813178614
0.19272177459987438
0.2191670464427659
0.2106957834784195
0.22109813468614328
0.21959421194572498
0.2202964857145377
0.22129403908361642
0.22248698302388906
0.22401124356895472
0.22157038933666426
0.22002608495441925
0.21734296809120685
0.2147647260849861
0.21921849470522278
0.21807414160180677
0.2770768303900175
0.27694304240504186
0.3911783421276775
0.9896932599569906
0.8998051597827387
0.3006692601669769
0.30549749518772223
0.3019135707544286
0.29880515276350333
0.29589343749682134
0.28454964543115385
0.284092837507111
0.2835807290613613
0.2832511332268306
0.27373004026987374
0.2741178798522276
0.27566842516969553
0.27479878064364216
0.23895087729175496
0.25162888235656394
0.24318142479107996
0.24155846620316673
0.21923576555435773
0.22237540786026766
0.22617433594002045
0.2242417575694636
0.19793401007440273
0.19618013548399382
0.17427760534814404
0.17278891467301102
0.15361066508033927
0.16753481973773415
0.1675026602129223
0.16906647707710465
0.17140060992283268
0.16059536009793857
0.16206529271617645
0.16282659499793017
0.18351206368559797
0.1721971303901513
0.18277234236468562
0.17935553340504531
0.17619043073235469
0.1749412694158061
0.1742689855091924
0.17330038618168456
0.1705170603006511
0.16915900128562134
0.1680445990587475
0.16680871457186475
0.16736064133577727
0.16660943800706884
0.16575609484822804
0.1647065706351954
0.17237498268347298
0.17230660521521818
0.171928144808743
0.1713548118242602
0.17452387856117707
0.1744454796389146
0.1741144891865574
0.17413592914806086
0.17728141110035747
0.17963381546011556
0.18143166353527526
0.1827988777659879
0.17860258425609224
0.17923030124041803
0.18183104356986976
0.18550122520145307
0.1872373342276244
0.19203783882017034
0.19571693795918502
0.1986709174340061
0.16822453929576994
0.17894824123391986
0.179990081814669
0.18175850147307193
0.2050975097506583
0.1909351373398594
0.19384189495908968
0.1966431116535643
0.22245769703147675
0.2236112431527724
0.22634802209595464
0.22791067779193072
0.23945498628437534
0.2656384040557053
0.28699279691431895
0.28670843654111294
0.29034702769393794
0.28942595005466176
0.28812517781746355
0.28725235085518724
0.299364187981325
0.2981935981056174
0.29630883137351943
0.29384965879555064
0.3132095148375869
0.31007653157072657
0.3063714408200123
0.3026151659484465
0.30920242117628877
0.3060893706347836
0.30637291373832193
0.30231998220601664
0.2129116301922016
0.21009464040732728
0.20574122365526637
0.28285429936681716
0.2763198804020288
0.2760242169283417
0.2751533576384757
0.27544011379005595
0.24016851864858058
0.252029465011638
0.2425503996321774
0.2464153331549822
0.2712529759279827
0.23049886773466327
0.2465344966798331
0.1955390658804934
0.18098874032762882
0.17864595457471658
0.17894371710653578
0.17638847085119314
0.1531212993360646
0.16723477030326944
0.1708176779523973
0.1667971138035804
0.18253489670601356
0.17217258046213219
0.1749586141536794
0.17555020103730135
0.19889571794410138
0.18717735216602965
0.19575872599265742
0.19168433325837597
0.18878091738728855
0.18835792614330416
0.1881469861853021
0.18823251765016352
0.18717010277474116
0.18424812420259692
0.18313238002019147
0.17873799784385908
0.18837222567028
0.216244586397034
0.1940623236897865
0.1899051045939209
0.2106915309181319
0.21066035733287608
0.21058270143759367
0.21023743814118906
0.22985398297038734
0.22984490512536293
0.22981658809239194
0.23011689108026911
0.23390762539331109
0.23655172806529579
0.23967209699060535
0.2426636457045231
0.2427642950325664
0.2479434047530355
0.20922512672643256
0.20787924751034698
0.249233145332186
0.2570761538672794
0.25855823222413227
0.26174353758685576
0.24366194025490678
0.2702619337992296
0.2728753260980303
0.27644673169375267
0.2765193296101981
0.26228734492401246
0.2703928475198595
0.2788397337375722
0.29480030541185337
0.38525090752478786
0.9784634768826903
0.890166106555176
0.2976259748736138
0.29773130739290965
0.298140992581992
0.2991297825269161
0.3042202874268477
0.3047700480039415
0.3049583244228192
0.3066506623387977
0.31548790094137874
0.3125829589362134
0.3096867226037965
0.309105049872374
0.3273033987790691
0.3261453918093354
0.3242844613006657
0.32155472865446016
0.3281581921308392
0.3237667159847212
0.3212525242384526
0.31772115351709856
0.3044856392375208
0.2996501677115752
0.2964788378553013
0.296347160637062
0.2860581137210899
0.2862225537590985
0.2863320325190496
0.28834226432603527
0.2529757038073279
0.26348302389871764
0.2549065234381406
0.25744466537794075
0.23619962737352296
0.23460229308005875
0.2334383290203026
0.23309835414067326
0.21051145813572888
0.2096068885176522
0.20860662349155293
0.20788366732546187
0.1857311557702539
0.19917210015432715
0.18033561527397948
0.17786635343997254
0.19133899748424826
0.17797784742127865
0.17733842961924284
0.176770936294006
0.19503507270744924
0.19048106040137602
0.18785729124399186
0.18161484229310246
0.17737273636552478
0.17528015701340408
0.1734641628482324
0.17222966571893328
0.17023911830343139
0.1697789885710819
0.16940629944840402
0.16909259229939388
0.1691808908578017
0.16791699896706677
0.1668491994603361
0.16565382846222163
0.17225691956948125
0.17208462374073674
0.17147911301299906
0.1707992655091996
0.18273949370286624
0.2175844116116518
0.2653659851591319
0.27225773989184
0.27521607379371055
0.2480255769342395
0.24767747128780673
0.25007640478732895
0.2487974910536951
0.2503227463781964
0.2510883853175198
0.25187896054385134
0.2512084748052219
0.2528360317769908
0.25469148104061984
0.2558505406569869
0.22418224358216152
0.24562236256140002
0.24906585314016086
0.25056058349397237
0.26999916889289766
0.2566660833410537
0.2555198698768993
0.2530703730621418
0.28072992320177304
0.280849407612185
0.28252491391923945
0.28364947898124965
0.28148304555067927
0.28217076086335446
0.2924489957037462
0.3153961586220127
0.318580799303205
0.29958202810255485
0.29371350663785273
0.28874186568324733
0.2968941561275494
0.2920941161765371
0.28671005645521697
0.28454041935121327
0.3009705647750451
0.2983843424209038
0.2986275112139514
0.2996239286431491
0.3011667459371292
0.29754105559582933
0.2947021729903122
0.292018873889394
0.28194869469839556
0.2827834021212198
0.28353229272625924
0.2845638681303746
0.2750964857386949
0.2749830293611493
0.274824569135806
0.2746228213958466
0.24001876809005182
0.2500498122970332
0.2398397428797759
0.24285680963015457
0.1852582191557731
0.18346739217366997
0.18144832407918612
0.18361166592801834
0.17570045924250374
0.17152427652860583
0.17241637842790664
0.16974811003366005
0.15421483586560567
0.16869741090131113
0.16927388201008475
0.1697478493654076
0.1677007585111652
0.15399740789672298
0.15415492189723237
0.1534431970444264
0.1775690817745684
0.1629411204731193
0.17385511019320649
0.17097730904743874
0.16832284068935646
0.1674702725481001
0.16657664820524168
0.16579525153242153
0.16372927597307238
0.16300983521435666
0.16209644793181524
0.16097682453606527
0.16203400789924294
0.16080708573395233
0.15973681914294638
0.15850119058127007
0.18998665473179083
0.19142724314843404
0.19208992198503802
0.1927844987277257
0.21344592207563107
0.21406646189087608
0.21458096388062603
0.21529876967606965
0.2203455683286152
0.22400038380338652
0.22770468814727898
0.2318572982716987
0.23086972056511154
0.23256585517666933
0.23474187558598616
0.23722110280930905
0.23836076086034333
0.24233172247594809
0.24611134507583177
0.24802621451670037
0.20963858759927845
0.22207696475996144
0.2567670024803167
0.2309778615864331
0.3008147743657842
0.27323236904239595
0.25103741572820726
0.25299785878287323
0.30948803442839884
0.2826076740858737
0.284415423358199
0.28633165920922016
0.2820529660245707
0.27599660127531594
0.2748432598131827
0.2712273654760546
0.27439648286364154
0.2720586401401287
0.26929101905139063
0.2666486054348534
0.2823829624869017
0.2872982275535329
0.2780526876436744
0.27433657721761007
0.30098691902277475
0.30015080214641915
0.2958907416280423
0.2973517164419665
0.30081928349799675
0.29559933441674463
0.291499584263603
0.2879119347070532
0.27732501443497154
0.28097702907397615
0.27918684361740703
0.278988169055773
0.2680750111069926
0.2666599637392219
0.26514726336327127
0.26437176169728516
0.2335423468742483
0.24504911428279935
0.2375661617900308
0.2381684162051738
0.21351735005535513
0.21313482645111373
0.21081613925556453
0.2087053138096121
0.18585088126791868
0.18492444680518885
0.18450943745743953
0.21167140388522462
0.16811206279819949
0.18208418016756583
0.1827835168150591
0.18287388587798722
0.1770027964967823
0.16384869286300574
0.16324952734689135
0.16210021063061356
0.1790249859430773
0.16309582186359167
0.1755806336931448
0.1704197448629534
0.16677598184822265
0.16512620956106394
0.16389268353979186
0.1630160034562541
0.15964906132732054
0.1578859195012857
0.15614433298317468
0.1544327104364438
0.1604793088482815
0.16105985409185947
0.15544190875744013
0.1540917757355143
0.1633858027788554
0.16501997718184602
0.18963524222802336
0.2529546099065816
0.2182921819824261
0.21530665071152114
0.2147689988216364
0.28992199295628396
0.24477250205945691
0.2227602303575291
0.22215733890917858
0.26392206175959004
0.22553425810460784
0.22360319551493923
0.25777389653350496
0.23256851673414805
0.23127389071176901
0.3011251901015522
0.24557340535468405
0.2446432474153935
0.23009986269626914
0.22030075601722607
0.22112109671499083
0.2729868354104725
0.2607316183311905
0.2432976286421676
0.2449818201707292
0.2466921557926968
0.2764778781202806
0.2781001925265933
0.2801586756962422
0.28139174806038525
0.2807186331504094
0.2820620743402491
0.28315821424707466
0.3125101532227698
0.290602997899635
0.3018943949504838
0.30639028239575117
0.283035446267711
0.29295035206761233
0.326921710737457
0.2947551277902533
0.2788371438832495
0.3468760696271919
0.34716070025894186
0.31159188910365243
0.22750829667369565
0.22165197201470013
0.21148838397030748
0.2028232317757331
0.19593610126549274
0.27194029068752734
0.2746015364264678
0.27621659707443413
0.27815411762517267
0.2697770008580306
0.27416961657863453
0.2725517573574628
0.27466583747608386
0.23894209577398143
0.250476350338673
0.24197436539179992
0.24045732004955292
0.21789590909004944
0.21809342170674706
0.21861413869493285
0.2191070698546741
0.1961196938921835
0.19724850992468548
0.17369913885893876
0.172179150910014
0.1540761783151998
0.16857185095752902
0.16917902866228737
0.16955662220122134
0.16948811480644801
0.15591946892397363
0.15525087511859406
0.15400435277651903
0.17950516752086998
0.16368558422916207
0.17569170826371888
0.17404753644904447
0.16958142680046176
0.16716741149614056
0.16487233211050933
0.16265248766617418
0.1596869370341685
0.15833423982912853
0.15781270668057967
0.1564782241103599
0.15722829716296752
0.1563802454294809
0.16388942611777793
0.24001705863070336
0.20651977319295253
0.19052803820871458
0.25182908587669933
0.19386730218018894
0.2094946665446366
0.2801156064185515
0.17461804666165187
0.1684882778825621
0.2178489423606128
0.223527814972645
0.22795585765602006
0.2317109154208331
0.22964674799858026
0.23052256534702475
0.23180090513249255
0.23496733667171307
0.2332268112964889
0.23568846476121977
0.2377834804562987
0.23982591618900206
0.20619857898564412
0.2156740927689008
0.21679912120996742
0.2242046759905619
0.2538549141105533
0.2405484975538478
0.2445065171948439
0.24847017261314772
0.3152501809111059
0.28744948525607683
0.23706568557954263
0.2903263006192575
0.28644828922726234
0.2890458609093987
0.2914414180298457
0.29423245118640895
0.29809902713916236
0.2988663208580461
0.29727983846330597
0.29584229197718737
0.3068795122853876
0.30476968118230546
0.3044155433232139
0.3009999735975632
0.3141972503247257
0.3089017110263868
0.3051026000419105
0.3033826589913038
0.3086429627666748
0.3066684937106632
0.30566660079291663
0.3003505843477273
0.28650974573557564
0.28448917572739657
0.28938885191558283
0.28978743027740417
0.279079813674788
0.28319205843433737
0.28557644919411157
0.28342226643299245
0.242765007327696
0.2547271708205443
0.24559670948507312
0.2484139218937438
0.18996296770712012
0.18361024046786711
0.18084106636392788
0.17813962715020865
0.1704523696352739
0.16952921685827108
0.1688327761465288
0.16822676696436945
0.15422441802297832
0.16848523326249545
0.16897732121598505
0.16937785940296063
0.1675054359918676
0.15227410303575986
0.15131648208187853
0.15121652946049605
0.1764622413808079
0.15968517832314286
0.17127943173217958
0.16846451162501908
0.16552958530111295
0.16451404701112848
0.1636792445284818
0.16298361105106168
0.16141461960569098
0.16095600258887835
0.16042853643577742
0.15994409369519272
0.1616824784537326
0.1618229314350781
0.1618789539855866
0.1619197487922325
0.1939858787797286
0.24476934310684192
0.19806363169594393
0.1942835044114888
0.2877907874906072
0.21994816006452883
0.21458834251416917
0.24641416257897616
0.22241181945352959
0.22404296181705932
0.30099457369757604
0.2762167736253726
0.23347582291397082
0.2847766715390084
0.24677646643836526
0.2343997040799322
0.21676775227717288
0.18680437569659247
0.18403790982202242
0.18373486566974798
0.16401900541090259
0.17255940415939236
0.17194186931838398
0.17136053219283495
0.19324340164024403
0.1825607318598355
0.18387389869038662
0.18612953417336478
0.21185934311173715
0.20811825464576322
0.20996413149031798
0.20601845676782488
0.2054627967867878
0.2058850021227674
0.20533536003499073
0.20527775565113496
0.2009420157510212
0.19769282055845386
0.19380489243861046
0.1896747590224053
0.19527405194986847
0.1944983141535579
0.19317145392274557
0.1913367560700303
0.27420204336860227
0.2746272648954846
0.27343242064843387
0.27167103159987127
0.2818888014451136
0.2806476655541257
0.27978406074806267
0.2789413863423666
0.2674556957529074
0.2665586688053418
0.2654924884149346
0.2650459623908916
0.25517609855401047
0.255063860364046
0.25489691024642247
0.25636867760692705
0.2285280644560651
0.2811260203370071
0.17431982463312304
0.19892197415187599
0.1772342306319228
0.16778597614937216
0.16360865015280932
0.15954576806925533
0.1541676721017915
0.15450326696435343
0.15433640568966145
0.15447974326025302
0.1573631113354374
0.17140829559923765
0.17140842011158888
0.1712747452546137
0.165673628093288
0.15178222842387482
0.1519343416198501
0.1523392279248769
0.17818997885006613
0.1571196444679136
0.1676718566003709
0.16399150504089832
0.16184121706053442
0.1603112407748173
0.1591571064250682
0.1580973435811101
0.15676950931224706
0.1570537274512795
0.1573886238741074
0.1584160075878236
0.15920923717884142
0.1581861253858835
0.15700764092515082
0.15578215514583924
0.1638799504682815
0.16397189485154132
0.16375581368326897
0.1644653879980554
0.16794673843214947
0.16793150680410635
0.16788922067515222
0.16784915388925603
0.16999026549385304
0.17076210638035777
0.1723200131241576
0.1731725738714751
0.17348120864418462
0.17462796805546052
0.1760647416655331
0.17758953435570282
0.17667789978686893
0.1780101536511828
0.1802734339522656
0.18118359637349093
0.19992658702617847
0.20904492782470827
0.20886507267500476
0.2078222329723661
0.23347640342092474
0.23839657302007575
0.1747156658558609
0.20539989121351826
0.1987223311944088
0.18220616916046764
0.1924420310592601
0.18885822286557657
0.18896324516256616
0.18939288272637614
0.19100725774378843
0.19748629685341054
0.19977880005937254
0.19408042159932162
0.19392995136274774
0.19178419664684732
0.26826461261303264
0.3019739517057814
0.2674039729087001
0.26026221352506457
0.28106846660159607
0.2795889768190161
0.27814896835614444
0.27701765704196474
0.28467579878132043
0.2824541637793151
0.2804517314342765
0.27858653943422623
0.26848650115207834
0.26928451879390664
0.27082037104146095
0.2714576037265989
0.2618857439857726
0.2635447992441145
0.26187108586049024
0.26321504307414073
0.23464069680621613
0.23932640679509004
0.22767158095080395
0.22999614847116354
0.1690506681393773
0.17189660766192302
0.1717984045352394
0.17230553930605724
0.16205558050100735
0.16496565712022593
0.16944585818480495
0.16669167619294917
0.15424723530806184
0.16920171029519065
0.16975522294566706
0.17000179890426742
0.1665134228258192
0.15189667430416995
0.15174155932277789
0.15129595780085434
0.1773522122534434
0.15714363302827092
0.16955351728168336
0.16794347887723388
0.1657487854369335
0.1654796926933739
0.16530935833053695
0.16521835135666094
0.1624466510616822
0.16089154610137035
0.15911372112028707
0.1582179302069013
0.15958557868455645
0.15980392292478898
0.1599516879841865
0.16004514595117741
0.19225730670482097
0.19410336573472475
0.19601319200242734
0.19687803668707246
0.2173336845607373
0.2177887408804326
0.21802807334534044
0.21819468126950847
0.22076071583306972
0.22156320976808283
0.22326792522599812
0.22376623812331525
0.22053409594992127
0.22011927348449245
0.26598132511795475
0.22506087669111854
0.22132454829530224
0.24613376709018853
0.2263327213568314
0.22642533943933071
0.2536766413021485
0.25447290736634953
0.20960695673421914
0.2073565117483022
0.28171235389736266
0.22645525656841226
0.2252430555453084
0.2648710996872382
0.2547863975311667
0.24351609426600437
0.3013397102318994
0.26501009106565
0.2557238612858991
0.31106702118633706
0.26456736145667376
0.21312502145539455
0.2621937779853212
0.26208839189733685
0.26161406258515874
0.25665983184341545
0.26936203682571286
0.2715996737691551
0.2698956820848758
0.2687486082951945
0.28884036498303
0.28638464079025877
0.2827456254207175
0.27905270037578817
0.2899368314611275
0.29419299585647074
0.2928403588319874
0.2911121917602316
0.2773587115039296
0.27753300041817175
0.27796528389701475
0.2793656880964058
0.268879129951341
0.2681947833740756
0.2674325120047311
0.26661370273135154
0.23535436342973046
0.24786615467611608
0.24220181883988537
0.24027276554034546
0.2160888777772705
0.2118719909082543
0.1790489625203852
0.21115124058257412
0.17690004552594052
0.16788640890062248
0.16623575157139542
0.16572353828232034
0.15501719795099675
0.16916753595627618
0.16928967611356988
0.16936905173680578
0.17020480383261022
0.15802111723323398
0.1577956203076775
0.15683408002109156
0.1795330082764109
0.16275521081048666
0.17402522230141984
0.17024881161562533
0.16580365373205397
0.16313267292641945
0.16051273816119419
0.15791446395461833
0.1552219451651416
0.15409733270394665
0.15403931226645537
0.15252292203753307
0.15365360426548255
0.15327181771538237
0.15282870122763273
0.15236151952684965
0.16015516821834458
0.16063642948631676
0.1600643071249116
0.15945586866245698
0.16456677988334303
0.16614197835257044
0.16781648532752
0.16956570945641936
0.1724645584680171
0.17440623543368916
0.1755021781444673
0.1769041310221352
0.17738568850522585
0.1785670378175019
0.17996813114579663
0.18153845904469618
0.18280271242989346
0.1855670835566651
0.22555279346938037
0.22840548501104532
0.2038024192250554
0.21838201894843762
0.17246296732807223
0.17296494772278675
0.19517098520976167
0.18106338099507316
0.1834161789463667
0.1851964397152637
0.2099393236788805
0.20923347405611895
0.2568862636130237
0.2593427582427717
0.2591086143182579
0.26087406862090834
0.26498947916415583
0.2660540317981129
0.2682563814724707
0.2685025862110552
0.26866780190309264
0.26905334189064856
0.28306540823642257
0.28234986720959776
0.28076813752059204
0.27810760001327095
0.2984667034898391
0.2958877241636898
0.2942617899253721
0.2904609873460872
0.2983963606867757
0.30016118103421036
0.2981701914710705
0.29541806448014624
0.2846372621112921
0.28148582565580393
0.2818082593211379
0.28127810886859356
0.26803799798017086
0.26721802820886814
0.26632884179311156
0.2654889625056818
0.2679807480232325
0.2503466282823874
0.2626326050780416
0.25364367120306586
0.21576862514631145
0.24846901833823734
0.21832410280669218
0.24831765105967218
0.1961870950097717
0.1930347589860539
0.22549231039352569
0.19512016246243508
0.15349299271494019
0.1678010016604296
0.16811031228309264
0.1682984058562116
0.17429259865862154
0.1635072536872601
0.1634450502967861
0.1632173781466577
0.18233715842946602
0.1672821427796641
0.17642026799473762
0.17095871030989077
0.16834970414920664
0.16834201961944728
0.16811959740451807
0.16785303431868706
0.16584766888599112
0.16525734904986472
0.16458349283906723
0.16378064028005968
0.1647310077311019
0.16493693500069456
0.16404936286338997
0.163317784764466
0.17145022401216004
0.17171471117544737
0.17168735352713477
0.1715888663916102
0.17511238266206483
0.17435990772843588
0.173887689758861
0.17375629717195368
0.17704294233111886
0.1795724068242379
0.18249971510065646
0.18583687688142433
0.22749649452644516
0.2317596301624378
0.23487332721905374
0.2376633585296824
0.2393100623995105
0.2435109555452176
0.2477252999703378
0.2506351700000083
0.21444467071176507
0.23109151173835923
0.23333998719301602
0.23786304276879822
0.259220862888502
0.24456181552855324
0.24810206479774974
0.2536644965438149
0.2822768697162899
0.2840830964463925
0.2866198325801297
0.24376549126428967
0.28495584506154886
0.2871340479432532
0.2859781201118252
0.28628761648480205
0.28984277375527484
0.2892787577318435
0.2869098907293525
0.2841633981981464
0.29290173423132065
0.2898867246892776
0.28919339745633316
0.2844818738362081
0.30663261447946083
0.30543543006490426
0.30142270617279343
0.2233819017170487
0.22458369526733724
0.21862830145565523
0.21585644396778772
0.20623975610668566
0.20151132242971367
0.20211695034702276
0.19563827666569844
0.1931386017243972
0.1871285678590533
0.2566556732726579
0.2618180512410289
0.2659043720800492
0.18216280398763396
0.18971773673182127
0.2333363571843713
0.23924769298252332
0.21808456597400136
0.21853565124936705
0.21904882760776706
0.21955452830370012
0.19666884525123277
0.19550172614438865
0.19471980230387453
0.1940332212703479
0.1666218245199879
0.180583245668406
0.16693824707292315
0.16795111891561793
0.176138303199958
0.16414122037238463
0.1644377991656865
0.16420147260705711
0.18569418437681087
0.17365018604753407
0.1852178035919975
0.18197235759042976
0.17937431029423923
0.17745342252310425
0.17589747456709945
0.17447216604212237
0.17185695495960568
0.17083884604531907
0.16990669899966943
0.16968820629122183
0.1705348801240427
0.1696744274977733
0.16867884550557039
0.16765600185997692
0.1750029038893785
0.1742028754992989
0.17302707174262966
0.17270908773377744
0.1761259827622596
0.17611526474007883
0.176537990746517
0.17738602118634597
0.17955748088949536
0.18082448318621439
0.18315763335523594
0.18524669804838997
0.18838080241159144
0.19202395278898624
0.19479391832075632
0.1975125833449261
0.19782264654984388
0.20198101318110032
0.20476951583761108
0.20679102177112713
0.20685990707336885
0.24035116287638975
0.22115018566969433
0.2727084017640453
0.28087196355307686
0.24754301760066838
0.19955648674074813
0.19951937022046287
0.22680789758182018
0.22682433748947442
0.22777265910744077
0.22690969253909998
0.22740220382789805
0.276555348950368
0.2811569742376217
0.28657475173168484
0.29235540300144647
0.3109876980544138
0.29509066626818564
0.28868511448299006
0.307984140642939
0.3273819627119806
0.326461263974159
0.3074532871944085
0.323968085250935
0.3201866179095674
0.31447159331019947
0.31016297762858963
0.31697647564597964
0.3173225457055087
0.31215296394634057
0.30288405699378584
0.29015294775203726
0.28902191867109217
0.28970901339567245
0.29106798668952866
0.2850800863593054
0.2812976844612278
0.2897685970298689
0.3335962982559622
0.30444875061147697
0.3094948010711138
0.2593349577685453
0.25614929341644865
0.23253328144292917
0.19339843450902483
0.19129932570107638
0.19022024884254266
0.1841899562093905
0.18167421013045656
0.1815401056024566
0.18112802377197323
0.15621056042832243
0.16679698235034082
0.16652126470631018
0.1670284906761579
0.18200998230276963
0.16834938552584594
0.1676561949200423
0.1667140146872627
0.18857060318734364
0.1772340552623641
0.18800942459143458
0.18419971170645652
0.18138054374636892
0.17946729437413317
0.17795928814784281
0.17663352817819916
0.17417350914921387
0.1732809858137131
0.17243319758357897
0.17219410126335497
0.17289199879858413
0.17183893320270976
0.1706412966442608
0.16941215423843448
0.17673510549983404
0.17600529590452152
0.19843303237836268
0.19915673493534167
0.21998822168433046
0.22096544001454915
0.22190892292570172
0.22298611307459368
0.22787982650107216
0.23110826720692648
0.23457547593769704
0.23704683636097637
0.23634397283733932
0.238075221280209
0.24053509501683262
0.24319940971185164
0.2429940951091776
0.2453827172314342
0.2483488057294289
0.2495685906614695
0.21530907176158198
0.23324604472545435
0.23504314333620888
0.23956864632116404
0.26212351059549055
0.2512314755441912
0.25412736812852516
0.2518923063277314
0.2810581774358047
0.2825687654705135
0.28423864170227076
0.2841793522755898
0.2838222354118222
0.28840996375092315
0.28908502973535105
0.2924681606905533
0.29700758013611234
0.29678298629796496
0.29745151444973283
0.29608828055151426
0.31268431252516576
0.30943916336247135
0.30837757571470525
0.3070899860617044
0.3308161869363179
0.3270378843273159
0.3220404370044435
0.3150474115188004
0.3152565525291041
0.308775651237953
0.31309573728936574
0.3112048335145595
0.29402323592328716
0.2916179489016644
0.2895305399952884
0.28749542836849146
0.2768189709876282
0.2758673060949983
0.21200793836690643
0.2068540825764423
0.23567767351022265
0.27513895017152334
0.23935652597390944
0.27969969862454175
0.23454020509917484
0.2217836770957132
0.26096070262073473
0.19014284848713958
0.17802480646354396
0.17689609966414865
0.17846147750580565
0.17695729241844962
0.1563188638112065
0.16709246612233075
0.1665383281612233
0.1663501962434245
0.16687276753195704
0.16632105387707097
0.16651182037596868
0.16636930368785705
0.18240630243184508
0.17071402641254302
0.1704226201346446
0.16991590112915667
0.19168175685896463
0.1798977452812916
0.19192817174334723
0.18747216572793632
0.1838462099525339
0.1822402162242915
0.18085709967842345
0.17963651313462548
0.17655808139354917
0.17570713299806692
0.17417924971579235
0.17271917874797302
0.18235743877999808
0.16798822308622963
0.16658578402417956
0.1656636995194382
0.1739302756668538
0.17497249839017742
0.17451901085964822
0.17450350651569005
0.1809109216565786
0.18383546434651812
0.18628571027540738
0.18822245935207593
0.24361909258095066
0.27290198902080726
0.25217153777498647
0.22968752721294974
0.3055279670302813
0.259984514435484
0.24336420566386435
0.2981763651974483
0.2554805639612789
0.2534776608713217
0.3047797352756454
0.2581230687003251
0.2275967712366041
0.3176566932263339
0.26525978937187267
0.222289708832732
0.22295525965322036
0.20901932339333415
0.21227564452484404
0.21121664376861643
0.24329181220920776
0.23456674919724846
0.24271235303204589
0.2412058567420557
0.2406524941112228
0.23990237155149088
0.24149684623288817
0.23801231257601596
0.232795043485977
0.23144380711627857
0.22232608874844872
0.21620080237110934
0.2302319801376865
0.2713439931918122
0.3255167584415474
0.2926127988447162
0.30587587988866144
0.3042937825621208
0.30113594991809123
0.2980131037584184
0.30878802963856794
0.308860255578974
0.3089391983664608
0.3090061484404585
0.29801667386252545
0.29760010061683656
0.2970109996932278
0.29683048879056273
0.2865355899373139
0.289141149046272
0.2866612481650003
0.2845903212517968
0.24420512686605064
0.25658846199944013
0.2449111382002967
0.24822012134603455
0.2290050416524763
0.2741997126561922
0.2314478301937014
0.19065318551914334
0.1808455559431727
0.17923751751615036
0.17813276679758666
0.17721263670549708
0.1538425187434305
0.1668010332980352
0.166264939018524
0.16641795512959415
0.1837805076572473
0.17347644622659666
0.17392772538169643
0.17446406246449087
0.19732761526557335
0.18536343082390735
0.19635189479162518
0.19229249062751894
0.18857184202630545
0.18683560588750953
0.18529791442860954
0.18389941943524613
0.18188073443852526
0.18011623144870856
0.1786486004480004
0.17722220065266325
0.17748768438444448
0.17601659688524282
0.17442964585776466
0.17364843212320616
0.2980689644781689
0.9016605456469025
0.8148928743099957
0.2151619981355309
0.23444165339075254
0.23545445946316357
0.23684123943087523
0.23893746579142813
0.24324149962348104
0.24568041756797984
0.2476318310663848
0.24938895161117955
0.20349432921323973
0.2025053659058876
0.20275328515586152
0.20592360508036991
0.20583857275838963
0.20334603207852153
0.20395857166425851
0.20457088023770564
0.18146252449683664
0.20430134953757806
0.20794722893021503
0.22058548224551
0.21236835079069014
0.1924391251480755
0.19195564843410656
0.19166909750396455
0.26804712246101353
0.2702845056066624
0.2707867265835854
0.2687847810023079
0.21808037504940622
0.21566168667940802
0.21404651725667784
0.21312510679927751
0.26376834130843263
0.26389137721001993
0.2622110411499501
0.2601967503952681
0.2718993334831972
0.2701893384366502
0.26863195439781273
0.2679041358733911
0.28964228482236104
0.28528654486837335
0.282171914577355
0.2791214157082453
0.2893144675465156
0.2907202997655244
0.29071695963762706
0.2910673601060221
0.27974869366594973
0.27888911003827194
0.27779748130546933
0.27657536092009694
0.26982777658377544
0.2687315650978314
0.27261890942870054
0.27049788945391806
0.23843258220892
0.2463486709975831
0.2358063511732139
0.2480966158316515
0.22098481053412752
0.2200977560992943
0.22146333010709834
0.2204413333320978
0.19739613852670346
0.19709667458797048
0.17392462516110008
0.1727302803043922
0.15343014704314586
0.1675302255608942
0.1677563972785636
0.16778498744753492
0.1747552764276882
0.16216846970549256
0.16149632643243012
0.16027960494278676
0.183228817505724
0.16898542334508931
0.18019938770169405
0.17742567188454816
0.17365502675663966
0.1719805211157684
0.17046900301431667
0.16907668568664763
0.16599503006989844
0.1644506254534764
0.16358097143604716
0.1622540754927064
0.16460610503479847
0.1654589449240264
0.16624581404862884
0.16319355651207873
0.1716782550542993
0.17228104243506914
0.17386911661178156
0.17433370450816826
0.18152556836796319
0.18492817464001884
0.1881687029031725
0.1912584990088428
0.193630723136703
0.19485306563655047
0.19534525953918735
0.19565793672009416
0.23394815095707164
0.23656423226596543
0.2384802784139805
0.24000914554491806
0.23943432275911336
0.24166649708695018
0.24300197654943076
0.2442765404677782
0.21441201763395598
0.23129096237039096
0.23555329882662712
0.24271844481891655
0.26099733418831406
0.24551193654042122
0.20361452163058708
0.2044169197432503
0.23752177290972598
0.23107091100001553
0.2399318786780709
0.2436971137761042
0.23764500003501693
0.24191545405568204
0.2805511678924734
0.27900022741511676
0.2845249451020397
0.30564454881392444
0.276874545231844
0.2684987404797792
0.2809976408308404
0.2762122475809466
0.27304061397574436
0.2700633554651946
0.28807892461946444
0.28387531467419375
0.286164506481595
0.2824294708942777
0.2919244900257296
0.2949517323132378
0.29416463121696407
0.29169276011275813
0.2864667752416368
0.28382436695049584
0.2869193898489487
0.2869838811365276
0.2758879775619303
0.2793926179961906
0.2871357587849282
0.2753941105285421
0.24171591399097278
0.25149249771626314
0.23991398932780053
0.24219778799634772
0.22290144707646323
0.2184953049705618
0.21730336506504125
0.21640132058255693
0.19413519690163947
0.19261296150073873
0.19170469843869853
0.19413555454366047
0.16669542864229717
0.18087903472706457
0.18125958148129573
0.18156756618785208
0.18081508799411705
0.16914136366758098
0.1694395345267877
0.16926528120439896
0.18647864328258892
0.17204932931971456
0.1810176259973392
0.17586511027368346
0.1699710428135299
0.1683521173699705
0.16695268737267407
0.16561076472120614
0.16167563777971616
0.1609617559493277
0.16036032981295587
0.1617629305088086
0.16190400806044958
0.16452781566269645
0.16131537593607284
0.16059693802612834
0.16852616367959475
0.16872583659430654
0.16912755857534123
0.17136349235950676
0.18136451821510516
0.18428390050345292
0.18730385702132232
0.19235668020186175
0.2378440327537632
0.3049016907526341
0.25445302119712304
0.25473297076396445
0.30421120678028124
0.26432204585951363
0.2594212778577798
0.259057526251893
0.25745847295002977
0.2581631520596387
0.2587307646963943
0.2591176839570846
0.2254116336815439
0.24836597785057096
0.25205551467073617
0.2592950448668938
0.273407151687907
0.2606873584237474
0.25761539583093473
0.25920308028950334
0.2879119310086708
0.28273946768285063
0.28798621478308195
0.2861293575516038
0.284939410599796
0.28564603971290853
0.28065253045860167
0.27878979479132737
0.2812030480846377
0.2790248699688748
0.27581645953308925
0.27303062152714236
0.3747430712729707
0.8787832916995709
0.2803215866357476
0.2794680742104572
0.29491752334402865
0.29362890987062074
0.2894160379269426
0.28771563953375334
0.29677879584430483
0.2968133571672577
0.34534191042621454
0.3539860178057701
0.3039988122235336
0.27263357863275234
0.3199834984220929
0.28931950906823106
0.27549651459781255
0.3089326751595099
0.2797052763161804
0.2732829620553418
0.23805258788320582
0.24782107609708467
0.23777053650388935
0.2454732279820296
0.21952123525380893
0.26287827983564455
0.2234204752328563
0.2200942344866764
0.17546396396078423
0.17321328488599155
0.17173806199303482
0.17046768860224376
0.15484363099422982
0.1692926551152348
0.16917756434774092
0.1700687120239698
0.1676848747905935
0.15371205115436884
0.1565778041384935
0.1561674366612353
0.17741909214029086
0.16176945860505235
0.1708155277329254
0.1663413518162913
0.16402589591035138
0.16287633167351454
0.1615358455876402
0.1614399766365324
0.1596499726191175
0.1593733172839295
0.1591552272320419
0.15899067783586368
0.15902983564842127
0.1580087141427453
0.15641368674736078
0.1547152518145949
0.16353070753784424
0.16496624425934447
0.1896028493275678
0.19220860331903225
0.21385525064641606
0.21672665140068892
0.2210509832576393
0.2234217158405223
0.18516362839845343
0.1858152803442418
0.18901585800904744
0.23699376186996235
0.2635088045648488
0.24261390172508746
0.24470617452730836
0.3032293978198852
0.2875385900373297
0.25547883190160375
0.2520117927488146
0.28888998682085193
0.22318405177708628
0.24194396958844197
0.26242143105969984
0.3026928423105304
0.3120161528088384
0.26527150025743323
0.2636468048308346
0.2652834308128693
0.295911697036668
0.3006118220894225
0.30254963462653295
0.30320424738021845
0.30041059332341974
0.29926302737554417
0.29787946431070395
0.29523052013391776
0.2499530436098887
0.2452134927406671
0.24038099358958603
0.23521831006575392
0.23711132230904677
0.23657311447421087
0.23722084517541764
0.2329761055015438
0.2307554011463357
0.22275105540127224
0.2194630655554809
0.21670128683647857
0.22030014475998522
0.2975774096945258
0.3074852189042677
0.30297235637967096
0.29103251664807234
0.28991435434171
0.28846371187314185
0.2867045019259461
0.27697639284072534
0.2795293123333146
0.2790507635951724
0.27887036891652395
0.24284670778902542
0.2559473634264286
0.24674878568126304
0.24859672074831496
0.23041989586553827
0.23069976032187173
0.2274479732738161
0.22500305583075295
0.202343655338829
0.23160721626637845
0.18548342296065465
0.19786323977093892
0.17068779547969315
0.1677006141072589
0.16603905043851175
0.16674534975641958
0.17953761995563078
0.17016979182739597
0.16915352320016885
0.1692673948260929
0.18822101331627122
0.17718318923949566
0.18612574782564473
0.1827339767155855
0.17915627615421378
0.17784462024400582
0.1767076902493881
0.17567634157929332
0.17300075281584482
0.17185078505747123
0.1714638336959875
0.17036145022714722
0.17150549195095743
0.17123105420134554
0.17088651484084225
0.17054567812095847
0.17840512914130965
0.17885306596560913
0.18005457842406505
0.1802218265259746
0.18586904985127115
0.18790213974395847
0.1900674430398829
0.19235712494193014
0.19615679389102067
0.19931249121166864
0.2017314537117768
0.2044034736282638
0.24404647523984085
0.2485169854302359
0.25208891995478167
0.2550432844861937
0.25505542725721897
0.25626249605066354
0.2572058569414084
0.2578349825652835
0.2360023573656908
0.2706807762692493
0.2924193387715189
0.32711555521175134
0.2953060313407892
0.2770271732011242
0.2789069726573851
0.2820002679584581
0.3061448593244523
0.3041639329748965
0.3017881058868105
0.2983119204875577
0.29751819837984045
0.30091815021004453
0.30311698744567683
0.3085555018152669
0.30988178903796226
0.30818961005799744
0.30677708877015863
0.3058467850601173
0.31660817396879776
0.31669881669766503
0.31350907476966944
0.31074363282592093
0.3296321155339392
0.32637527982440273
0.32560508350562806
0.2465506641772636
0.3269285082562987
0.32580498222524745
0.3248720950255274
0.32389577075085785
0.3107542773781884
0.31060965165440546
0.30866687882742777
0.3086032025667565
0.29493655455074674
0.29353428973299783
0.29323185353884557
0.2923367562169992
0.25093894094110814
0.2562997561479506
0.2553833933161922
0.2616815463991272
0.2387274117234602
0.2380143555950009
0.20122480154088465
0.2021668452045572
0.19116089600761627
0.18821120076239536
0.18848985731953777
0.18618599644602282
0.16245152994800846
0.17371091347315273
0.17280179734770576
0.1726639309408395
0.18696882785597793
0.17329373049141314
0.17212742527414332
0.17055568443017724
0.1920721301567197
0.18049681891946184
0.189185144979898
0.18550560052947684
0.18167046999106043
0.179963391411711
0.17849073208024693
0.17719554752759337
0.17482488344128086
0.17402098305962718
0.17364367305902004
0.17328454992790573
0.17388884940794105
0.1729705238222917
0.17190520697835973
0.17076484102044204
0.1783798302304471
0.17842287690426265
0.17939811439538653
0.1796651303974277
0.1867836625840753
0.19074042032972643
0.19448406266524113
0.1980340075520712
0.20229009335686726
0.20541162562257356
0.20731090560355372
0.21024196261342176
0.24903011848963266
0.2535419816623953
0.25539826037080243
0.2564638059654739
0.25629610507157574
0.25713872336422394
0.25882713531219426
0.26030183237933
0.23059737139936304
0.2569597588946771
0.26481702777100985
0.2737258045451538
0.2776736836447486
0.260439502145221
0.26136475000894066
0.25961684339328217
0.2967048256935235
0.29325271085076055
0.30178662219705077
0.3035884692520163
0.2984724220976947
0.29627984456574646
0.29450814906927963
0.2948085882377043
0.30105863756014783
0.29300849555816905
0.2893948860545166
0.2859427946768018
0.2958244577983371
0.29481325695047356
0.2931306908316871
0.288020656674483
0.306044006530776
0.3037982344893682
0.30247426110140935
0.29780626368366564
0.3081801051204861
0.31051099269907934
0.31179698061944394
0.3104803470669424
0.29866787329664096
0.2999860875827471
0.29895643447798725
0.29857827578089746
0.28657601639228447
0.2871560914737718
0.2849683123044069
0.28471910519006377
0.24665264777931759
0.2578400404228204
0.2504019208749828
0.25571418287071224
0.23416924774242293
0.2322154615102007
0.23124393089102976
0.23196573340599455
0.20665182294975848
0.20398111990353904
0.1815324578925326
0.17871039439415382
0.15304807891604708
0.16620701935299598
0.16641618252899412
0.16656210441161926
0.18124406234037124
0.16800216907231763
0.16733163705497076
0.1665147706874682
0.18798420681469796
0.17763769822714243
0.18808515185687427
0.18484158467943257
0.18082493388712445
0.17767381613122377
0.17469647513406197
0.1717986419956514
0.16944130069983115
0.16882645859701162
0.16835618214103085
0.16841987887758889
0.1692177642631931
0.16810957984137428
0.1669450280188798
0.16576446818329882
0.17466750613243928
0.17596568118606934
0.17741787498999165
0.17979408796556656
0.18504465137965145
0.18712141732443263
0.1992285108276313
0.24226796652607668
0.29641801116768696
0.3028200099417319
0.3026531960699091
0.27820773316418324
0.2728671672822707
0.2730487015854015
0.27342191165194046
0.27381600170343073
0.27200552468922995
0.2732090628927072
0.23029743369974504
0.22792255472454856
0.24068602274229092
0.22134044264883376
0.22191526790765315
0.22544586252732676
0.22997427172001544
0.22118130354199364
0.22510943358301724
0.22862352253026402
0.2575472118165196
0.2613021600546852
0.26108024656239687
0.3080705527638325
0.31721839931301676
0.3071317047021076
0.3050722699356818
0.31759658919263206
0.3074465131781609
0.3028206184603175
0.29814304295702854
0.29400766723772664
0.3048707694585585
0.3025694702891469
0.29997391747867796
0.29822330072325387
0.316469933347597
0.3128645640782099
0.31298807671266465
0.23852386253949662
0.23479187222808096
0.23021719101992513
0.23001415858938937
0.2259352676549434
0.22256955851486115
0.21878459372998435
0.21921787695602066
0.21580741051265673
0.2109913160262749
0.2091425047929949
0.20771081180632733
0.2079556711327146
0.18515999998617483
0.1958706479439377
0.1818657613034888
0.18426433682816956
0.18049470834157585
0.1811099367308745
0.18094182341961784
0.1808105847082814
0.17415902491728485
0.17389737253995047
0.1737328034530254
0.17357018587619405
0.15273833289914465
0.16687634994840997
0.16747132396682227
0.16810360442699623
0.17102809149463397
0.15904748922340917
0.15916951283594577
0.15891644619666254
0.1793868597204336
0.16241807187203236
0.1697413871424642
0.16267683677981795
0.16103693581188733
0.16166839197912297
0.16248906727544732
0.16335295635225394
0.16154579952152934
0.15997920345135466
0.15862983670121256
0.15728941060810891
0.15810535369816123
0.1573720893594326
0.15651841842535624
0.1562152530054055
0.16512737268474745
0.16637484808223452
0.16758179450328967
0.16894831616104375
0.1702611380233471
0.17277860388065341
0.17565242848603804
0.17949362642145228
0.18368815270060052
0.18660285812798683
0.18857989486405669
0.1901300528351002
0.1903915301900078
0.19117728426526934
0.19434871434161968
0.19693756480124003
0.19722724199211594
0.19945840426142233
0.20054413889348502
0.2012177369865881
0.17308839263639342
0.1870686098391523
0.18687953064868576
0.18982421536134506
0.20437160383122657
0.18819381295743007
0.18975703318477063
0.1913781690943741
0.21775229580638578
0.21026738627296193
0.2205268654605383
0.21875874508369839
0.2178439399792788
0.21666289081713966
0.21527644004486118
0.213687125301038
0.20824493515076054
0.204925371052591
0.20022232497337442
0.1951939919050746
0.1991072587347555
0.19736315721637326
0.25749647073879206
0.25871602549312134
0.2821214727751506
0.28199634806338675
0.28153589377543964
0.2808444625304853
0.2898003038419459
0.2886037465663361
0.2870229478910927
0.2852988246609969
0.27488879037904734
0.2751449124562501
0.2756564996736274
0.27613991810104277
0.26509560880140204
0.2650166385015007
0.2683085576609425
0.2742470460261932
0.2336634999167496
0.23948090570199934
0.22865299577264897
0.2289115838293404
0.20811954130367646
0.21155250387762192
0.22228437272643176
0.21300087680476656
0.18719000967103824
0.16565985372563174
0.16174305589816507
0.15960107070970364
0.1548958370863626
0.16957748953720145
0.17030196163690514
0.17066482254712315
0.16530891620789148
0.1542779145471545
0.15347893420482037
0.15472478016230054
0.18090109898618298
0.16822977438968206
0.17273678863626588
0.16843873889196825
0.16664128589850657
0.1660472122811301
0.1658433713380644
0.16574070773267854
0.16379086587480154
0.16332970043274284
0.16291286835433913
0.16327360296365576
0.1633684795771214
0.1617310395368971
0.15989936383406284
0.15797029325436682
0.16706596029435403
0.168235589573741
0.169750574005826
0.17107732133327974
0.17732575863058028
0.180211664105889
0.18345674182168
0.18709459343811466
0.1878669345318012
0.19223309316826395
0.19675812888684835
0.243858790884286
0.2474624557646232
0.25193776077473296
0.25547206684869694
0.25791594011893704
0.25721250098315374
0.25849101755075055
0.25916126054281785
0.2592330965256454
0.22721533485769785
0.25168277063133604
0.2614231962005776
0.2719996262773466
0.27512012488328597
0.25762040273521875
0.2541717946657161
0.2550562118522572
0.28784747133893224
0.2824792911176297
0.29131948542401903
0.2873085498582284
0.23838133429932137
0.2319651796996346
0.27016922194102755
0.26785697851514056
0.26906278133696826
0.2655173649306344
0.26138536570929116
0.2571804071667337
0.2697170824193833
0.2666742133915773
0.26342733661609286
0.26238817763739936
0.282090146306489
0.28131247695259315
0.27977064018633346
0.2783293946971421
0.2874650476701106
0.28664111548213517
0.2874988015507586
0.29161480361345654
0.28065944669392684
0.2812295222819402
0.2819832699134339
0.2841564458428058
0.27235907622218564
0.2720070859062674
0.26923322366696373
0.27128365404944904
0.23547313466650793
0.24335158246883073
0.23095024163938563
0.23265624977610597
0.2122946568576407
0.21431225885701385
0.21349359965767267
0.2139794735244967
0.19218394765491678
0.1909970879511153
0.1868023243845519
0.18547860726101817
0.16696616637194095
0.1814659379353492
0.18177753621929182
0.18192561784035188
0.17960637759745748
0.16379019373493298
0.1620947408672254
0.1630129457958341
0.17999200562201512
0.1639033602883456
0.173443128593672
0.16967385561316314
0.16181198564442892
0.1603344904083383
0.15954891461796775
0.15849397777472918
0.15638623181723113
0.15586432927474977
0.15542148452711463
0.15505017866587692
0.15893697823082226
0.15757010585201414
0.1546805962798364
0.15359537620751781
0.18671270734350567
0.18717568644627663
0.1886254424428056
0.19028976818215865
0.2131645281681864
0.2168690819118338
0.2212999150222355
0.22545684354317932
0.23185775787789709
0.2365417004353536
0.2403182013743724
0.2436972618396131
0.243544679875396
0.24737408719059953
0.24951587280530801
0.25154750721828567
0.2504827460904475
0.25126589941077004
0.2517262532180108
0.2536852814492378
0.22000846860673076
0.24168883115791415
0.24544907340331937
0.25157929157410447
0.21857866855658536
0.20123226899482946
0.20271858931714618
0.20609357983517512
0.23124747760062603
0.23157142231457495
0.28075902497324234
0.2813916848017527
0.27947954123164387
0.27846550223705
0.2776444308707315
0.27651858568634047
0.2803491867725203
0.2789607768338374
0.2770483419479799
0.27492527437590153
0.28658090101536493
0.2843334312740481
0.28160501308527014
0.2790419376541564
0.2989991710103666
0.31935419879370747
0.2956714421225864
0.29566137915655866
0.3476352336261035
0.3055768643317291
0.3021034247249551
0.2992071301077311
0.2909465211910706
0.295038402816584
0.2916180919977584
0.29003065405157014
0.27760708361894415
0.27617076566239124
0.2778849059875354
0.2748615125979551
0.2437673544122475
0.28973152550002607
0.279405332710101
0.24803802934085137
0.22261625236528865
0.22205538880718517
0.18289910487394978
0.18018295236125875
0.17116019864218332
0.169243487791173
0.16712894466898884
0.16509768364029143
0.15487743394755385
0.16954861497609902
0.16967327688130163
0.16960704881979433
0.16734735781780524
0.15214427831579924
0.15102174731508153
0.1510895919482881
0.1737196469808817
0.15735153054908552
0.16716294086213626
0.16385768908186807
0.16110582202959972
0.15755047768357716
0.1563016177408099
0.1555863332664868
0.15330743175992284
0.15256957072362912
0.15186779682966092
0.15122223412948843
0.1529859241281366
0.15233650876631302
0.15186288538872203
0.15432143413335217
0.1849438324217599
0.21434587354073747
0.1635329088219496
0.16081254516953247
0.20989526342067258
0.21441442519605666
0.21855645918035746
0.2238184042571558
0.23078106819639466
0.23623341304318896
0.24081358562068197
0.242744804291321
0.24230153256679315
0.2453435763257298
0.24783949695317795
0.24951720966247398
0.25158984761310443
0.26097925293029683
0.2515476104179492
0.25135710438251213
0.21983044044719324
0.23854438973130535
0.24111962950649107
0.24639556568732834
0.26561933128304854
0.2527784807553313
0.2567594001099041
0.26312870311898895
0.2886253942418442
0.28998740835851783
0.288543863241554
0.28676502651044267
0.284606045296686
0.2441428186246412
0.24274256562017668
0.28384076118801793
0.28928178188729214
0.2849671280117388
0.2849717686384182
0.2774553159057788
0.28290193786110446
0.27793792213146684
0.2849624047323438
0.3160392434254126
0.3368127123871886
0.3035975724989521
0.29324038747423914
0.29128404851120415
0.2971481658336429
0.29576567903570194
0.29450007238881104
0.2933492964068808
0.2846566028610541
0.2884594069356609
0.2906579904223792
0.28998749033317156
0.2770926157687443
0.2749437190459175
0.2758348347216751
0.27323563048316324
0.18640998112049795
0.1943687591046679
0.17952506118186795
0.18052332549542965
0.1760980920443884
0.1758806378926117
0.17520498603547402
0.17444853676959968
0.16638245397301854
0.16448231997806817
0.16262155835456096
0.1607027537819507
0.1548583931627706
0.16822758328385184
0.16849030448837446
0.16866142886803953
0.17061400242093414
0.1583951294491955
0.15823962839506323
0.15760804031765635
0.17685355374910805
0.16199122590543652
0.17034931689958968
0.16655175444534376
0.162625932550144
0.16066658290253996
0.15883119138625573
0.15710502678395624
0.15470051858110398
0.15391015593161445
0.15333027810770664
0.15340895999197157
0.15413923992935152
0.15371271545835102
0.15323539917971854
0.1527633314602923
0.16014744285783922
0.1602189501935074
0.16067813138585726
0.16106405648899433
0.16756572557338678
0.17066273903563853
0.17385031789780803
0.17725496097717897
0.2225622646514241
0.2858778878378908
0.24045568483704946
0.24615715607863625
0.2811371734754613
0.24812987519132965
0.24861866520811496
0.25045087995822396
0.24960128602937942
0.2506015405878174
0.2600649103204463
0.2848525729088379
0.22758134539808503
0.24869170168919225
0.2515474151464033
0.25640783800607797
0.2669360541187569
0.2498535092502378
0.25053882941688127
0.25332239527341344
0.27910606675884897
0.27214228779729843
0.2799132875515795
0.27895684218502154
0.2778880207877984
0.2784416574916489
0.27694875444299916
0.279139543839669
0.2803509158487505
0.2781471533142838
0.2757293605474593
0.2731057741672954
0.28986823328066286
0.28300780371660283
0.2796747197695681
0.28632490557398066
0.3435992922071688
0.3453739579631467
0.3437816827986984
0.3205358386547771
0.3234857482778719
0.3229797058807435
0.3257683019141592
0.32178665570419607
0.30877930002207254
0.30262144881542075
0.2991366644444609
0.2965208277822372
0.28432942258019495
0.28290505231790397
0.28471208604019305
0.28121749452316525
0.24269732666326355
0.25423518174826965
0.2440457348117446
0.24626924322043472
0.19073680124959083
0.18795363940167822
0.18704480665417436
0.1861642978039226
0.1825154560201516
0.1853250368922174
0.18056854153584714
0.18053121207949988
0.16255691949631085
0.17289585368865923
0.17039605475674138
0.1680392481791266
0.17853401615228584
0.1643653350984713
0.16375334346826306
0.16252033742229474
0.1763653584781758
0.16709835883794388
0.17492925334710666
0.17048381170064023
0.16729212103480054
0.16606811413808512
0.16567797329618364
0.16470007129584985
0.16233553137929696
0.16149786302152777
0.1607202189791163
0.15999504133718523
0.15920009624201792
0.157351561645723
0.154992523316214
0.15255576705987217
0.1608468385641494
0.16241872416970013
0.1637663272281063
0.16564369867736528
0.16967503025054748
0.17080887155070018
0.17125122892082043
0.17192145261930764
0.17586997081520053
0.17860142036863455
0.1811569736343523
0.1836874459228335
0.22302961766801532
0.2270433812438141
0.2305592974043095
0.23348335414357155
0.2335316475976732
0.2353223450994786
0.23669361640213413
0.23859181834200455
0.21368482174870623
0.23198404908453257
0.23456889812964893
0.23901520457182426
0.25523051882964537
0.23931083423416824
0.24124693909322195
0.24328830028476608
0.2684067215048909
0.26987753850561436
0.27100378316462553
0.26971818661118185
0.2663665684190419
0.2653659479805315
0.2660815105306014
0.2654619356827144
0.2683830846026931
0.2673031163006037
0.2652552717135544
0.2630433566208441
0.27673260888699863
0.27262574385982274
0.2701703613747574
0.2719261436939135
0.2937555486945425
0.28854386870753496
0.2947781460328512
0.31922482012063935
0.30400763410034815
0.29878434554657385
0.299196086707693
0.2947628690272938
0.2797094220250244
0.2774088859836178
0.275248773629461
0.2743765256339889
0.2652017740957987
0.26206980627569293
0.26179002133307927
0.26260927214841395
0.23281639302087723
0.2376411540071918
0.2263728803058331
0.22879499966108838
0.16992593048150714
0.16869676963151217
0.1683284052026777
0.17146278958451547
0.1612206612789826
0.1594856006266643
0.1580874776330909
0.15730381905088628
0.1562674456903211
0.1707396052297847
0.1711901808590239
0.17149691925331847
0.16571547234005102
0.15142001486403817
0.15151505432807874
0.15136782728521259
0.16995864154434678
0.15162504049627917
0.1574843499812873
0.15230033935282122
0.149024443794054
0.14824409319627135
0.1481883318693641
0.1486703273605181
0.14737029660930195
0.14742906408971307
0.14761700895663646
0.14759913383235784
0.14724613895122807
0.14713646659326785
0.14759695619243007
0.1476445249223715
0.1499689009506493
0.15024484056423243
0.1503444992284219
0.15061086052719738
0.15306328190898633
0.15262772863983398
0.15323151298252347
0.15432491762883682
0.15947270354270798
0.16403860263388031
0.16797225408139743
0.17210765782055124
0.1738364340635901
0.17680950502294093
0.1790915375341364
0.1812334772877533
0.1799771060187823
0.18060515141101907
0.1808715847562003
0.18120484071300508
0.16126157155510093
0.17396085752153012
0.17325232369946866
0.17378370281854322
0.18927576281558547
0.17380594301689808
0.1752510387281531
0.17713530392630125
0.19862239788621358
0.19683632739341145
0.19819833851026217
0.19759961321105943
0.19818910713392882
0.19865671720115483
0.19841135149396358
0.19851310005128026
0.19596613221491146
0.19505021594567057
0.19372481043619763
0.19232889532623137
0.19633619101566785
0.19478833902083514
0.19332577500136475
0.19210133117087935
0.19720130163822822
0.2706985333001428
0.27098286247244596
0.26984431627718364
0.197781538654091
0.2770154732718939
0.2789307083033205
0.27919173556460536
0.26774634217932464
0.2674200802416779
0.2669830693935668
0.26636290811591473
0.2542642519523155
0.25277510725219005
0.25205004239945716
0.25046639562908746
0.22820773627609003
0.23639255202198642
0.17611263288925047
0.1744502855947491
0.17070640974669268
0.1725656287635406
0.1753204192512427
0.17621039996601504
0.1623383930898198
0.16093907587351253
0.16202932330428507
0.16054300320328396
0.15595585152605904
0.17028342724420004
0.17136371401075684
0.1725781069123012
0.16620240349907825
0.15237932103075988
0.15256581967378333
0.15288193888738688
0.16617145601085354
0.15001998311234338
0.1522949602111374
0.15065847414447067
0.14828840445055042
0.14817633091846086
0.1487412299267306
0.149104998287052
0.1475826175256747
0.14754243771241074
0.14737955795811344
0.14730110646590852
0.14746757745854733
0.14795470186431228
0.1484345443626946
0.14893711654816133
0.1694376818960376
0.18316923359127935
0.17240711997179414
0.17270582673660878
0.2478942696302379
0.20910499157111231
0.2190473484925313
0.3042678518148651
0.2769373767882328
0.2789947017387886
0.2904059612265226
0.288456355345235
0.25600129420994033
0.2530677194640346
0.2525122941877144
0.29892222218844766
0.25610718822050693
0.25135348286851533
0.2787543864387324
0.25256743577739443
0.17593693726234214
0.19570662496061345
0.1977165460269122
0.1986030953698474
0.2089396770114118
0.19727266906839835
0.1923355229804496
0.1943148138740596
0.21770222172552606
0.20920806002920977
0.21850120685876884
0.21664350140724803
0.21696306119253275
0.21577220669972913
0.21313438399145992
0.21162608427577392
0.20859676643405456
0.20712651319816994
0.20494838050199857
0.20289406447422934
0.20632762712070826
0.2041756968261285
0.20204440831566126
0.19973539999626827
0.20543067721812888
0.28023791481483196
0.23238326150558375
0.20432450526570023
0.23233325034930763
0.21458430349749852
0.2462574669675743
0.3350583916601503
0.3247001394086074
0.2943637478937156
0.29086923705075435
0.2899894662593375
0.27652146532828026
0.2738405548295212
0.2712239202069526
0.26867185013115386
0.23519145369833652
0.24145439094357188
0.22962141134046243
0.23056364768135992
0.20969665130713727
0.20949738018610337
0.2122647375436796
0.21412546546397676
0.166544844749216
0.16335157973664957
0.16080957143119323
0.1615241155426706
0.15762229288457572
0.1725071279464853
0.17328319214740232
0.17384325479084
0.16602075030618885
0.15225001100222685
0.1521346720930975
0.1521191963861189
0.1641843966121743
0.15382689305451824
0.15107584613891717
0.14982701477251933
0.14859722507618306
0.14889008898054637
0.14917427420423315
0.14938260014013693
0.1515457316436519
0.15171361617186357
0.14846212814064222
0.14862421829572714
0.1483898749398272
0.1484409636064317
0.14850598124187264
0.1485944708513234
0.15033809184229402
0.14990834329732014
0.1497962129695552
0.15071692504692535
0.1549447369354551
0.1555718552633605
0.16458221620706598
0.20154541329488337
0.2533612816832075
0.25447187750938527
0.2266735944350269
0.22610326109055545
0.22594952960941106
0.22929037978498099
0.23276357416542706
0.23586415167445587
0.23486351173856782
0.23571596139443038
0.23642090492764067
0.23696659529482908
0.20755045446477174
0.22163822390237548
0.22417908245493787
0.22899853302716058
0.25295237121107567
0.19117204686376263
0.19201897517079566
0.19361985051185182
0.21572863543391627
0.21519466419879452
0.2168229553844981
0.21355311405122449
0.2133264596580859
0.2187114366849947
0.21693375323264066
0.3511770122253139
0.8596517106407321
0.2690363793964525
0.2651980038249846
0.26044861009680076
0.27188137873483403
0.2704069531248692
0.26883351710988923
0.26675767866960803
0.2970845966479264
0.3237408519553308
0.295264385883581
0.29023672769460435
0.2984832770300723
0.29764668280921597
0.29712350088011436
0.2962007041108244
0.28492282164518884
0.2822354763409792
0.28322271489090933
0.2822982149611654
0.26715886819898627
0.2670925512089633
0.26468375114815057
0.2661963148180862
0.23473387740128593
0.23980218005587242
0.22967032486600503
0.231950847718644
0.17531740899941517
0.17410218177249998
0.17302576038638157
0.17226501705097153
0.16395020115958073
0.16159956869772335
0.1593025869950725
0.1569957829725853
0.15617185773739897
0.17030131193898237
0.17040675425215213
0.17034777060399592
0.1663093837301156
0.15117092803335752
0.15113415093002067
0.1515423929067713
0.16882484642473383
0.15097916228444042
0.159544737386807
0.15690472699350141
0.15322968996201367
0.15142102098654756
0.1499471281005225
0.1491753904904384
0.1477916804752794
0.14749869629576412
0.14749061480479997
0.14730541571451833
0.15423192302305522
0.1900013552601054
0.20531589632478
0.21017761955966344
0.22841816126228945
0.1946989388121348
0.1903179208740813
0.18869517772406796
0.21010285712881221
0.21230195714327924
0.21465271458626886
0.21744508343593932
0.2205020497119165
0.22191132493909888
0.22305299427594966
0.22418188878767656
0.22126913803706305
0.22115889872030453
0.26524252773118157
0.27152785726664713
0.22699719158685827
0.2236848170210173
0.2685355194199847
0.2338156793020558
0.19970354328668324
0.2090795330328301
0.2102474658139546
0.21107547915479558
0.23872339668227943
0.2254278783981362
0.22363008914269006
0.22454370642508786
0.24928905120197145
0.2440727083200029
0.2530869804491506
0.2534641717688478
0.25284751192008553
0.2560625242879143
0.2540062410911419
0.2525768729169052
0.25521483677596907
0.2561853464690178
0.25249088024542254
0.25070621865525416
0.2631822314677291
0.26222282915267775
0.2641151832327915
0.2633738658992626
0.2861107599546175
0.28452104896342306
0.28233059213700734
0.28209853553469205
0.29115944551911055
0.2904723005961397
0.28923338922404995
0.28778616055911516
0.2779099345702905
0.2784961780095302
0.278726149439863
0.2773534358396417
0.26563216660985944
0.26471496692098856
0.2639111113926961
0.26323167615001175
0.23261524730810795
0.24161418574300242
0.23154312966171597
0.23263353080806348
0.21126747163369958
0.21062259125380506
0.21011982113740363
0.21096029220337678
0.18814118844998434
0.1872211939613645
0.1867477654675436
0.18638418371455226
0.15576457584438463
0.17114992131359105
0.1725334849079994
0.1738478312031918
0.16682515624183605
0.15290791405663434
0.15311503703222532
0.15354358114230907
0.16287320517231987
0.1507612593917392
0.1535466436043654
0.1514591323870927
0.14924941037421016
0.14861066852817884
0.1482010740260635
0.1480806960080814
0.14678293751345464
0.1466658362813183
0.14682723048941432
0.146764500156859
0.15143508757648116
0.18008251583113927
0.15819364969574407
0.15556054209381315
0.1751115509033458
0.17550005937301927
0.1751755416200213
0.17555188353573697
0.19814216669287077
0.20140742079069107
0.20496558633533293
0.20880263348937073
0.21380805119575946
0.21691052604747746
0.21669194213264648
0.21909779360825002
0.22052351381102864
0.22667588035249425
0.2309894094735461
0.23287121921507162
0.23155587104184364
0.23198742582471255
0.23222926608758016
0.2327132396431211
0.20226923099632307
0.2129486077651378
0.21490383743652394
0.21676797319497038
0.24447861387712233
0.22989767828332602
0.2313135383258749
0.23283545017171994
0.25763416199081496
0.2644068405198052
0.2671643177634552
0.26423972195668655
0.2615999095173018
0.2610755945324138
0.26205342038877755
0.25954285386146264
0.2681664121935517
0.2619410877048299
0.259297862408907
0.25712971772760557
0.26897659185409933
0.27064726745035317
0.2691732446016466
0.2643928438120941
0.2856907976211271
0.2856042049208506
0.2823345026439108
0.2801098847980803
0.29230046396916687
0.29176107979885224
0.2934490431363635
0.2925410474630387
0.2088611874244357
0.20377831483226763
0.20005945752384072
0.19794199026339657
0.19325357488540248
0.19243669615377187
0.19149154623224676
0.19208062343222645
0.17775153252307724
0.17816018776522025
0.16664342178398187
0.16826964843904213
0.16389199303222293
0.1632824109091994
0.16542878411211306
0.16225954885124574
0.1544555672678597
0.15383223624302517
0.1543174090675787
0.15493276054189475
0.15858756492425632
0.1725730418799474
0.17236171926685
0.1720488887988539
0.1657272120868436
0.15204442137084076
0.15240873687146408
0.15303336284632357
0.16577082409779384
0.15276474212587557
0.15042080412588738
0.14968597075671417
0.14832886190098313
0.1486888126511688
0.1491146327309287
0.14945931739376525
0.14808275028323664
0.14812573355343278
0.14807947024242538
0.14810566098503175
0.15461452492254207
0.20651300722025162
0.1595432495217265
0.15436991277015716
0.169211810985645
0.17047331138215166
0.17234223176793304
0.17443449940645642
0.19427967721077644
0.24207159926559035
0.19940134544119734
0.19518537802551048
0.2244533305786775
0.20723330837009224
0.20971875030141301
0.21376162115256475
0.2138505452727062
0.21706774005645818
0.2199108109770083
0.22571198275753418
0.22237837318850198
0.2233057920760294
0.22409709030670558
0.2279411330459721
0.19852903318500353
0.21144867227468714
0.2426892487299653
0.25511424085084267
0.2873359764081456
0.24118652023506107
0.239377531875551
0.23966234525013277
0.2678824020500831
0.2661766330892103
0.26647225859113755
0.26491544600425954
0.26298661803778445
0.2627045252503359
0.2651687073188094
0.26335356745386845
0.21183051526567362
0.2644561957858651
0.2617907260833982
0.2562115724209936
0.2797513288353122
0.31353903076706335
0.31915179028188884
0.32191994524862216
0.342383185264533
0.3121687126425775
0.30290091879875364
0.30328746830334413
0.3065812883128966
0.3041587470635756
0.301939526227341
0.29992989176957474
0.2919378120965608
0.28914068139693727
0.28256469460123373
0.27954670916312485
0.20471663601865878
0.20067564357711215
0.2613311317618138
0.26372827334381077
0.2310116845992354
0.23746255635202612
0.2267724571313384
0.22917380073095325
0.2119501776295259
0.2073634271132955
0.2060094068524493
0.20500019735789624
0.1827737014220222
0.18186583719821384
0.18134819024781396
0.16055155128722504
0.15625357162403375
0.17023152516894405
0.1701047719902902
0.16980379827589095
0.165606158544543
0.15121261132132205
0.1513551143186495
0.15215783668826027
0.167816927520108
0.14983038117103006
0.15588724050061056
0.1531452048093111
0.14994394860492596
0.14918292505014705
0.14862338498735084
0.14838107790845464
0.14681116173913927
0.14683669676594513
0.14683889723283705
0.14683574898337728
0.146810267641523
0.14684400395838906
0.14707752218033748
0.14748927294324424
0.15017517291105473
0.1503432108360028
0.1512833697991385
0.15258740383058836
0.15348890472250362
0.15366648757374476
0.15392810494848688
0.1543023918687047
0.1579981440399872
0.1591555593625127
0.16198069886257246
0.16526308708025517
0.16701677549436905
0.1698876233072099
0.1722385552097452
0.17418566033758143
0.17454842959264494
0.1768991101973263
0.17937889477497432
0.18130709666867326
0.16333608046037643
0.174262192189262
0.17418909408959599
0.175016732402996
0.23614633186005948
0.223013797837171
0.22583514707386423
0.22840279459545818
0.2502783802302303
0.25248144764045166
0.2542476751499165
0.25368515963376526
0.2525674506840909
0.25317577364487776
0.2535616427965111
0.25326276799759967
0.25727252746964285
0.256328371337837
0.25468314379121726
0.25571447549363213
0.26749989090096193
0.2665164554165355
0.1992729215080409
0.19298695407516084
0.20470708630521894
0.207180782689663
0.20207058174025697
0.20078385968744228
0.19923818728493764
0.19672441129788634
0.19845610405790998
0.18628219564861942
0.18408716228524244
0.18085478750943118
0.1819010914407474
0.1807403007483556
0.2429186225483825
0.2446215112964398
0.2451152747521337
0.24544834108154515
0.1756468728038952
0.17457683999669563
0.16389693893946097
0.1658176614036452
0.1608480001318788
0.1594909519799368
0.15862362099160077
0.1584913867939346
0.15458391947394864
0.15415432672563067
0.15417781348943763
0.15422971309039152
0.1585861643915803
0.17293330769873183
0.1732205339609286
0.17331574512982997
0.1666644363516671
0.15268367928936755
0.15277601215578282
0.1530184047186188
0.16670152513040937
0.15265032973988915
0.1497957632656724
0.1498334918806211
0.14832521535937826
0.14823245636713248
0.14826129115215939
0.14827111861195538
0.1468430875696747
0.14724279610747937
0.14760641455150222
0.14803670660784163
0.14793390217011232
0.1480990282252877
0.14827368764943202
0.14846323122431354
0.15039321993977883
0.1501514992128769
0.14995871420737109
0.14996029357502702
0.15283402264669127
0.15344189450743514
0.19042109937607699
0.22211862117607814
0.2025790763888277
0.20538450006688583
0.2616223103741699
0.2191962661648775
0.17236298681287254
0.17128103625444707
0.1718596299181489
0.17253592292560097
0.17196590612984278
0.17370219195647188
0.17556298296199663
0.17803642020251637
0.16138001812874928
0.17391762349398066
0.1732029417156171
0.17432900506945231
0.19124588714387145
0.18157991993054187
0.17992540447089214
0.17749730141340272
0.2018240060115006
0.19809269216328865
0.1982779498066289
0.19607364138157227
0.19547817866320716
0.19531516071799598
0.19393786787252817
0.19251119005618875
0.1882181925318901
0.18542907513403364
0.18219745669053752
0.1792670884931521
0.1818125210622553
0.1786805358756575
0.1752582080310056
0.1714771775112043
0.17799216914460972
0.17734003916916
0.25385070245676306
0.25631565247610394
0.26850969069987685
0.270015833432181
0.2713118284233023
0.27227034955774687
0.2606986965546869
0.2603841276621387
0.2600855190621746
0.25988284381454163
0.2478431837124617
0.2464011289299447
0.24537666882502052
0.24408132768913426
0.2227739532996253
0.22699369166450103
0.21430557264001132
0.21651416740032872
0.19725201794861627
0.19597765357712854
0.1978362969163407
0.19655284958874916
0.1739941304416827
0.17303719408183993
0.17454456094357226
0.1744341721060055
0.17169475107967513
0.1865783969424567
0.18671889569663272
0.1877676622468118
0.1740783400206115
0.15981429474607037
0.15957747097340547
0.15954007492970645
0.1674403955088836
0.15308565058605206
0.1500961824196726
0.15001896661097086
0.14848087493591916
0.14892882963621562
0.14914957176828386
0.14930240311978674
0.1478552419261547
0.14753943119043053
0.1477156124405235
0.14767196876195712
0.14724871045985793
0.14705876617773012
0.14693132999148778
0.14712166301523805
0.15299217732566617
0.15385629874345122
0.1542987023396355
0.15486568567880696
0.1673349896756477
0.20486039961316824
0.2523102799617029
0.2597359001742948
0.25856218338171877
0.2231887706071725
0.2182087373537074
0.2152902380909974
0.21163269365320886
0.21102310321815504
0.2121061170684444
0.2139846577262646
0.21328129263086928
0.21512833679043733
0.2163427262662638
0.21727163335824323
0.19607515297920022
0.21153142512933418
0.21071471933187097
0.20905607518693622
0.18537104472869265
0.16877570680965898
0.1702717347433377
0.17153680125704013
0.19767580018647796
0.18602863278729534
0.19797298441362848
0.19928428143059365
0.19890094789753843
0.19917932746902628
0.19627634489884666
0.19337259086642664
0.1887999948926839
0.18622231743634665
0.18497227769336277
0.1814003106254119
0.18590994622694978
0.18485482069294687
0.18414793535752938
0.18267294872673992
0.1879785431283584
0.26321911299779804
0.26371503272654273
0.1851062590733112
0.186963152662901
0.27004500529957687
0.2731601806924618
0.2745336473729203
0.26307968794467146
0.26278094660641066
0.3077679916920759
0.3330243694237749
0.2582539869479681
0.2501083599369818
0.3087974682672059
0.19108530339261262
0.1775192554483231
0.21171670240933094
0.16399794420931998
0.16223856493382213
0.1586981645932399
0.1587096585236711
0.15873840370668074
0.15885611494362734
0.1542426877656944
0.15415733258685377
0.15443407731246622
0.1543473340190561
0.15885637906284306
0.17327013515044898
0.1735895702571255
0.173737931559375
0.1669063270157169
0.15291129570592665
0.15296076645435014
0.15317244977649427
0.16777184533345268
0.15223058404876974
0.1497839122480346
0.15051403955884998
0.1492097995775303
0.14941966298056722
0.14958133777710456
0.14972721610575804
0.1481414997926846
0.14797523454466038
0.14780846047760074
0.14762387232073254
0.14719632686197712
0.14725122522512601
0.14709090431367405
0.14711795721773174
0.15061457210814466
0.15104043334093212
0.1507354238208845
0.15129418453867866
0.1549493033399821
0.15515941901846167
0.16365216884417835
0.19540481424579015
0.20689232106981845
0.20846364644270804
0.2112570878057161
0.21467272147248437
0.2150959271950694
0.21506072149646835
0.21875231335495313
0.22273466010688622
0.2241751119649278
0.2270872786699145
0.22957558856948876
0.2316299132261351
0.20530355435669692
0.21614718080331696
0.216052836084894
0.21849226325221935
0.24691646708340712
0.22875910120178106
0.23048553926715243
0.2291628043177572
0.201505334997918
0.190851560923586
0.198539782956507
0.20513661073939224
0.24549590820236172
0.29164882424590144
0.2622300199869802
0.2554003671137572
0.25673957206340703
0.25454624250398056
0.25264695514848984
0.25424644095447213
0.267916975228739
0.26564815242434964
0.26393226263717695
0.26277402574016173
0.2850239191104499
0.28400036728625366
0.28271418736116866
0.28099884825652294
0.2907455925067558
0.29307213897035095
0.2891658775963725
0.28758628600308844
0.2851080692449831
0.2780843993204956
0.2752824509505015
0.2759824882552629
0.27319948952617995
0.3118052716320075
0.321540482920952
0.3184851622032254
0.24379462730257973
0.2460769272067847
0.2314421189003472
0.23051872633543005
0.21040007301735997
0.1901465881737378
0.17234803738304688
0.16495872293410443
0.15599631572096515
0.15597438436229308
0.15771227939990054
0.15720527991177555
0.1566521208015311
0.1716283423845088
0.1726501189845937
0.17326516157614846
0.16635036363655856
0.15231858411855184
0.1522995469811845
0.15242772482933542
0.16894665093396277
0.14977690219679168
0.1586859220795933
0.15742935374159286
0.15312256237958158
0.1509036664932977
0.14945727464284336
0.1483765005589116
0.14675186009753835
0.14665938591760275
0.14686191502675858
0.14705037975457436
0.14710060508096717
0.14753388696236416
0.14771617582044755
0.1481342429980877
0.1500114656509682
0.14972808612701874
0.14993553581143726
0.15086090266904695
0.15589457764274922
0.1577803084966742
0.16083415162924272
0.1643314156968619
0.16842159427142228
0.17231696614276554
0.17548455838031568
0.17823675786015727
0.21852190415900125
0.22348081854599336
0.22699312789625062
0.2302683582113737
0.23036095035301607
0.23126522131435404
0.23188515358498388
0.23230141616674987
0.20234190388360423
0.21382433725613564
0.21922794688767852
0.2517048672332132
0.25303270300877756
0.2349191743717091
0.2357077507751632
0.2369286858794902
0.26706440865025766
0.26592359865542087
0.26822469852014985
0.2684322204103415
0.2891306059371883
0.26319072408421273
0.2635873754560152
0.2918547917698261
0.21549273249794468
0.20824229328123406
0.2044046623895298
0.20274810936992402
0.20475121217440195
0.20404119966596382
0.204336584992652
0.20068579997575747
0.20481848597929186
0.20432014864794457
0.215096128007584
0.243631025838682
0.29494554110901094
0.2941382047596026
0.2913932899945111
0.20544939288461497
0.2747421947000523
0.2765123532236274
0.20575165568761852
0.20296105180154272
0.19955914697401683
0.26052890727497113
0.2624351771691513
0.2633772521972119
0.23336213205894027
0.2412189020674327
0.2296963169997643
0.23119439433162833
0.21093162491742595
0.21286807889318762
0.21233862191473035
0.2127463533406416
0.19109807611280424
0.19044776426310478
0.1902776347231013
0.16969669048225924
0.15269449206947372
0.16735645779480945
0.16771337507188133
0.16794625495316834
0.17251369435910113
0.16103732905249657
0.16144937171579074
0.16144895726525918
0.18079385142269339
0.16712434848130167
0.17755073484566036
0.17450578905124384
0.17218679108463603
0.17097495385330339
0.17029076669003768
0.1694869591649754
0.16725476030848743
0.16649797265961716
0.16576031981646677
0.16541987361648125
0.16667471492881755
0.1666021904320023
0.16616353229379563
0.16577899060385165
0.17339831403571943
0.17341649739414003
0.17315199709887003
0.1734449002573501
0.17736810544327478
0.1778742301335378
0.17833444210489857
0.17876499733426393
0.17781723261461238
0.17728191875879207
0.17716244187909083
0.17651042265251793
0.17514607156997553
0.17429184104214024
0.17366853335400811
0.17291682285016524
0.17100999177312934
0.1713980748929282
0.17539789115243368
0.1763859271139573
0.16079062674815986
0.17503944646205016
0.17510074046600216
0.17511493126939154
0.17739808075418204
0.16250048943239775
0.16486280495122743
0.16655211280988083
0.18797898280259262
0.166962385666371
0.1788073035482273
0.17626819432554458
0.17554878711562366
0.1754554551753228
0.1748223105926894
0.17457481738069636
0.17230759917976549
0.17219644269957995
0.17171499572025045
0.17119789005839248
0.17756797152100082
0.177569577276017
0.17995545842566066
0.18031247959677027
0.18835070653147576
0.18829434114923985
0.18808570679240844
0.18783280666382987
0.19238112568266721
0.19182519875459028
0.1916144228799555
0.19107358142737135
0.1866367407764175
0.18572684558791955
0.18481346934059437
0.18427633776172359
0.18178802820803008
0.1818001672560441
0.18166753163012536
0.18169847420646487
0.17571885880866048
0.16605979454768752
0.16167544340035958
0.16136225790675932
0.1589203093204575
0.15868404832418379
0.15901651507103406
0.1595159259975662
0.1539949206846494
0.15428224706916097
0.15776794341676276
0.1590527782336188
0.1545350618091122
0.16846994610585064
0.16853067079216114
0.16849720168563123
0.1679923288498517
0.15610677974446616
0.1575006746733215
0.15800371978971903
0.18349330167371267
0.16184259922266175
0.17259954091225393
0.1678138650590684
0.16487086895487504
0.1638555985554315
0.16895585048444933
0.1737935937349441
0.16232303273788132
0.160263752820616
0.1594466160108332
0.15874017785050404
0.16084080112450344
0.1613278452349202
0.16210520484061403
0.162381715065837
0.17048051460315253
0.17024617313228285
0.1926908618227111
0.23962795349216445
0.21984283594280726
0.21778847102081897
0.25944111126107094
0.22492040683674014
0.25760982787326175
0.276215229327081
0.2386532240598123
0.23662186148857914
0.23352680380322058
0.23361845012134702
0.19195571887240184
0.19213139027566542
0.19272929350731335
0.19555264047252074
0.19777274745729617
0.19945630020021232
0.16910778916011895
0.18065132099526637
0.18186550310285024
0.18373641955848144
0.20532619056266196
0.18848362608269106
0.1897676619038977
0.18942499060276496
0.2209538523088257
0.20650906162696023
0.21645083441711668
0.213367124603022
0.2110809484578471
0.2094597062368582
0.20719525730071567
0.20462694422176045
0.21104582030301106
0.25049381951513683
0.29999567269109395
0.266452855467421
0.27331067342998716
0.2128539090755753
0.20256219007254145
0.19750485335766732
0.20362169750882217
0.20259690130864802
0.20173538588549772
0.20099794069577684
0.20295834209870592
0.20016546908374336
0.2820123787089392
0.2829442359136156
0.2710133923818981
0.27516145032376377
0.2736750733008645
0.2790511495762196
0.26326003741540327
0.2618974436578862
0.2612000889087399
0.26069142645652627
0.23736186096199324
0.286304597953865
0.28670730427998425
0.2873705545709129
0.19185578353297453
0.18819414445689214
0.18862525892673296
0.1820805924087713
0.17476052229206965
0.17932299748427022
0.17852176545972312
0.17479683123209247
0.1553249769068361
0.16812736494470593
0.16738349835326682
0.16894251119703713
0.18440519853137896
0.17054984006410648
0.16958957244618805
0.16817571302591391
0.1880909091959116
0.1737839957860643
0.18395405557313993
0.1795522411976331
0.17635505353419761
0.1749138021321287
0.17367731114895052
0.17262775402821662
0.17030482709981032
0.16954841144962213
0.1692651459703924
0.16884736569090225
0.17038970617879123
0.1702494736152264
0.18117251598807163
0.22615595430265495
0.25736152406235535
0.21800931016161085
0.21337479600039264
0.21114758224520705
0.2314249572159474
0.23203620576510217
0.23266534631540942
0.23311281279419943
0.23506821429515304
0.3057951572334337
0.24178981114294065
0.23618715169230164
0.28198530979299036
0.23840485952479595
0.21613662938789086
0.23080179162259476
0.18880533265058738
0.1838428518313787
0.1821270848326479
0.2252494648355468
0.20309490309669603
0.21437360522614893
0.20652179097535162
0.21025731264570768
0.234889087126071
0.21833659318954488
0.22274879180239598
0.22012616379475608
0.24540416445092358
0.23375071518760362
0.24655129253010058
0.2445752783107557
0.24156621555389907
0.24109446369282297
0.24273070302746505
0.23893640287669873
0.24190965699621816
0.2416071188404521
0.24245383483055793
0.23990075953557954
0.25441201584487194
0.2548126381470948
0.25502700033247044
0.2557783504782971
0.29743047198339306
0.3415922837753309
0.34662464088546063
0.34678573687606146
0.32055375104525063
0.3184596486192954
0.31772376868795493
0.3141259173803205
0.29877040999601917
0.30084690879816217
0.29727868800179685
0.22238449330909973
0.21724831253514004
0.2128117059785949
0.21036564340488623
0.2088166589520331
0.18541298916168417
0.1933609688133146
0.17983648423641307
0.18239992038133043
0.18035055490955434
0.1786592264902994
0.1782796297078253
0.17795219212565472
0.17073599037969092
0.17025878014774357
0.17023553608677397
0.16990574368778
0.15401486885338272
0.16675566978947803
0.16634788591354088
0.16612613408966864
0.17884798201247903
0.16867289110315872
0.170358925084445
0.17130214949779476
0.19381659907717083
0.1781226463775534
0.18963982017952405
0.18550702131669755
0.1811624386981898
0.1788088390836565
0.17617050829435094
0.17336619456080682
0.1722495767173629
0.1723754012748523
0.17263925711302394
0.1729365373808111
0.1737835547432132
0.17308406693447534
0.17167956029988968
0.17028707461587334
0.1797851117227219
0.17986527208611136
0.1798344198265427
0.2032024927681555
0.282214815079697
0.23379591133012034
0.2328493778281045
0.2735105999517629
0.19723773284850674
0.19553228030759667
0.24389443251955623
0.3002804613475111
0.2568027186135991
0.25304301600168677
0.29083157395125603
0.2578416373203298
0.2532107901092187
0.30448295000758396
0.275708989356031
0.2573279018857418
0.21387750335934808
0.26589935075531557
0.1797836048572482
0.17769980595968266
0.20262469253135942
0.1886218729031767
0.19132681900819334
0.24065147520773983
0.220241350315403
0.20694959833471946
0.22140678877484565
0.2215915516787347
0.21834120128724982
0.21834292034270786
0.21064399437414727
0.20609467512023505
0.2008642448336311
0.19739900192339913
0.1943050302319055
0.19023620970694555
0.19323917023233284
0.1903914698242067
0.18778914734611893
0.18462662122672313
0.19232923594294227
0.19329095589595927
0.19328772843686157
0.19323021438716595
0.2925771351983241
0.32923549308293537
0.2962381372702376
0.2924762769993793
0.2810129089686349
0.2819430818792291
0.2820849234223869
0.28228010598803627
0.26877161711365916
0.26615343810729253
0.2636584668633722
0.26114631922110493
0.23044050355419485
0.18179236103240956
0.16698700590216117
0.16944801891450156
0.16422410123603698
0.1644817957756583
0.16919741203889996
0.16623527338608388
0.15885377085027094
0.15818058168853286
0.15849745100099155
0.1575706154651467
0.15635627582338144
0.1704809078175437
0.16994193869601795
0.16990550032894092
0.16621635283564812
0.1521431863912743
0.15218151399287436
0.1520144577187036
0.1776109048838721
0.15509048360538125
0.16591454023964572
0.16186507601639294
0.15861284136606735
0.1571586691032147
0.15576108539613823
0.1544359335433927
0.1531445280662389
0.15214077456123948
0.1516305726865425
0.15095621648958932
0.15198863873169233
0.15145178058588304
0.15105002064560957
0.15103170785245304
0.1586629151421851
0.15873981343970667
0.1582814960074009
0.15787189361893697
0.20354915478082133
0.24978416775862966
0.21578571587583428
0.21614192965734894
0.2450485307258196
0.2260174078304142
0.2278800934367359
0.3023740661735307
0.2215637017782169
0.1926953844694064
0.19184098249222908
0.19293541649769116
0.19148455371591386
0.1920269330477647
0.19236397839688138
0.19427974469955414
0.1624165395246526
0.17485245985649953
0.17430759989409533
0.17445725366254974
0.19309387144686133
0.1832960966921121
0.1865892287014677
0.18753222492356694
0.21697324592025266
0.21599148543704452
0.21777185194925136
0.21662633287180844
0.21601065264061328
0.21535177591042823
0.21462114106084343
0.21472997323840798
0.2088432984452442
0.20413953809904328
0.1978572206373314
0.1913763528117477
0.25652136365166517
0.25648731941426095
0.2562539238322104
0.25431891051962574
0.2788521823089696
0.2801065223896818
0.28084873573676133
0.281284141593885
0.2918045398412923
0.292316892877011
0.2928553845908855
0.2924695247656161
0.28164389869625905
0.2820801246843957
0.2823002615987462
0.28230865499259916
0.2698597194905395
0.27051661905054347
0.26871249951773785
0.26656768233098227
0.2359527891214694
0.24956396727266647
0.2352220182871109
0.23676422354984386
0.18029378930472328
0.17672290245976652
0.17509111134571323
0.17696943020826833
0.16685286619384918
0.16649696760640004
0.1635716515908289
0.1628007531790289
0.15560442934037583
0.17007207848484518
0.17053574830366736
0.17085562846273353
0.16638589861821654
0.15179665566372327
0.15228216850353074
0.15180558366381153
0.17581513112015557
0.1544832779492681
0.16454705456123642
0.16068267736894662
0.1568444466383895
0.1548378366411365
0.15341584334641067
0.15192252309362886
0.1496541106307706
0.1491534717940855
0.14874658555275833
0.1484915886074636
0.1500128965866052
0.15065621737107263
0.1520553873719376
0.1524498667202857
0.15896895821777823
0.15763212142242494
0.16581736879505898
0.1951875232578714
0.20679897737441216
0.20738621406396968
0.20945271688879574
0.21201733982183615
0.2160859759008422
0.21854572687843946
0.2213905024785568
0.224642740534733
0.2246581610595121
0.22851741248560473
0.23045839055123818
0.2324820588277244
0.24206509584736455
0.2836436346774608
0.2842296769887321
0.24968981170912746
0.2029912992426497
0.21089833214212572
0.21156093107156682
0.21391418101490345
0.2581413247500197
0.27821839770391243
0.250787713308545
0.24668977290385857
0.278729412182881
0.26660170160815816
0.273778181744295
0.299519049595938
0.27365044312647796
0.30251854823607616
0.3104162164016187
0.3105904714163987
0.2772057028102195
0.27664596124347984
0.30694447884120774
0.2711882802417657
0.27835022511680707
0.32166376126296276
0.281188670745266
0.27253751922632463
0.3458030720121449
0.3248354209320313
0.2960090093424961
0.2954758651056626
0.3047718422920871
0.30588124608880063
0.3069752855003343
0.30381279154380464
0.29407330320717123
0.21383923593305582
0.2882783773666373
0.29192178168705635
0.27435630128939453
0.2729019661282748
0.27145152183072957
0.27031294323055877
0.23589523367121398
0.24472099648493528
0.23454832521134952
0.237764760237403
0.2152301024950758
0.2151269914532472
0.21529601685031663
0.21549110906031402
0.19184292682331414
0.16996011232371339
0.16695580950340533
0.16442722972472823
0.15463112544194135
0.16874836677332455
0.16890232986446369
0.16893156724161779
0.16828666804775635
0.1556719736809245
0.15651215788812983
0.1568274054512365
0.17990930033582547
0.1631550607856268
0.17390074535823533
0.1702422180306762
0.1680421123090691
0.16633335491006646
0.16465691206163743
0.162840979408679
0.1603039087154103
0.15928149988533324
0.15825777692102713
0.15779694708067965
0.15810594892819724
0.1566393996355784
0.15498452024831744
0.15321359357785214
0.16362952896224256
0.1662334062403447
0.1684860547879457
0.1714721219139414
0.1759617185305606
0.17668535141031425
0.17726826816334623
0.17776101619953613
0.17360318504306912
0.1726124697721036
0.17263229561567262
0.17217618470754137
0.1713992680138828
0.1714807340811828
0.17174774544861768
0.17205039857032908
0.1704708600617569
0.17114131534600877
0.21573473780664773
0.21785848188223578
0.19882682833687193
0.20869154549255556
0.20876159221475918
0.20840658259915795
0.22505841438303936
0.2111928613689081
0.21292991601928296
0.2139925392307507
0.18991741366826564
0.1718509565147076
0.18272126384486628
0.17956616497570155
0.18365510108802494
0.22818873188715794
0.22703288024288928
0.23371897020097593
0.23331381739993118
0.23504870030338595
0.23461164254376582
0.23504607874130531
0.2510452980244713
0.24977447882191783
0.1958376096164639
0.1915772843696949
0.19777037726000446
0.19683028464340835
0.1959212839995994
0.19505622538832482
0.2032946961374807
0.20136553879634234
0.2013760984836151
0.20106046417669277
0.1992783886537877
0.19687791601202675
0.19835820942084528
0.20211331867161872
0.20022793785180648
0.19963976674696218
0.19376844154252207
0.19238619185576208
0.18116626829124952
0.18011868692895258
0.16854272658672526
0.17238907571464002
0.1693702056677556
0.17099381399298877
0.17127065792719698
0.17173681374067057
0.16571086956870307
0.16626881644851965
0.16691211540669476
0.1675393291901183
0.1527102667538751
0.16675010464061776
0.16692008474700934
0.1671207980231989
0.1731064971696989
0.16084659570881066
0.16074295021892682
0.16027352554398364
0.18634959840960355
0.16700607391438804
0.1788460481569302
0.17551180832206165
0.1727434073979723
0.1718434391818193
0.171058869818348
0.1706124437851563
0.1694195151835769
0.16891446476313726
0.16863720791368758
0.1684016268360056
0.17002599945246216
0.16993984542671536
0.16976641516573357
0.1704310888600636
0.17857769898274387
0.17856030016685376
0.19970422668293242
0.19977951061064664
0.2202058366593595
0.22247068938783318
0.22365651385951846
0.22430138661906585
0.2270377773086118
0.2279044794903463
0.22901561087332364
0.230338966032733
0.22920967062318284
0.23116863416573905
0.23465848912949988
0.23723241072386356
0.23714695071015174
0.2392318119510663
0.24106982273062033
0.24269327850596942
0.20890508476495875
0.2228733092772369
0.2252452085369653
0.23733390659785847
0.2588519431081916
0.24395033201008395
0.24635322808810622
0.24840057758241693
0.2780136733911772
0.27987538045891935
0.2803328709363104
0.2777695134992473
0.27414251959287517
0.272945978308214
0.2696477201035839
0.2723884962019535
0.28441854805881994
0.274976850559555
0.27334147636530703
0.2717107073686807
0.27837842178346445
0.27612147333836734
0.2739036191345129
0.27136733410858993
0.2952215506367719
0.29596192024895107
0.2963816252704061
0.29834524288728903
0.30951787289554655
0.3106586119824603
0.30753510722883753
0.30644341563747746
0.29627784848806055
0.29794560841366796
0.2960076363612738
0.288568574814724
0.2736852655546825
0.2716471355214446
0.27051014618650115
0.26953495202612626
0.23671664654704555
0.245700528911568
0.24127533812577198
0.2383485413483655
0.18167694881407612
0.1770220852125363
0.17318593661048962
0.16876236654408028
0.16315588070816275
0.1632506585639707
0.16383027088034033
0.1645018729019582
0.1530624623342295
0.1674160799462212
0.16803726114267134
0.1685472464176879
0.16487686999249168
0.15121375138988793
0.15124602526848951
0.15416124285238403
0.18039717970971808
0.16311967385359927
0.17476537319917798
0.17255721894282616
0.167453332612695
0.16410550810365518
0.16073428959013644
0.15733873720409236
0.15591778592252226
0.15630654056392293
0.1573589056179486
0.158056465778672
0.15958831508204896
0.15943843830113882
0.15922711859789396
0.1590530751642833
0.164818762945689
0.16219698886319633
0.15994947743471322
0.15637421722842862
0.1997529726148929
0.1536761025943384
0.19600437641684826
0.19862865164616747
0.20135490886777438
0.20318725937665294
0.20456851460512304
0.21017970007391198
0.21258083458724303
0.21764663048982508
0.2219318036583447
0.22574676768723792
0.22519969087657732
0.22718121114053025
0.2286014449680009
0.2319457766719032
0.20140773173898563
0.20927705454610834
0.17150586571417406
0.17166564976339374
0.1891649402213639
0.17469591589045355
0.17565173299749912
0.17570525658231245
0.2008120977222762
0.18617900151823288
0.19597933752929608
0.1945970507082685
0.19130595459119754
0.18992852132663146
0.18923895387341577
0.19069623041841388
0.18629523784253138
0.18045512675018183
0.2302586673572819
0.22820554026422313
0.24161815417967977
0.32577677811706357
0.32649308210625266
0.2920813724280307
0.27641185901192056
0.32942592082985306
0.27879704074294004
0.27252185957617914
0.3336830603776424
0.28324586276575925
0.19583974158387882
0.18877199123304328
0.18335165159053415
0.18249656157309146
0.18209825888943976
0.1819459382563228
0.17820886838721384
0.1774963850385251
0.17599935095268085
0.17471040123690879
0.1723444900859726
0.1626648350035572
0.16328643268259568
0.16363943311600712
0.16052795295856775
0.1605843995969302
0.16044436981773313
0.1602970975628049
0.15618832068909622
0.15617300560359076
0.15613276918055574
0.15608519790722455
0.1575802778927266
0.17144166791673296
0.171514018526661
0.17150301392206768
0.16716274886981025
0.15447909301013332
0.15436678290632116
0.15421584109002787
0.1638641419700226
0.15505081352850267
0.15485110086373227
0.15353110595159059
0.15025640711510843
0.1489362460502917
0.14806036450515053
0.1478420306618399
0.1464650093566294
0.14662683892895859
0.14679772025396104
0.1469774359208181
0.14700138563740553
0.14813326731568544
0.15158980210698136
0.15429517107441895
0.16192215621654815
0.1585918622534464
0.15237517477765058
0.15078760867192004
0.15379006028363615
0.15353903314654735
0.15332977578646498
0.15360207894157124
0.1570931396695629
0.15981589763008222
0.20336161723268034
0.20863278763849305
0.21025004521169519
0.21485360894758068
0.21925635395526216
0.2244117268472981
0.22389914915996448
0.22494296880505402
0.22534592422716002
0.22537535965709624
0.20402069448128257
0.21639077461889367
0.21289118501337845
0.21492975563485306
0.18737286181884366
0.16971842584662014
0.21739841371126128
0.22005736308280013
0.24074099082119807
0.23456933341644945
0.244988694392663
0.24066521350140616
0.24186709160630973
0.2459832593341157
0.24533052404465824
0.24920391643003553
0.24961503937866802
0.2439910289453316
0.3311390696619848
0.9269588950380245
0.8510611514939024
0.2523354918606605
0.2485429027594265
0.24586128768657242
0.2680985138813624
0.26616352576134544
0.26164221465755794
0.25859936352377844
0.26832207551472514
0.27009843412041024
0.2680282000123427
0.2673464535060512
0.260217324849128
0.26371918388632387
0.2646860794684241
0.2711693408377086
0.2587696161940163
0.25447094158812295
0.2536912448017463
0.25265472584687276
0.27971716519587597
0.2406277602736394
0.2372575491925728
0.24035711428569329
0.21166067161514704
0.20852961406053452
0.20741674813680636
0.20951706201591877
0.18568979545459588
0.1817115547365787
0.17968413819085455
0.17820637442225848
0.1919451159165778
0.20645567997471082
0.20692220057175215
0.20722940443311863
0.1600671871445906
0.14588106321933858
0.14583339052409836
0.14595418316955164
0.16707113303773014
0.14954100498370315
0.16227485018906831
0.16130772410258584
0.1579303314742678
0.15587257452373057
0.15379552033386631
0.15263712058435447
0.14992496090320764
0.15370626517671304
0.14872526221254484
0.1473253476204526
0.14583713703629275
0.14351626984310234
0.14161825848056664
0.14201150753745614
0.1449215538842889
0.14739171075387045
0.14874818456124353
0.1510355778293136
0.22853217434736392
0.263445777832671
0.23396064980883005
0.23136447756780848
0.2843540662625106
0.2401966532832825
0.25427118941379484
0.3342745126840623
0.3062849468096469
0.23591346626002044
0.23475298293569946
0.2800701440232184
0.16150856489068652
0.15901641585368548
0.1543084363623539
0.15630113181950295
0.15417039867790183
0.17068429373488533
0.17077220591851694
0.16981173697986945
0.1727166182157969
0.15740023811037063
0.15889444513790743
0.16019263090852265
0.18428453580047002
0.16425163266305756
0.17148725256069156
0.16641840833432817
0.16713556974135582
0.16930387503743533
0.17084010922300688
0.17205960096660158
0.26245725665784525
0.2650636102304067
0.2654169972966508
0.2654583561242662
0.27989823070524006
0.2797738353674348
0.27858319595386444
0.27689307607556113
0.30168657925602904
0.29993384163394693
0.29767702841999055
0.2952062789267965
0.3089354927895503
0.31133981370367875
0.3133608714409582
0.3151217705465566
0.3010652990322744
0.3031730437986599
0.2999564011772033
0.30152768173561056
0.28845262497021495
0.28252626940733316
0.284814820383089
0.27971545166127615
0.25380133697069085
0.25619519675489094
0.24758067122134753
0.24868324813972975
0.1544170979729951
0.15289543110161014
0.1522457518442259
0.15219425420317775
0.14894928668344165
0.1492513672609419
0.14969610034658812
0.14949537194707346
0.15293362690966936
0.16820021288443252
0.1686954604434924
0.16898578143301057
0.1625224280789239
0.14841312064802337
0.14821963637158242
0.14833492629377104
0.1601148127985159
0.14622944801685395
0.14450737208588274
0.1447626938050949
0.14346421255064368
0.14333033844735354
0.14322990903584754
0.14331211184258982
0.14213954050863298
0.1424350929870579
0.14276844389309531
0.14307914647660508
0.14307395979483536
0.14328503736429324
0.14343876701034414
0.14372962777296888
0.14562100215533508
0.1455856035016488
0.14561407089669043
0.14567187042067659
0.14796661172336853
0.14759785210045745
0.14728015742532505
0.1474405154832635
0.1503807607253225
0.15408014968458308
0.15911632593306257
0.16349649460319948
0.16077978725942021
0.162410283519042
0.16274058341119418
0.1630659990345289
0.16244201684617102
0.1630807296693415
0.16365602794097528
0.16400286981923257
0.15601253438422416
0.17299628820109372
0.17231347629075341
0.17147761325122676
0.17917777911664504
0.16314425575413366
0.16415121385079567
0.1651002897098224
0.19013417912401556
0.1852002193913953
0.18627858207748466
0.18484647995373318
0.18489273767751388
0.1850302371135893
0.18347578466896508
0.18200967328593098
0.17726971204903574
0.1745908036976928
0.1725338963728757
0.17074941651142891
0.17407818597860528
0.17216919947053996
0.17059362769354453
0.16896838356514887
0.1747772517922031
0.17395915524474076
0.173135072023816
0.17234725158328895
0.1746850940175039
0.1730652474716928
0.1717827325274433
0.16963692501827635
0.16635611316795804
0.1663435566773212
0.16631908728618738
0.16623432600011206
0.2686478421337901
0.3036562689508877
0.2743150673475894
0.2713892017383895
0.27188929315092736
0.2567384796396052
0.24402172424592827
0.24688372777038414
0.22221449797863935
0.2221984921392124
0.22256417321424746
0.28529447834256266
0.20331694114737187
0.1968360330171711
0.18535414118521765
0.14925233929515114
0.1538625446108064
0.1684978310149551
0.16818414817827831
0.16743033291112952
0.16092513030474567
0.1470383326589801
0.1471694514302144
0.14719111523780704
0.16507016908192787
0.15905819435061777
0.15178490007897505
0.14687665252089227
0.14420100191429433
0.14303836506064238
0.14315751353975448
0.1435032800337346
0.14215972371227004
0.1420069663915382
0.1419775096917216
0.1419175739344705
0.1418302622876783
0.14191287739376274
0.141855009234216
0.14206563310335615
0.14486501057983836
0.14480623064706574
0.144496561205936
0.144631434998258
0.14731346398665698
0.1480131466310273
0.14886396597645898
0.1494607311505043
0.2275223277828398
0.23088450065552554
0.234161814457746
0.23733336729471646
0.23792687280237615
0.2690878335394119
0.24793773889844695
0.17034445565542988
0.1672768821318714
0.16424808683874886
0.16441483657338957
0.16398047311860886
0.1550845946020435
0.17277626813332672
0.17241884743018826
0.2394886234485512
0.17788358544397923
0.16228199393614157
0.163763786093555
0.16545015266167884
0.2708409698242588
0.2633044923230004
0.27238565359452777
0.2709034413344968
0.26676899683210814
0.26551569214684806
0.2644150191634873
0.2635010957186005
0.2675159985432798
0.2736483685044959
0.2971964710463594
0.2609197195338159
0.2704767043467134
0.2676252951850598
0.2653750553291183
0.2661563892685355
0.29241175633157235
0.28842795356375717
0.2867867633887035
0.2852298930637606
0.29983462996134247
0.3007968619824018
0.3071792671948036
0.3086947455011919
0.2934896065008424
0.29545356067443285
0.29493887411167624
0.2986464045258914
0.29092868772713426
0.2839861054939075
0.2831969254439585
0.28326202219638635
0.16810830166334817
0.1574810962911174
0.1562600093260597
0.15702371358849979
0.15397214405396073
0.1541700969366157
0.1542556619618995
0.15529445098280975
0.15206355673562344
0.19792909432095118
0.24367112569613536
0.19793793767957604
0.15211835106248833
0.16225844456105415
0.16630908749964374
0.1672677582816533
0.16230895459498285
0.14827455906949147
0.14812178293020825
0.1480592245349864
0.16128710718998165
0.14521497115605694
0.14596145049422993
0.14451872377323477
0.14347685905561863
0.143535543516478
0.1435474909201845
0.14385863797326867
0.1420546552757716
0.1417388579943572
0.14163293741185523
0.14158001478914778
0.14160906471494494
0.1418018272424955
0.1422060620532719
0.1427188159764317
0.14440603694495477
0.14446166251343265
0.14504816335289447
0.1458406735690732
0.14925225903462105
0.14985546881353445
0.15021422270582788
0.15087831135731455
0.23557359203785913
0.3009049224386208
0.2848270699437027
0.28848990621352966
0.21454684564048482
0.20897523893572387
0.17183112582241528
0.16681887117013508
0.1619463382561566
0.1599263574171846
0.15915516382438777
0.1578125563943845
0.15629932709982566
0.17471828824862884
0.17452050549767173
0.1743452706525691
0.17125314869451372
0.18193880192055475
0.23703315858128318
0.23660574232661835
0.2584720212428091
0.2476056093768467
0.2585673123136308
0.25664499441620514
0.2514521775484202
0.2495876870906708
0.24685904746397663
0.24393697846267404
0.25147339050698003
0.2531285795845647
0.25467276313957266
0.2560695412468046
0.271494973211441
0.2725145746844676
0.2751541142960854
0.27180875868561843
0.29747099106626135
0.3063555130326038
0.3438737467116018
0.3535101509757473
0.3702381564172897
0.3700127902956535
0.3349300621976105
0.3291830960196309
0.31402986101335956
0.3106029202454587
0.305224915287602
0.3028265451236674
0.2924223610167886
0.29406250720022
0.2905128217270955
0.2901602028792967
0.2609970181742722
0.2643383926306193
0.25382128186160013
0.2541664654825176
0.23839290781327468
0.2773084639693541
0.28615482186410024
0.29231335558019356
0.2630493831718382
0.22140542530590887
0.21327642472562572
0.21073262442759716
0.19159335061977362
0.20674273715323963
0.20783403084305474
0.20876816459498132
0.19556558733789095
0.18180595295199792
0.18194507651058436
0.18157149473832943
0.19282234781014101
0.18176490945483761
0.18599466028120437
0.18593012649708493
0.15132500428426354
0.1537880788753277
0.14992514737167809
0.15004159103301198
0.14740164608862297
0.1499825527541167
0.14744675064467083
0.14558771178762522
0.14602283987244766
0.1474941569728979
0.1458008988882837
0.14605283576630712
0.15331138578896517
0.1534111436568467
0.15313585878349334
0.15282890058879342
0.16500515380119388
0.19457289567840183
0.23579582760453616
0.232570536070929
0.2343854075923125
0.23489753436886385
0.23519652349101702
0.23541122721422436
0.1536570384092211
0.15246910218159873
0.15218686865300055
0.15201678425172693
0.227337693900646
0.28836761508993786
0.23562343125690513
0.23030676992243299
0.23708918062768605
0.23947987890890485
0.24203774194673092
0.23983977946554028
0.168263777674627
0.1502488510748273
0.14982401317100683
0.14982798108492157
0.17635023521032347
0.15468475118717342
0.25396140100268555
0.25778267568862523
0.253753385493919
0.25400466206414657
0.25606322124607134
0.25535586490499157
0.17202526301334553
0.16895294099977484
0.16392075093838687
0.1610701798274527
0.16462207746588772
0.16282312238439853
0.16110982363019158
0.1601291207835668
0.16478259546394056
0.1657000147714474
0.16482862317199476
0.15831477069485692
0.16662307229655152
0.16446773390785813
0.16378853229283405
0.16054926964807553
0.15763823382864275
0.1577173119652686
0.15765205727087736
0.15768736504754383
0.1565752376293822
0.15667819659997861
0.15684644121856678
0.15777430389870245
0.16423935117736624
0.15871453740696861
0.1588570375735751
0.15861032638173925
0.15588566089943376
0.1556869106771814
0.1554062951983666
0.15521197857352342
0.19685353277911774
0.19629433575297278
0.19588885381276022
0.1713131684134333
0.15188929224314654
0.16642873964207527
0.1666852152823705
0.16665061526799388
0.16123436853569958
0.14735942914374592
0.1474992132709901
0.1478060742375978
0.1642472867511919
0.14903812906786187
0.14760812424652173
0.1453981804183022
0.1433443786787688
0.1430787387644321
0.14295977072184216
0.14306194673707026
0.14139504048138132
0.1417512726485705
0.14184357777022477
0.1417040310513914
0.14194761671338396
0.14207769584132518
0.14202522012582694
0.1419934653414539
0.20262673032364803
0.2051927640556225
0.2057329234751841
0.20543760704489292
0.2291156605093543
0.2290397438982452
0.22921677320845413
0.2294717397505675
0.23697318043115367
0.24246251809040129
0.24817272971821483
0.25344602953891876
0.2528023181274097
0.25535916903676625
0.25703035081807246
0.2590142796721612
0.26069221581400615
0.26183845084564444
0.26135697553999665
0.2625681581324786
0.23106078156404042
0.24482423147177101
0.2479300148263028
0.25022268053762203
0.28177100782480763
0.26475379907805224
0.2661574317332877
0.2675289947969658
0.29516189165898987
0.29750643530891
0.29971224699324706
0.29917823432471397
0.29619731919672787
0.2990600347357525
0.29932137254990254
0.29949542444520094
0.30032375081670487
0.3011015740769282
0.29423625753480304
0.29172504532467075
0.3036938972158501
0.3011555191206755
0.29883986936132284
0.2960477540282312
0.19963557888199635
0.19657331702221506
0.19269333819344464
0.3112897328260661
0.19610962961591735
0.1935263160404605
0.3239629906873318
0.3307240400697316
0.317517116218225
0.31088791290653744
0.30891046142153705
0.3072367093660982
0.18626564017700087
0.18226654902998973
0.1800441297050576
0.1792229980747577
0.16764253386090036
0.16417682034025743
0.1554131420436406
0.15531199715481592
0.1524208653191868
0.15273541191443032
0.15261612161382826
0.1527682777881475
0.14848079655835886
0.14894216951987238
0.14926626133928092
0.14966884768586328
0.1541222464953937
0.16854954159180333
0.1688430827348889
0.1689566803595428
0.16254960249411274
0.14875538157744203
0.14905170204023915
0.149345086258969
0.15936043767914645
0.14568412461991787
0.14472948090706586
0.1450470005023411
0.14304971368828454
0.14321233147055598
0.14312108340326066
0.1432173626244276
0.14181322977970628
0.14194530419512877
0.1419027563239367
0.1420389648652866
0.14190204646614699
0.14224573245047037
0.14243678080693717
0.14261277539850048
0.19465382300579506
0.1955717344121985
0.1966482235194819
0.19711441259372625
0.14705168456127476
0.14744416095132057
0.14730402877638196
0.14744804136376843
0.14892115353472535
0.14972857026139275
0.3208364652775117
0.8322420108924092
0.23667293782636153
0.2388248119476516
0.241545662906664
0.24481184393976557
0.24582252373145994
0.24917604777582225
0.2533480357026985
0.25398387747040496
0.22653097424604027
0.23900494026454566
0.23975097702712903
0.24257080137067014
0.2701703284021482
0.25914014960448073
0.25843390466103494
0.2631279636701535
0.28371148754347814
0.2868324123654861
0.2884225235487654
0.28736238797173097
0.20388661070396982
0.2020133238433725
0.20130624125715407
0.2032645931163292
0.20195053762990953
0.28645270845816434
0.2863731142270284
0.284890028855962
0.29781875936802427
0.29849065926020424
0.29513497677521344
0.29331520961643714
0.3168038610343545
0.317529368586569
0.31584397795627045
0.3142375661173883
0.3255642223621024
0.3261238947651961
0.3268996572214521
0.32712820538542126
0.3129946367638377
0.31206096724037097
0.3110840642549075
0.3100131708586648
0.295234520746782
0.29329348663306554
0.2935786531606848
0.28969043420630497
0.25969804732081403
0.26706098784100524
0.25784089286702877
0.26103730668228675
0.23415462057116507
0.23627902100329107
0.2351720683680933
0.23259620821785243
0.15664395483652255
0.15539714168128152
0.15479779424231324
0.15435745231479514
0.15081777196241955
0.16553905773143274
0.16623875794342968
0.16672959176041577
0.1603788725994701
0.1461310530301624
0.14609743662742855
0.146235041117747
0.1646756618820357
0.15064787600277352
0.14797060210810267
0.1449784821900603
0.14348481537367377
0.143281780623858
0.14336111883332983
0.1432407731820549
0.14208301971908127
0.14229614676116575
0.14262461057365944
0.14268905328217069
0.1421618521493723
0.14182498091755408
0.14216314215362474
0.1422577010596502
0.14773261689060693
0.14783499639901548
0.14749909205426423
0.1477672858750414
0.14744177910217357
0.14731222395812305
0.14755396589347994
0.14750909132300136
0.22414041288618006
0.23010206144149933
0.23597414442547862
0.24079067809714355
0.24322781189726675
0.2489486689054131
0.253514113679314
0.2883037699556403
0.18211512858992304
0.17933714017947686
0.1784287185304736
0.1780089318604384
0.15622640457840486
0.23909632542315506
0.16900982058898034
0.16916751179016204
0.18571439433809814
0.16934848948090725
0.17403022321555284
0.1746395014554369
0.2033736897939414
0.2056399092191753
0.20760720071751124
0.20199373036962645
0.2020375715404215
0.20261986425146547
0.2027280324277303
0.20185689601102566
0.19880079674910114
0.28717094577405544
0.3314951581545918
0.2888421380042224
0.29810125864650855
0.2980000263091602
0.2966132371821389
0.29484270434784704
0.32020880343798225
0.31923179902926985
0.31781104169594676
0.316903269790273
0.3279184802649139
0.32816233391753996
0.32805957902951033
0.3277715863552636
0.3139543883802963
0.3134446927524887
0.3148518194573879
0.31295063023680664
0.3124097418286211
0.34154952062766203
0.30318570874343026
0.2990510463110477
0.2620770891303831
0.2653808370338808
0.2585221134326384
0.3491695084362932
0.9220739999362921
0.9252791235097159
0.8366311927409011
0.24086598947332527
0.15750171880830388
0.15698244267795014
0.1524328437989777
0.15047046874023717
0.15297838445056278
0.16743486535746538
0.16754720190133388
0.16726221128655108
0.1605738851845821
0.14627162608015126
0.14630264217105124
0.1464599492901169
0.16451123102307108
0.1454519051811963
0.15340464972414108
0.15002865690517472
0.14554043064826316
0.14422263101888097
0.1434060349289779
0.14347801802396346
0.14326189582303414
0.14352270733398328
0.14379844041885234
0.14402982075973672
0.14398005038670258
0.14418450254754475
0.1444149930735229
0.1446585756013689
0.14625438887764744
0.14572877064952475
0.19486361243878939
0.19662547134566322
0.22115072114629963
0.25321697315265057
0.2292616095813076
0.2290141692335689
0.2629685961058693
0.23817729917332936
0.23754412521487075
0.28564019209364816
0.24280658117797088
0.23980964993565027
0.18904750730817646
0.16109744238142143
0.19231984909580052
0.1597613289065516
0.15461076609650581
0.1547317640940408
0.15761607161944083
0.17689177002425974
0.1766360383636076
0.1767478217742025
0.17052593630343432
0.15114768914168206
0.15096890524536136
0.15242080659951754
0.1774858500518028
0.17106823802731946
0.1729371487628909
0.1718951412204059
0.2562458094164274
0.2598309032723953
0.2711836203827307
0.3113362562176347
0.3436703785893833
0.3239968809109882
0.2846107357385932
0.28015600162218735
0.1894050933783328
0.18372788880232724
0.18029833342633628
0.2792767585226751
0.3059500247171227
0.3048514538072052
0.30321243524085334
0.3923364022551199
1.0034355586691857
1.0106751402839582
0.9210820733714187
0.3198016820209933
0.31421719066425563
0.3520386797398793
0.35594555990350407
0.31622129748365646
0.29549145684354305
0.29127654887486387
0.2897409756242824
0.2855670639658765
0.25837520534693315
0.2598119603767202
0.24618408844456677
0.24994351046219274
0.15362343916006377
0.15271302459966196
0.15255166234371262
0.15404240224660043
0.1483150010728177
0.14842519728976883
0.14916396926766037
0.1500671499093836
0.15552283288797153
0.1699165331771061
0.1700994888158747
0.17007399572735343
0.16264209359748696
0.14839079326936505
0.14827026130457807
0.14826053297044348
0.16187694639012012
0.14805844384375214
0.1462744101928145
0.1454101677653139
0.14393736100476176
0.14395907050812676
0.14407446448892114
0.1441120014724143
0.14258507029962408
0.14175469375610963
0.14173913447667627
0.14201920931931333
0.14167519923289182
0.1420974752700731
0.1421460847832681
0.1428676581559316
0.14788333234735435
0.14795297341741454
0.14730604605863828
0.14681083091630595
0.14955374292098816
0.14939405594611224
0.14925876193447238
0.1496007608021981
0.15104865556298774
0.15144237559223564
0.15196212273344165
0.15239401819644574
0.15208498648595148
0.15227977669034407
0.15294033805720425
0.15311989408703713
0.15160045375284256
0.15193881715845717
0.15230383211804208
0.15263407421182376
0.15696309149358945
0.17564460135004567
0.3321247724895655
0.9082050872908957
0.8465312112391171
0.23836301888401834
0.2406342579977392
0.24391605365208124
0.27113216124729295
0.2731164768641382
0.27768973064957825
0.27650967792616504
0.27529907454489894
0.2772308730448242
0.27797042095833924
0.2775187672528544
0.2833650598740227
0.2823617037097652
0.2805716182160671
0.27879675712176594
0.2978182334193188
0.2922438282090104
0.28945697559575034
0.28607263899187085
0.3227937412881834
0.36055686500375933
0.36016094963133044
0.3250818591999785
0.3325028316190413
0.3321885157202049
0.3280847856256834
0.3263369776798831
0.3145834819305425
0.3145585107110314
0.3132727727908222
0.3139025882826681
0.29800866180728897
0.29391120995218045
0.2910281008063094
0.29134420729536503
0.25853323479004964
0.2623614594864397
0.2507220266066007
0.25313229582049185
0.22777081700136395
0.22732778610123627
0.2285732186550288
0.22728925128193825
0.14967278001062573
0.14831440930701426
0.14828060760768166
0.14848894595665396
0.15338804797530836
0.16789037905995507
0.16798387057487768
0.16811878432122004
0.16126609266676442
0.14722966372590804
0.14700919896570566
0.14745771083528342
0.16310340967734524
0.14920324259305828
0.14741750205024384
0.1456537761815834
0.1444168718956291
0.14465810502290855
0.1452318461312265
0.14601188714616947
0.14451907478984358
0.1440442944356116
0.14350886685187167
0.1430803917479683
0.142779636880627
0.14178630685048346
0.14183591021397296
0.14235782928983848
0.14509431302860087
0.14552617690735054
0.14598243620843931
0.1465180559925958
0.2225017421834243
0.22448566056961114
0.2259262799565594
0.22845500244578182
0.23360831048210778
0.33067654709696165
0.8425821105143867
0.2509314926676794
0.24941584671125322
0.2511801966882341
0.25178879465880577
0.2530528387811805
0.2519646825394133
0.2530817618639926
0.25308491245227455
0.2541923486449575
0.2261799132992848
0.2396622740366861
0.23984577950968958
0.24008300233396304
0.25963872532842747
0.24354212435471748
0.2452229005617077
0.24660404839023564
0.27709146521425004
0.27743017571354645
0.28088589977482725
0.2786668682475611
0.2754537964449186
0.2749557451566917
0.27647571980065655
0.2738471713719856
0.2809542999789812
0.2817736226031923
0.2792502572888866
0.2775894384706455
0.2911985354549168
0.289701608969157
0.289013239689478
0.28641250322243417
0.318880769437265
0.3187888273419339
0.31601973545976
0.3165793280124216
0.3297832111204468
0.3284670085519009
0.32538690350419147
0.32766487585707216
0.3103882226420333
0.30866052543858497
0.30753086802721424
0.3073007788866724
0.29319422191713496
0.2925281566441707
0.29217778992199095
0.29501743619146664
0.2612859542768064
0.2725597422492583
0.26117766613404536
0.26092397131708983
0.1653686671575796
0.16429908272512395
0.1644790181003773
0.16402643399061495
0.15701101216368546
0.15592938641574128
0.15496462881154685
0.15562151500588017
0.14800434915518243
0.16286087250252632
0.16276917888660128
0.16311063791832808
0.1633953740060753
0.1505291476031141
0.15128336402729717
0.15204297336970773
0.1752695860737401
0.1565884070186348
0.16677102884669295
0.16280442202879208
0.1610720173871467
0.16105158458877786
0.16102807044359563
0.16171114908999779
0.1597871929475521
0.15932686006022273
0.15889838716343124
0.15850393776621752
0.1581800129872741
0.15595074557677444
0.15389789858728675
0.15117178196536762
0.15961091745721692
0.160349766869392
0.21510463516684225
0.21621025134123434
0.24053721656874114
0.24069201876461663
0.24024583826292853
0.23775404743444395
0.24040093530105144
0.24184471302764063
0.24318941129896077
0.2445085867530583
0.24290019237197866
0.2450863727945853
0.2464930811246148
0.24763073011744344
0.24937868108949318
0.25451443677743923
0.2573213669083203
0.2591099956435019
0.22914543881230162
0.2402788761433786
0.24182788154084206
0.24360737506735664
0.2756320204902878
0.26366184737953624
0.2624910635749277
0.26976909698834933
0.29082476602296803
0.29653461961531546
0.2992469597290426
0.29608098739923505
0.2943338243050458
0.29580469174879587
0.28842223958073326
0.28578897199021014
0.29040677639844675
0.28860988480104116
0.2875728030667624
0.2833476449287491
0.2963508233527894
0.29608364896627065
0.2899757952472018
0.28636545552200604
0.3123648682144454
0.31523192585375903
0.19234391475398074
0.1902651076316177
0.18661330645108634
0.18676458851552552
0.18153366744508548
0.17984238036054706
0.17726783184396036
0.1743774506948805
0.17125293341084702
0.16802267410018232
0.16824404407635982
0.17000587203346637
0.16889326494278123
0.2763905962567848
0.31407196681331323
0.28108139708897767
0.1572098418538833
0.15593578805738528
0.1526264106449766
0.15244066359606367
0.15258267514835339
0.1525567603609796
0.14888666343178733
0.1490257481497247
0.1490322759756285
0.14914956688415953
0.1542805424103644
0.16896713341304084
0.1697133263815335
0.17024077846326224
0.16288067203230625
0.14869116966112045
0.14862925594466989
0.1487355241255159
0.16075700049661631
0.1469673483996336
0.14517932958497104
0.14452157390261874
0.14311419797595895
0.14365213754462453
0.1441945423196271
0.14467414580339485
0.14355290700645806
0.14357338744609735
0.14373881777186667
0.1438677602703035
0.1434928762276771
0.14333539821642638
0.1431928436916429
0.14305568187074325
0.1447690671339271
0.14481527516575077
0.1446267519127108
0.145371425050864
0.14814005327923135
0.14836097432360154
0.14870331720278124
0.14906302340959
0.16024748466421487
0.2027620871535929
0.28958535176547395
0.30089416378599093
0.2992871080626836
0.2691920319678321
0.2681894980617658
0.27036797522854983
0.26941023512196255
0.27014594166101125
0.2703409294975863
0.27067577341949217
0.2330537909234665
0.24675994299859708
0.24943128579545706
0.2529404427806061
0.2845361955189562
0.2695730817610917
0.2744083389845125
0.28529800143385825
0.3278204436031125
0.3109559739905193
0.3088645997371336
0.3987718668209565
0.899082967953027
0.3073484283749518
0.30322579453402476
0.301970861853793
0.3073649732949058
0.30429492899091154
0.3021766556494042
0.298996892487713
0.30959631489639844
0.3060387321707535
0.30349432449326874
0.29957342050409164
0.32411028956658805
0.33284845905734245
0.36353634565705994
0.33079276344212016
0.3410381298096473
0.3388389345597299
0.33716008724846136
0.34035170310355933
0.322939341442788
0.41256328243175133
1.009031776607163
0.9187609263082648
0.3102745185054332
0.30448708353949216
0.302273917585327
0.30090419638020977
0.26426746341699486
0.27059933703593
0.3493960744056541
0.8561831749414942
0.2365441630471525
0.23527531596292595
0.23667998713604904
0.23603909955448982
0.15774083207623532
0.15437601346864446
0.1516954651603269
0.14971732135350674
0.15208295591390728
0.16632793737534152
0.1665160863396445
0.16653066386596563
0.16041709315120894
0.14624371396590966
0.14649859232209056
0.14688560063457096
0.163021414723699
0.14504029006335373
0.15291644335665305
0.15016249189803507
0.1472805556127673
0.14622111011572814
0.14526538924449345
0.14467296292626736
0.14357078095324388
0.14400820430200442
0.14456310152504204
0.14481735957837422
0.14585725411478437
0.14606278332453784
0.14582482975738192
0.14567369728396454
0.15169927078072318
0.15233148823065293
0.2052128217239427
0.20521425602410834
0.2305204442833149
0.23236461969428696
0.23405937278755184
0.23569407239230145
0.23941338782063268
0.2405606362909989
0.24154130611949476
0.24243754741613507
0.24150980230912697
0.24396210440085556
0.24655498388437727
0.24912933429455
0.2481995736226343
0.2475298095192086
0.24984953001342922
0.25114616768765363
0.22906564419080722
0.24250502299868779
0.2373512624470736
0.23830238060644549
0.2635059785244272
0.24798585743184187
0.24870639448461773
0.25197525123130243
0.27806525798115966
0.25873758848057227
0.2678151319704744
0.26552766504334796
0.26093160049250097
0.259495535626979
0.2643157125296178
0.2632076336896952
0.2730388085926751
0.26825115336147715
0.26623418288588396
0.2648160634920287
0.27973726104283453
0.2804503320404829
0.28795166895250107
0.32778185573040386
0.35826034457532335
0.3272788480986744
0.3238198663215035
0.324367555815713
0.33354397124044394
0.3327749795181999
0.33545155020258216
0.3403249570519485
0.32018839713047115
0.3175677764822056
0.3204378648256245
0.31954467855435487
0.3049313061621479
0.303896798160039
0.30539261406198587
0.3063086137392584
0.2705873740042804
0.2776251910628846
0.26526458806938574
0.26535927305087026
0.24044138282399252
0.2404533916834381
0.24224518685452978
0.24154180862639635
0.21685219016059437
0.21689295711134357
0.25762554515467784
0.22175906850202481
0.20453324965822345
0.20176990262918293
0.2045207588961587
0.20492010924076712
0.20586303213978704
0.15694050923429842
0.15661209754193423
0.15623480637873166
0.17646307292003877
0.1618006580304572
0.17212751019879297
0.1689799919582077
0.1653792746035174
0.16373756652306112
0.16224211705635974
0.16083993670953542
0.15311520543101637
0.15143824683455898
0.1507402057081575
0.14960977985097274
0.15004628259520103
0.1488941947426459
0.14767419725129277
0.14643376907330863
0.1551197257243555
0.15631861229678856
0.1581451923765508
0.15870147046648722
0.16082796555828674
0.15959066362164662
0.15856025954892836
0.1576789712512769
0.15933002664289111
0.16087110991015158
0.16142696193170591
0.1619567781001205
0.16256342804165919
0.1636735156942152
0.16446761009020916
0.16512774156850218
0.1626025884109049
0.16301436817463297
0.16241810242800003
0.16223731040474326
0.15370018929034648
0.17190287199623286
0.17178349934269757
0.17149299139735455
0.1698136632405072
0.15156943710500242
0.15268557970666904
0.15374752057491492
0.18153322832470498
0.1643273357620939
0.17655924491214303
0.1744310847845515
0.17590889378989827
0.17622062818506168
0.17736585943625735
0.1785761864251124
0.17639354375181357
0.17564170349131009
0.1741011139595197
0.17283639841488466
0.1769191333790027
0.17545199231611186
0.27586972386791175
0.2767596689930399
0.3047191794779558
0.3058560798001308
0.30646488671076666
0.3076832182193354
0.3204556342741011
0.3223280756979371
0.32380901625871716
0.32508768209170574
0.31163544467722426
0.3113947846320969
0.1914162006446846
0.1867128936335994
0.1832376754884278
0.29030010161668657
0.2966354972304762
0.31845193878143074
0.2682313990166965
0.3176616776063789
0.27258982714747154
0.2732711035688346
0.2443872667549081
0.24358767645715554
0.24320797790059867
0.2444409556830627
0.2178492629853267
0.2524643307177367
0.22133289186284932
0.2434600962063293
0.19247335954276637
0.20203967569090092
0.20169047381259106
0.20194564650427838
0.2059169484603612
0.19243856820231395
0.19120137014910427
0.18980827134328382
0.20615175289115703
0.19148665897088996
0.2022125843005566
0.19868010497579894
0.1924396096129618
0.19035046099361722
0.19023316346284544
0.1866795856180342
0.15663029235139014
0.15624029850859836
0.155496704723101
0.15993736544566012
0.1609853672435479
0.15770831048628045
0.1610047554735729
0.16393436532617192
0.16798465897897283
0.1653605931161254
0.16606663388801982
0.1659027890406552
0.16763983799367663
0.16760557225395573
0.17110210224135397
0.17044607760458808
0.17003693976656903
0.17028460828217232
0.1707517372946348
0.17205052669928128
0.1713515624088152
0.17156025693584698
0.24481926426086242
0.2467169359704644
0.24590992000806086
0.2467529332979852
0.24813844520933495
0.2491616530010072
0.22919325960443634
0.1662141611039832
0.16908972753814228
0.16937656724574454
0.16981372658642818
0.1523484316354712
0.24076896157304215
0.2443871116804617
0.1845678155574707
0.17125453767812351
0.1778970298623213
0.17407173054365752
0.1724976263882547
0.17030217251807342
0.17455074858151237
0.17430987367482292
0.16453579123685333
0.16270383754046833
0.161357285823308
0.1625430376908394
0.1656909601950599
0.16529340278635837
0.168459321539562
0.1655855062578676
0.17167548618488715
0.17095464867559415
0.17014912832726628
0.16929514248363806
0.1848387614650737
0.21874536726509944
0.31617040130588103
0.31753188528704307
0.30404637732850465
0.3037886931150464
0.35649746896362117
0.3778081189228984
0.36657172391019305
0.3271503996302737
0.3198746983852728
0.36324813877744816
0.268870335361644
0.2713833331699739
0.1609715042152091
0.1571728879530606
0.15340182506875938
0.15342504358736553
0.15561506697364286
0.15771703576177903
0.15402828682977698
0.15287038725657467
0.15315822942970503
0.15345528701690656
0.15031131666458414
0.16412138831258186
0.16501183908384554
0.1652903003306239
0.16062213201975234
0.14621016010542673
0.1458455551860938
0.14553497979639243
0.17247309681874953
0.1492029656990351
0.16233371840422964
0.15975727395753994
0.15802643189634913
0.156686623860929
0.15566229159984257
0.15470676234493375
0.15204256102928718
0.15069413590557282
0.1493351721537729
0.14861149179213307
0.1489524331194326
0.14739838165152572
0.1456255605550754
0.14446377089579218
0.1511734177438328
0.15208330745694149
0.14719044930189817
0.14718578215342087
0.14966861154494296
0.14990545114215767
0.1498829433405501
0.14978909402356247
0.23365561259856826
0.2377503611072023
0.24180591870155033
0.245057499366731
0.24459752844215724
0.24755338994595055
0.25039323324816953
0.25318832392238655
0.25332730324998953
0.25519254057778307
0.2586616950939551
0.26104482639846055
0.22879717848927594
0.23860640485206117
0.23823495790076704
0.24030533275002977
0.2721555741135824
0.25747454694347216
0.2590373558415602
0.17707448671534667
0.19749447110053944
0.18310274693766204
0.19437589237834668
0.18806754345546445
0.1868970543090429
0.18782383776826944
0.1873531169509151
0.19049702350372744
0.18702931796846248
0.18607786578091226
0.18253871100078486
0.2691258751978295
0.28506773220436593
0.2864058796628846
0.28512424313566836
0.2871317110319781
0.3140167509358641
0.31393723667170725
0.3132927011939418
0.31242448799131545
0.32572352820972345
0.3267116150821186
0.2016341817749959
0.1984725687203096
0.1926433254745795
0.19026557776085917
0.19312448925142686
0.19399311113573675
0.28975325556181575
0.22212181212645657
0.19032615445085113
0.18473934291345936
0.17247070165332634
0.17093348725917984
0.15729789701818378
0.15882543866580073
0.1547241782872199
0.15433928350825282
0.15371642684498177
0.1536471317581958
0.14829811885969832
0.14828780540389114
0.1483760647766699
0.1483389707112254
0.15208778833805897
0.16636132410237725
0.1664541349286787
0.16656680515984437
0.16048513973414158
0.14663191300102227
0.14682202150234014
0.1471669356967689
0.16590285907337168
0.14997995811359321
0.1494457445043812
0.14641049186115623
0.14372852804402458
0.14308578878544376
0.14287762287381586
0.14298385772814162
0.1705919337881087
0.1706818490048755
0.1706488404627314
0.17057029884550262
0.17545955382092146
0.17519099579906877
0.14256060602091816
0.14298174438872058
0.14497815553556437
0.1450036409028346
0.14642963290828512
0.17638043089740554
0.22714187276519998
0.22679341847898965
0.228079115482035
0.22973643498560214
0.23321973180628164
0.23773735902664814
0.23753689764106042
0.240689771541688
0.23803454909776195
0.2413403550656904
0.2444914835992294
0.24803033491634252
0.2481154163078541
0.24986677033058838
0.2517208192143034
0.2534078460929925
0.226193379777486
0.2381235309638405
0.23928138132761737
0.26447849642518056
0.2783242746046835
0.2578538071357942
0.2592526982841518
0.2611961710350051
0.29184715806740924
0.28501245534745495
0.3072290998425995
0.32939142470267846
0.30384481278142245
0.3027852763098457
0.2992744555213739
0.298007863851317
0.3030865374142147
0.3004070291983825
0.297408437667706
0.2941280954413277
0.3069436564693106
0.3046447435060249
0.3020695371516919
0.29877409178303616
0.32687393276645527
0.3662971243518348
0.33142815440226603
0.3243437339393928
0.38868147580811163
0.34016200677214403
0.3316764714376795
0.388870295006059
0.37723746273558423
0.3774844054149778
0.36867452060644457
0.352009110343953
0.3653371595975465
0.23384384707790798
0.20119747495596643
0.20749641228053
0.17711212302442933
0.1802401822171101
0.16638488850983854
0.1703615769515025
0.16389124508926564
0.1661253278969137
0.16460806835083777
0.16233620192468382
0.1554610415338627
0.15482911507356395
0.15436823530571794
0.1539764255457218
0.15007021667955228
0.16425785166033782
0.1643960292453383
0.1643823543375175
0.1619271812614991
0.14840769858132827
0.14876864774433174
0.14923513971593336
0.17419667650567663
0.1547214550211062
0.16567235735740835
0.16206244275210074
0.1591960093193538
0.15807042671841456
0.1570907403855592
0.15700242371770687
0.155032046080449
0.1545682604242129
0.15416735261363293
0.15380857559641864
0.1558227491468904
0.15625614483226205
0.15696374329810556
0.1577501257812998
0.16536416409281277
0.16536911352287922
0.1650636166325846
0.16468186246283464
0.1682089886485724
0.16865759838341693
0.1698587892782293
0.17014139641327947
0.17112346483502264
0.17091423785005666
0.17052018308369257
0.16984117529131784
0.1684173780433302
0.1680929941166956
0.16802978399177496
0.16782299430066247
0.23975922704361308
0.24206561619770894
0.24432475959227146
0.24655912033182134
0.22609281687789984
0.23728771626238115
0.23682929755310853
0.23622279906734808
0.26609592216321837
0.2538491388343838
0.17111842688846898
0.17117170460234485
0.19918050552184968
0.18764178732603523
0.19944241750622185
0.2867866468426562
0.2881281112757503
0.28844231344309373
0.29126342389565
0.28948689866414856
0.2947974543697004
0.29664004126597804
0.29156938019301637
0.29157217085624226
0.302344603549953
0.30152130088803325
0.29988499588941014
0.2979237810169996
0.19996645512242106
0.19459063255504763
0.19053759926240008
0.19187539969638376
0.19098818979405272
0.18944803912712405
0.1887521938672529
0.1908169986726665
0.18587869493141154
0.18768441901863253
0.18569225023537347
0.18445711611989993
0.17951590140751486
0.18088076818360938
0.178235768226666
0.17642505091139388
0.25887284723996334
0.2618167596985073
0.24931012860273724
0.25076435307507555
0.1551047865322238
0.15412024714773845
0.15437920690532925
0.15366346907035183
0.1488645250286329
0.14906283029005818
0.14953486248806425
0.14980884570158495
0.15122945035462715
0.16541295259249367
0.1656870356700801
0.16580715505840263
0.16025244713355696
0.14635967776490197
0.14662873272909935
0.14705243780827928
0.16629920465014736
0.1497443987402401
0.1478859715262129
0.14511186915853636
0.14319005672039403
0.14296760303303674
0.1431430004809109
0.1431826083848641
0.14175103500127595
0.1417500193835108
0.14178564454227766
0.141793426656825
0.14221533001508757
0.14306195389559134
0.14285039104293137
0.14345129478865834
0.1498859307965632
0.1497032279239129
0.14944570556314565
0.1490164292505546
0.1512164719762726
0.15045386965296056
0.14952327444818095
0.1491881618344071
0.15059562828286668
0.15076793941392885
0.20355126248198568
0.26667692667214277
0.27323098224123993
0.23711136435855504
0.3157365546523765
0.30445171869268367
0.24531243495589075
0.24020585458490573
0.23874074573317267
0.23843450652570522
0.1570034095398706
0.17574503550547374
0.17411466784157204
0.1669482895789862
0.28750625800794205
0.24045492022061216
0.23949326413885927
0.2400807863527113
0.26717956802083004
0.25781817041045874
0.26947879423536397
0.2723223736623594
0.26422751983298015
0.2663641022740661
0.26376756492906134
0.2617429740767441
0.26626014509085444
0.26515189154947144
0.26402037536667017
0.2628905830131563
0.27863534525191436
0.28020793822640866
0.2800432831322964
0.27734879614961216
0.30667666503258684
0.3055534821792717
0.3054590877178654
0.30703483964509276
0.31765022696290185
0.3179559904219283
0.31781703446660553
0.1877644216848613
0.178639542037724
0.17789615467410605
0.1773043893671797
0.17389260513011517
0.17022710604573063
0.1722620701655153
0.17056199618173082
0.2751679818548918
0.2556401491890517
0.25953347884496253
0.24706854427456362
0.25038919489913963
0.22616071670913948
0.22686357515244823
0.2283142565644349
0.22897978529457766
0.20409939229743201
0.20382260751277503
0.15236503684393135
0.15168998263561911
0.1509606042343628
0.1653596297888244
0.16594943405847512
0.16633980147297658
0.16040915325557772
0.14639663676781653
0.146446817226579
0.14654905499910803
0.17246529455596918
0.1503762677678819
0.15911932834567713
0.1542141867303509
0.15275735795650974
0.15317278929988334
0.15370265374939213
0.15419856261180048
0.15208442468214983
0.1520468480263225
0.15095148205541
0.1500186757906869
0.15091193558985355
0.15018129879825448
0.14934701337589365
0.14847524113559438
0.15659046646661595
0.1565810084704208
0.15616945725501075
0.15565549486815222
0.15852125524331273
0.15517103332200705
0.15427483882166054
0.15395149359916213
0.15705710206182272
0.15842898750104867
0.16543239685590316
0.16667001591660444
0.23957302484127774
0.2409267344329007
0.24245748628506023
0.24431947515274052
0.2432947982545958
0.24377297651992083
0.24426986223469133
0.24478069384557616
0.22420652259953724
0.23927218728126695
0.23856035926282668
0.23787500122592767
0.2591441367555827
0.24685309103441397
0.2495524248156087
0.25141822756525967
0.2778651063862339
0.2690112313323455
0.28260539849096233
0.2821915946594708
0.28045645039926137
0.28371673318456103
0.2826775803666875
0.28218125343185196
0.19464221524446468
0.19286849305720716
0.186745338389354
0.2738016849282764
0.28976601462892343
0.29291339513989023
0.3001115094959871
0.3313524085170652
0.3274312612093385
0.3227260727226789
0.3230162571231048
0.32439156962471066
0.33614278604543363
0.3342424889163269
0.3344690400712669
0.3278339704186455
0.3139753481288762
0.31290403667857525
0.3156076905207531
0.31379623594628275
0.29814128724048955
0.29657114764866876
0.2955783576127288
0.2978994425481583
0.2624896726936503
0.2694977941393434
0.2595739938679345
0.26091181900067906
0.2365324988550126
0.23769969088021342
0.23769381758471422
0.23591766922645335
0.2112895657813859
0.20687594974747758
0.20450275558662137
0.20232469215951807
0.19214310266577644
0.20661245574585654
0.2071044016699568
0.20743256430326193
0.19377404457062242
0.17952635551906762
0.17926630622522066
0.17909842940649054
0.19861569601295373
0.17612569958736432
0.18321781851194302
0.17800151048300672
0.1441160623038185
0.14341849815821847
0.14306518040036664
0.14311987744079613
0.14187573355153454
0.14183811357898682
0.14208695174664152
0.14219407088847166
0.14203732069466077
0.1421661268944959
0.14223970064527894
0.14232282122202328
0.1958850964611901
0.25171661624442865
0.20568911376363005
0.20343462098697992
0.256089393163164
0.2291106884500346
0.22687400550407924
0.2930524964770757
0.23935029352504114
0.23737008869192264
0.27465353882745
0.24666178630625932
0.2448985453399858
0.24900057176825963
0.2527489768443823
0.2562800837035853
0.2573030406175543
0.2587926832219107
0.2593466864337542
0.3069797645129379
0.15640677385138008
0.17196489775439394
0.19478286215976595
0.16831746799254982
0.18091621454550802
0.16513467289069972
0.1655657543738659
0.16794400670034812
0.19330450597837281
0.18019466798287556
0.18961301326508087
0.27180855385539243
0.18531512339976033
0.18508815265461553
0.18312700390915723
0.18043711917211702
0.17739914328340917
0.17692903817728017
0.17507093012242037
0.18298725911210423
0.22743284938914532
0.33715250111332845
0.3360712027052831
0.29896184535509385
0.32080147021607
0.3200409883791719
0.318203087219484
0.31684520206926364
0.32705612973959064
0.3262331486634163
0.32512291451587755
0.32393178783354454
0.310813181077558
0.3104448711108219
0.3102591266243362
0.31007932717709913
0.29692936792870506
0.2951783932198944
0.2926674476614161
0.2901734004422851
0.259772778766494
0.26683957589122664
0.1623101713161109
0.16292992131990325
0.15896647744627776
0.15866118179220653
0.15846140268734885
0.1614312430825886
0.15478273067360587
0.15095958736982262
0.148933283094497
0.14830255029876357
0.15269424000682497
0.16720670092157894
0.16760652466588882
0.16775227885250582
0.16089385849952348
0.14673310544097823
0.14655764123019477
0.1465228504992985
0.16657436969473186
0.1445463679717137
0.15329310448432254
0.15041742472750289
0.14860246069992383
0.14718060505618005
0.14629497730387875
0.14560134789380152
0.14407746857880385
0.14396361125411944
0.14391705213762315
0.14430493068809128
0.14490341907041931
0.14461714330947537
0.14422639094052078
0.14382925617091338
0.14981546895893458
0.14943905142915812
0.14923541210056349
0.14944064587372982
0.22696608037554777
0.30055553940809643
0.18915570265565146
0.1548073837685948
0.18671676630951312
0.15469552841262782
0.1519079426922868
0.1517687779533843
0.15430858820224624
0.1588173351383581
0.16174214092297498
0.16479193532845385
0.1635097999095044
0.2419086789086527
0.24558717228983104
0.24824253616415723
0.15566562387185026
0.1817723288560159
0.27039949721219625
0.2796441049430759
0.3181468386811637
0.2686100786108086
0.2664633940520796
0.2666172063571694
0.2946061473001646
0.28581771212167706
0.29258199568876464
0.28930601441818904
0.2837116735631201
0.28455132107537334
0.27950720593347317
0.2763947414549371
0.18690510991310907
0.1808231047470586
0.17670301265875066
0.17305435681023174
0.17585644905797343
0.17425916829548363
0.17186805075803832
0.1728549746628427
0.1789509463974048
0.1786320797889298
0.1790184475609065
0.29658546459876134
0.3117288052603637
0.3132241034718145
0.31332214741259073
0.3141943481853968
0.30294386316270655
0.30512289399066206
0.3072258519305995
0.3091752046768659
0.2952907118375977
0.2946660025279075
0.29437052064907604
0.2935153959766571
0.2622957549717798
0.26947880089781207
0.2576628972150563
0.25998699704754474
0.23633723081130423
0.2385553155622352
0.23810774094865442
0.2354591349257187
0.2093078277379499
0.21151422024451016
0.15716187006187116
0.1554251989387897
0.1503141941351074
0.16421431794570807
0.16467064202134515
0.16558488111501646
0.1606723807364042
0.14639918296703766
0.14613943201779972
0.14612106985204046
0.17101640235833349
0.15150264245392997
0.16366647653228325
0.1614927412626573
0.15916515243673626
0.1575711076457002
0.1561761932349076
0.15486717042688788
0.152784506182845
0.1521158741859393
0.15149743381461084
0.1513460180027175
0.15321749316878716
0.15329026325974823
0.15332178623357753
0.1533550447089648
0.15986882935372873
0.15866659554289098
0.15706520437710103
0.156103515777764
0.15852477627944273
0.15773310105623403
0.23215830342468166
0.23299407264651661
0.23535665706316572
0.2356523680452028
0.2465107380097029
0.28814414667679733
0.285891729031103
0.1706127351208058
0.16508037421326516
0.16345547205956204
0.16005772080956596
0.15908680334366698
0.1591049949437586
0.15813101131885526
0.1545566823424607
0.17187016942158706
0.17028309816783163
0.16944186595651387
0.1692864331773458
0.15039911963596236
0.15007574255539
0.149765998430336
0.1789594118520304
0.15621780700620266
0.25692438367883874
0.25735198932559494
0.26264360934348313
0.2946712232004247
0.26005249319481444
0.25629049292424044
0.25753835720148943
0.2522027919487777
0.24702795089904098
0.24201820305236582
0.2573279428904199
0.2573279997151809
0.2571593936988484
0.3084149466052626
0.29335615293748285
0.29560176154086504
0.37199117020422895
0.31760985245015244
0.31967057455567804
0.3651627592081517
0.32145579250282413
0.3126163807591555
0.3747990554186766
0.3287274531073325
0.30454617971319875
0.34185723045226135
0.2900447994769057
0.2892738679534815
0.362252658841261
0.2984727892807253
0.2586464129629545
0.33204310032545353
0.32360797419806536
0.26085130424466474
0.1556767491691457
0.15543040324103885
0.15222246491096422
0.15208784962738534
0.1488299416836947
0.149125843844903
0.1494916175958353
0.14986555088330283
0.1521661750376368
0.16631307441577756
0.16652624882409045
0.1666300978575344
0.16176188124375282
0.14795205578327764
0.14817515256963318
0.1485168140186933
0.16359092286734175
0.14540912955161792
0.1466446457056764
0.14546233910798181
0.14395471257812711
0.1449022034704785
0.14467912356673374
0.14493772256901136
0.142375965235279
0.14145564472007077
0.1416006214561215
0.14201915075666074
0.14176460136256833
0.14199936722122242
0.142085996641652
0.1424947471179711
0.1448624852329992
0.14423269833213828
0.14429837337205995
0.144383048870385
0.14738343577238308
0.14844312900098436
0.15062461462206916
0.15303822161717082
0.23321723015420273
0.23835798364307287
0.3356573710373797
0.8475701319995325
0.2518730713074994
0.25508464258332625
0.25722872571447647
0.2594657123861301
0.25941739355633425
0.3116920070921736
0.26588181306509334
0.26367090123700737
0.24735184344450886
0.24768355249268262
0.26852726717248027
0.2650288909034473
0.27870632621649744
0.26214101919300276
0.26336987276977397
0.2646810819000714
0.29169827629787615
0.28606060347931916
0.2987795120716623
0.289964524223423
0.2893716821811949
0.28729900463950886
0.29050810506149527
0.2946688910800126
0.2926218854468782
0.28994214205743113
0.28638318964825843
0.28294972691099
0.2959706938037754
0.2955227330504075
0.3052654534951477
0.33476057646687657
0.3265032001202937
0.31962010530646695
0.3167987822708096
0.3154096585938334
0.327018744275213
0.3263035913906901
0.32435970975294137
0.31703833531228853
0.3052038184128281
0.3046803775523121
0.30649114257804455
0.30753184140104456
0.2941786308149611
0.29389196789406274
0.29383604199725577
0.29382266758061854
0.26132720533259934
0.2684883593325398
0.2561791366035072
0.25812883186366875
0.23292600560341098
0.2356718487477219
0.23766739585454225
0.23740283766220274
0.15721861109471053
0.15515230982962844
0.15508565857899984
0.15474873394079183
0.15114466532265958
0.16612960573793772
0.1671110099088673
0.16699024961036824
0.1611108977105276
0.14680784038502825
0.14669214596690022
0.14668283775694468
0.16463583710062188
0.15161088245640766
0.15094939457487075
0.14902263551512698
0.14694165931362754
0.14693985876283472
0.1467041887396151
0.1463997015290048
0.17485711354830163
0.1745772291518902
0.17405938564841425
0.17360378236371027
0.17917367380954694
0.1789695470660411
0.17809374839545059
0.17725585553283094
0.20304298421238162
0.20545094180117987
0.20652209872784189
0.20775837687912618
0.23110012695360013
0.23040802564310092
0.22931043600803883
0.23121420700104184
0.23798629627131207
0.23543547794798533
0.23839198504337744
0.2372040254584121
0.23815510630301778
0.23679097967272378
0.24142176311306052
0.2413899148900907
0.24077774135492813
0.2440111875908779
0.24710753487592935
0.2501313856687439
0.22575050697720736
0.23843920177724132
0.23795153588645135
0.23850144954435
0.2653186520373142
0.2513161078032745
0.25438756239952637
0.2570701458565564
0.1964446888165512
0.1952902513063881
0.1939849033000916
0.1902269886995439
0.18996235047195503
0.19017678842661148
0.1897131100842994
0.18849842056681596
0.18661459773428488
0.18097255167413742
0.1781661676974093
0.1760790714481372
0.17995071668015952
0.17251527924910584
0.16857522344338144
0.16960032678364606
0.17455621310003533
0.17258264944920462
0.1712649570491397
0.16920944653368258
0.17117723538700064
0.1693496971353384
0.1674674075043916
0.1750275632281735
0.2085828347561818
0.3345654492787238
0.3350019300136398
0.3002473182538684
0.28176579568556653
0.27936961890633305
0.27792274503446673
0.276817906019976
0.25233958484395563
0.25141797513515945
0.2401745330126322
0.24226179740953815
0.21788829643974025
0.2181203280070417
0.21835379724443169
0.2187322105506782
0.19618602047981287
0.19940693078403182
0.20161489693603285
0.19976365710780558
0.19129427389198875
0.20591149274105058
0.2065893356451776
0.20715043661867175
0.16036311679190762
0.14630100326913592
0.1461855243002951
0.14627784985118247
0.166526527845204
0.14518441628609224
0.15391713156857495
0.15138699924496546
0.14812758705606485
0.14648061701319495
0.14505049402062128
0.14419434620991575
0.14268829670430125
0.14271218078726985
0.1424330381369903
0.14257098817518296
0.14287373891968486
0.14235078897989564
0.14168074304587783
0.14168076762789975
0.14543809463231885
0.1460444780558771
0.14578845244404634
0.14611731699531655
0.14879194997663503
0.1484418835982642
0.14849191697221495
0.14859972774859279
0.15117864089653565
0.153465127843218
0.15665570439231996
0.16052963197315812
0.1635916677343212
0.16747104921159667
0.1705762378211378
0.17322055085229995
0.17286694176692385
0.17430906460340903
0.1755947749020946
0.1762882408004641
0.15612567297418664
0.16962959716543716
0.16943831703974255
0.16927235300543997
0.2537076619384769
0.23857941016917422
0.24172390496283064
0.24565253346892546
0.2747145691283554
0.2647172574897484
0.27604930762353885
0.2751157672787283
0.2729041066026201
0.27404128830466035
0.2752931218085053
0.19278632260841913
0.1882200718414424
0.18589017071251232
0.18305387823454183
0.18158228961027234
0.28270248747519183
0.2813070823871877
0.27890875502359175
0.27531797058645574
0.3057356005392633
0.3055731076276635
0.3028621316044077
0.3040639807716803
0.3158072232579207
0.3129665575865324
0.3118147295641265
0.31081007981028747
0.2978364146614124
0.29828583570850653
0.2987910521378065
0.29926849941018685
0.29046101251555234
0.286812924542192
0.2866987591543888
0.284404571269387
0.25871634030956653
0.2637655464621902
0.2550421507487854
0.2558618742810805
0.23205174910599144
0.22726604566574013
0.2261079018354884
0.22532310340957162
0.1994467554496025
0.1975754771186399
0.1965632155949885
0.19587102341359686
0.1521862788675137
0.16681420735835403
0.16720565920617625
0.1674040979986987
0.16262783529207095
0.1487828217650059
0.14885361089282073
0.14892542730486905
0.1557764527312465
0.14640802491204416
0.14499628992961053
0.14503344065586155
0.14431091514448652
0.1449784790161502
0.1456536377823989
0.14618390572982895
0.14512233962302276
0.14532008115541054
0.14549172154248383
0.14565071622313902
0.17766079556682957
0.17701199567469184
0.17632686720032734
0.17579495975502427
0.19359605052021575
0.19406995383800596
0.1947160939822582
0.19543606669005373
0.21611740930860826
0.2155184600709537
0.2150158650906726
0.2157491950430101
0.21835213632504147
0.2194931277496733
0.22091329824713724
0.22311525462852738
0.2234634367346171
0.22757620732960399
0.230442732619293
0.23453643041453823
0.23277333384458757
0.23371370753135956
0.23419134620318252
0.2367124074526528
0.22579156576124518
0.23888786386131014
0.2386673372441269
0.2395516499656244
0.26405370389762767
0.2507679922435955
0.2536440284852502
0.25613400074542353
0.27813503822559515
0.2817505442237414
0.28409067826765244
0.28417598168036795
0.28255234828694664
0.2826724886375067
0.28683688134531143
0.2832197416900976
0.2876643629531436
0.28687164032951307
0.282544038023729
0.2816357101905299
0.2971608223503917
0.28980418143340425
0.2892954548777383
0.285053835403456
0.30823199268274115
0.3071569485066689
0.30861187486202946
0.30554926343194616
0.3180839649901615
0.3168396146553486
0.3145833191980194
0.31343258683338093
0.30261894500429043
0.299287921039523
0.18274259391339723
0.17819501432179236
0.17429744400126962
0.17273088634036252
0.17135399318634464
0.17007130199380457
0.16604239488968264
0.15727881343268893
0.15633470453231108
0.15575910598326168
0.1536975721157165
0.1537134692969901
0.15418002346795004
0.1543441065300547
0.15057764121370143
0.1509237051334787
0.15108524993883546
0.15122783877173215
0.15618376661097172
0.17068677625194129
0.17101801414730863
0.17115726556625313
0.16379821871741923
0.14982089083528327
0.1501142613141786
0.15062009390519912
0.1560253843238915
0.14632360479265044
0.14623245394239082
0.1469042275139266
0.14574974114483
0.14591229516205334
0.14607732584171523
0.14623462314153696
0.14499129896066915
0.14506859348387
0.14513365079360854
0.1451950147908896
0.14470182184029137
0.14459783885230945
0.14448469800837652
0.14437446620518535
0.1463937512496953
0.14654728746627554
0.14678611635295727
0.1469669505251638
0.149474886454872
0.1493710481825478
0.14915551512691202
0.14886837137656778
0.15048635832220744
0.14986789437626147
0.14960372288992663
0.15195737573452414
0.15381878844106334
0.1567534501133549
0.15914876465922295
0.16070777093661803
0.1599453822128886
0.16090004108198008
0.16140346493197028
0.16151003673356007
0.1564863918800861
0.24156169820394902
0.24014311087640544
0.2392746592227738
0.29628268665066565
0.24751119567420024
0.24859123761394417
0.2181075957232644
0.19516438614050294
0.18903593177261643
0.19036411965929276
0.19015994761091126
0.1891711598836734
0.18807708128896483
0.18710215436771438
0.18560660393763745
0.18371768645998496
0.18485429683421303
0.19102163934309566
0.21264222294923132
0.28707166861590067
0.2838077172848943
0.2816516521678498
0.2788431359729575
0.30480459140049393
0.30399201358687256
0.30310668222388565
0.3021335574474333
0.31193719371648165
0.3109927719489609
0.3097218581430809
0.30885003425340707
0.2940581935809164
0.29249894012585315
0.29089339837489087
0.2905342373944206
0.27861452209468807
0.2805318617181496
0.28026411262301987
0.2815742394298265
0.25653387036803305
0.2625369215349798
0.2519832728576219
0.25506018738812997
0.22638096116618567
0.22594452726316214
0.22594473942845567
0.22601891612080022
0.20076169586899725
0.2344623507544283
0.20117284838808566
0.16598794206619405
0.15161361940884477
0.16824920333445997
0.16798932486134247
0.16854567290846711
0.16134750142559431
0.1469010374219851
0.14656566809977054
0.14632792806750544
0.16430967508572625
0.15090976578067258
0.14849168311129982
0.1458371134182096
0.1442271616758756
0.1441244614640101
0.14413939388192443
0.14387475573848899
0.1426402349176141
0.14214849551533396
0.14191833120447966
0.14191412328179473
0.14203548697611942
0.14188972017438964
0.14193266266851348
0.14195069148359382
0.14593839322874655
0.1462156666556703
0.20724356199813157
0.3065177338393129
0.2848861620914128
0.2756832904886488
0.24073456316465844
0.23663888263197444
0.23809524501760213
0.2396062447483314
0.24069942473379147
0.24275655471293353
0.24168350224771562
0.24436638305018435
0.24705357196476793
0.24973701928337538
0.2512519240299144
0.25377100610881476
0.25519032481513687
0.25972852084295855
0.2263792114342925
0.23885844966315864
0.17015151322752892
0.16960137265627323
0.18642900047955588
0.164740422841557
0.1654004786999922
0.16611180504121967
0.1988846210803431
0.18398680905666392
0.19290443638707722
0.19176994437589812
0.18968662571800882
0.18893314307076578
0.18720220070332694
0.18536420072761045
0.1802547057969985
0.17939507581890937
0.17768449787420232
0.17647880852452005
0.17722986633761478
0.17268225200589238
0.1681812949651268
0.1631551612182402
0.1682039874796544
0.1664362137664127
0.1657683029316267
0.1643185344720134
0.16543157977234416
0.16355101986273737
0.16179407674455148
0.1608760090273159
0.15830625808784207
0.15865844277297306
0.16633244772075176
0.19830348549003268
0.2664583902042997
0.264858533302647
0.2644398750397513
0.26422779480572706
0.24982201316261532
0.24215252193849662
0.2398222771266053
0.23965004442930615
0.2172148763781818
0.21722427215585616
0.15492518951244702
0.15522338428974625
0.151154814808932
0.1505503936925716
0.15009684297033954
0.1496880538417642
0.1545659515809592
0.16894316237332127
0.1691614732008711
0.16919775014406963
0.1626069532831885
0.14835419110146228
0.14824291941160325
0.14829035608136185
0.1592432871106717
0.14575060418266095
0.1453235865848825
0.1454649087758196
0.14422942783166784
0.14444663385313214
0.1446608821779026
0.14488135633878685
0.14359720004966117
0.1436252986161204
0.14363745007638518
0.14442138011928352
0.14383444561934108
0.14362441214523095
0.14337451672728474
0.14313300002258517
0.14517413541805163
0.1454293189800904
0.14565012323919624
0.14593238812089307
0.1495507192176616
0.15080209708535894
0.15213737406756084
0.15353860296198152
0.2222514808307558
0.2219124445662096
0.22157426853647905
0.22098938513441815
0.21823909502196118
0.21799067750646045
0.21823283530914805
0.21876140002026292
0.21788744685337832
0.21826941427918464
0.21838337886016268
0.21908524156511974
0.2258504853649639
0.24361081649834665
0.24274492028855602
0.24164547941926967
0.17211572892214924
0.15346284572514335
0.15360169812774915
0.154435386900107
0.18346889866765975
0.24904054776713683
0.24953812535873587
0.24866223315607036
0.2466454506523937
0.2477300864699702
0.2492599870550379
0.2492987815541648
0.2570163858865041
0.25544766630336724
0.1655968884819817
0.16207780302311509
0.16345943810179822
0.25859296035125745
0.25886096620625937
0.25740412342779195
0.2825902174669287
0.28349919041773
0.2810581685218938
0.2796357117908335
0.2874496983943467
0.286964716948886
0.28270825696533014
0.27695787451888476
0.263713702706989
0.2642445752056748
0.26461690578611796
0.2648672824804197
0.2529542615993824
0.26267043781957083
0.3007119152452609
0.3094685087628475
0.2713127139778915
0.24042064894264528
0.15993068523637421
0.1620866251056372
0.15967603989148546
0.16049612115343975
0.1606177093943061
0.1606343082822439
0.1557950651671977
0.15453669283617294
0.15313070886891753
0.15199953055721005
